0.01000, 0.001000, -0.3587
0.02000, 0.002000, -2.472
0.03000, 0.003000, -3.201
0.04000, 0.004000, -3.836
0.05000, 0.005000, -2.475
0.06000, 0.006000, -3.993
0.07000, 0.007000, -4.821
0.08000, 0.008000, -4.263
0.09000, 0.009000, -6.079
0.1000, 0.01000, -4.664
0.1100, 0.01100, -4.292
0.1200, 0.01200, -3.880
0.1300, 0.01300, -4.973
0.1400, 0.01400, -3.372
0.1500, 0.01500, -4.131
0.1600, 0.01600, -3.710
0.1700, 0.01700, -4.159
0.1800, 0.01800, -3.765
0.1900, 0.01900, -3.767
0.2000, 0.02000, -4.654
0.2100, 0.02100, -3.941
0.2200, 0.02200, -3.357
0.2300, 0.02300, -4.759
0.2400, 0.02400, -4.761
0.2500, 0.02500, -2.717
0.2600, 0.02600, -3.603
0.2700, 0.02700, -3.613
0.2800, 0.02800, -4.976
0.2900, 0.02900, -5.177
0.3000, 0.03000, -4.030
0.3100, 0.03100, -2.985
0.3200, 0.03200, -5.294
0.3300, 0.03300, -4.860
0.3400, 0.03400, -3.228
0.3500, 0.03500, -5.253
0.3600, 0.03600, -3.682
0.3700, 0.03700, -4.526
0.3800, 0.03800, -4.207
0.3900, 0.03900, -4.945
0.4000, 0.04000, -4.554
0.4100, 0.04100, -3.714
0.4200, 0.04200, -4.040
0.4300, 0.04300, -4.672
0.4400, 0.04400, -3.497
0.4500, 0.04500, -4.601
0.4600, 0.04600, -3.990
0.4700, 0.04700, -3.986
0.4800, 0.04800, -4.528
0.4900, 0.04900, -4.682
0.5000, 0.05000, -4.221
0.5100, 0.05100, -4.830
0.5200, 0.05200, -3.429
0.5300, 0.05300, -3.280
0.5400, 0.05400, -4.166
0.5500, 0.05500, -3.814
0.5600, 0.05600, -4.620
0.5700, 0.05700, -3.629
0.5800, 0.05800, -3.597
0.5900, 0.05900, -3.932
0.6000, 0.06000, -4.092
0.6100, 0.06100, -4.480
0.6200, 0.06200, -3.508
0.6300, 0.06300, -4.462
0.6400, 0.06400, -4.656
0.6500, 0.06500, -4.539
0.6600, 0.06600, -6.060
0.6700, 0.06700, -3.693
0.6800, 0.06800, -4.697
0.6900, 0.06900, -4.547
0.7000, 0.07000, -4.337
0.7100, 0.07100, -4.325
0.7200, 0.07200, -4.211
0.7300, 0.07300, -4.252
0.7400, 0.07400, -2.867
0.7500, 0.07500, -4.458
0.7600, 0.07600, -3.353
0.7700, 0.07700, -5.044
0.7800, 0.07800, -4.106
0.7900, 0.07900, -5.441
0.8000, 0.08000, -4.288
0.8100, 0.08100, -3.636
0.8200, 0.08200, -2.765
0.8300, 0.08300, -4.028
0.8400, 0.08400, -3.490
0.8500, 0.08500, -2.458
0.8600, 0.08600, -3.914
0.8700, 0.08700, -3.419
0.8800, 0.08800, -2.982
0.8900, 0.08900, -3.672
0.9000, 0.09000, -5.262
0.9100, 0.09100, -2.807
0.9200, 0.09200, -4.571
0.9300, 0.09300, -5.541
0.9400, 0.09400, -4.395
0.9500, 0.09500, -4.006
0.9600, 0.09600, -3.846
0.9700, 0.09700, -4.354
0.9800, 0.09800, -2.755
0.9900, 0.09900, -4.353
1.000, 0.1000, -2.912
1.010, 0.1010, -4.569
1.020, 0.1020, -3.107
1.030, 0.1030, -4.835
1.040, 0.1040, -3.402
1.050, 0.1050, -3.857
1.060, 0.1060, -4.916
1.070, 0.1070, -4.800
1.080, 0.1080, -4.269
1.090, 0.1090, -3.692
1.100, 0.1100, -4.510
1.110, 0.1110, -4.294
1.120, 0.1120, -3.677
1.130, 0.1130, -3.506
1.140, 0.1140, -3.432
1.150, 0.1150, -1.521
1.160, 0.1160, -3.928
1.170, 0.1170, -2.980
1.180, 0.1180, -3.356
1.190, 0.1190, -3.491
1.200, 0.1200, -5.314
1.210, 0.1210, -3.756
1.220, 0.1220, -3.925
1.230, 0.1230, -3.835
1.240, 0.1240, -2.617
1.250, 0.1250, -3.561
1.260, 0.1260, -2.293
1.270, 0.1270, -3.187
1.280, 0.1280, -3.888
1.290, 0.1290, -4.003
1.300, 0.1300, -3.844
1.310, 0.1310, -3.966
1.320, 0.1320, -3.598
1.330, 0.1330, -4.570
1.340, 0.1340, -2.764
1.350, 0.1350, -3.081
1.360, 0.1360, -4.206
1.370, 0.1370, -3.835
1.380, 0.1380, -3.530
1.390, 0.1390, -2.229
1.400, 0.1400, -2.737
1.410, 0.1410, -3.685
1.420, 0.1420, -3.982
1.430, 0.1430, -2.757
1.440, 0.1440, -3.032
1.450, 0.1450, -3.364
1.460, 0.1460, -2.375
1.470, 0.1470, -4.590
1.480, 0.1480, -1.027
1.490, 0.1490, -3.643
1.500, 0.1500, -3.381
1.510, 0.1510, -3.288
1.520, 0.1520, -1.165
1.530, 0.1530, -3.005
1.540, 0.1540, -2.312
1.550, 0.1550, -3.062
1.560, 0.1560, -3.079
1.570, 0.1570, -3.212
1.580, 0.1580, -1.733
1.590, 0.1590, -1.921
1.600, 0.1600, -2.616
1.610, 0.1610, -2.641
1.620, 0.1620, -1.511
1.630, 0.1630, -3.660
1.640, 0.1640, -3.320
1.650, 0.1650, -2.942
1.660, 0.1660, -2.272
1.670, 0.1670, -5.056
1.680, 0.1680, -1.448
1.690, 0.1690, -2.319
1.700, 0.1700, -0.8450
1.710, 0.1710, -1.655
1.720, 0.1720, -1.794
1.730, 0.1730, -1.133
1.740, 0.1740, -1.072
1.750, 0.1750, -2.525
1.760, 0.1760, -2.927
1.770, 0.1770, -0.8330
1.780, 0.1780, -2.391
1.790, 0.1790, -3.050
1.800, 0.1800, -0.8236
1.810, 0.1810, -1.531
1.820, 0.1820, -2.263
1.830, 0.1830, -0.2188
1.840, 0.1840, -0.6685
1.850, 0.1850, -1.798
1.860, 0.1860, -0.1281
1.870, 0.1870, -0.9159
1.880, 0.1880, -0.4438
1.890, 0.1890, -1.295
1.900, 0.1900, -1.316
1.910, 0.1910, -2.497
1.920, 0.1920, -2.581
1.930, 0.1930, -1.372
1.940, 0.1940, -1.675
1.950, 0.1950, -1.648
1.960, 0.1960, -1.156
1.970, 0.1970, -0.5418
1.980, 0.1980, -1.184
1.990, 0.1990, -2.016
2.000, 0.2000, -2.834
2.010, 0.2010, -1.807
2.020, 0.2020, -0.7794
2.030, 0.2030, -1.461
2.040, 0.2040, -2.145
2.050, 0.2050, -2.646
2.060, 0.2060, -0.5256
2.070, 0.2070, -0.8431
2.080, 0.2080, -1.164
2.090, 0.2090, -0.8125
2.100, 0.2100, -0.9832
2.110, 0.2110, -1.923
2.120, 0.2120, -0.4430
2.130, 0.2130, -0.3903
2.140, 0.2140, -0.2995
2.150, 0.2150, -1.376
2.160, 0.2160, -2.221
2.170, 0.2170, -1.255
2.180, 0.2180, -1.151
2.190, 0.2190, -2.337
2.200, 0.2200, -0.8206
2.210, 0.2210, -2.104
2.220, 0.2220, -2.312
2.230, 0.2230, -2.034
2.240, 0.2240, -0.2369
2.250, 0.2250, -1.106
2.260, 0.2260, -0.8963
2.270, 0.2270, -1.348
2.280, 0.2280, -1.344
2.290, 0.2290, -1.186
2.300, 0.2300, -1.446
2.310, 0.2310, -1.874
2.320, 0.2320, -3.473
2.330, 0.2330, -1.973
2.340, 0.2340, -1.901
2.350, 0.2350, -1.334
2.360, 0.2360, -1.100
2.370, 0.2370, -2.091
2.380, 0.2380, -2.836
2.390, 0.2390, -3.162
2.400, 0.2400, -3.836
2.410, 0.2410, -3.164
2.420, 0.2420, -1.997
2.430, 0.2430, -3.492
2.440, 0.2440, -3.484
2.450, 0.2450, -3.978
2.460, 0.2460, -2.152
2.470, 0.2470, -3.043
2.480, 0.2480, -4.313
2.490, 0.2490, -3.462
2.500, 0.2500, -1.984
2.510, 0.2510, -2.338
2.520, 0.2520, -4.411
2.530, 0.2530, -3.337
2.540, 0.2540, -3.349
2.550, 0.2550, -3.168
2.560, 0.2560, -3.687
2.570, 0.2570, -3.550
2.580, 0.2580, -4.444
2.590, 0.2590, -3.563
2.600, 0.2600, -3.834
2.610, 0.2610, -2.033
2.620, 0.2620, -3.001
2.630, 0.2630, -3.682
2.640, 0.2640, -3.658
2.650, 0.2650, -5.225
2.660, 0.2660, -3.664
2.670, 0.2670, -3.541
2.680, 0.2680, -2.809
2.690, 0.2690, -3.251
2.700, 0.2700, -2.691
2.710, 0.2710, -4.287
2.720, 0.2720, -3.556
2.730, 0.2730, -4.646
2.740, 0.2740, -3.767
2.750, 0.2750, -3.618
2.760, 0.2760, -4.629
2.770, 0.2770, -5.017
2.780, 0.2780, -3.667
2.790, 0.2790, -2.405
2.800, 0.2800, -4.295
2.810, 0.2810, -2.294
2.820, 0.2820, -4.800
2.830, 0.2830, -4.301
2.840, 0.2840, -4.877
2.850, 0.2850, -5.113
2.860, 0.2860, -4.261
2.870, 0.2870, -4.148
2.880, 0.2880, -2.189
2.890, 0.2890, -5.048
2.900, 0.2900, -4.677
2.910, 0.2910, -3.889
2.920, 0.2920, -2.604
2.930, 0.2930, -4.254
2.940, 0.2940, -3.910
2.950, 0.2950, -4.826
2.960, 0.2960, -4.934
2.970, 0.2970, -3.560
2.980, 0.2980, -4.916
2.990, 0.2990, -3.617
3.000, 0.3000, -3.580
3.010, 0.3010, -4.932
3.020, 0.3020, -4.951
3.030, 0.3030, -5.901
3.040, 0.3040, -5.108
3.050, 0.3050, -6.042
3.060, 0.3060, -4.278
3.070, 0.3070, -4.081
3.080, 0.3080, -5.931
3.090, 0.3090, -4.381
3.100, 0.3100, -4.100
3.110, 0.3110, -4.190
3.120, 0.3120, -4.358
3.130, 0.3130, -3.692
3.140, 0.3140, -3.690
3.150, 0.3150, -4.189
3.160, 0.3160, -4.174
3.170, 0.3170, -4.554
3.180, 0.3180, -2.643
3.190, 0.3190, -5.215
3.200, 0.3200, -5.415
3.210, 0.3210, -4.529
3.220, 0.3220, -2.869
3.230, 0.3230, -5.132
3.240, 0.3240, -4.198
3.250, 0.3250, -3.207
3.260, 0.3260, -3.676
3.270, 0.3270, -5.929
3.280, 0.3280, -4.003
3.290, 0.3290, -4.600
3.300, 0.3300, -5.411
3.310, 0.3310, -4.770
3.320, 0.3320, -3.914
3.330, 0.3330, -3.970
3.340, 0.3340, -4.853
3.350, 0.3350, -4.123
3.360, 0.3360, -3.889
3.370, 0.3370, -4.140
3.380, 0.3380, -5.175
3.390, 0.3390, -5.031
3.400, 0.3400, -5.699
3.410, 0.3410, -5.009
3.420, 0.3420, -4.569
3.430, 0.3430, -4.088
3.440, 0.3440, -3.562
3.450, 0.3450, -5.062
3.460, 0.3460, -3.920
3.470, 0.3470, -5.033
3.480, 0.3480, -4.312
3.490, 0.3490, -3.726
3.500, 0.3500, -5.846
3.510, 0.3510, -3.183
3.520, 0.3520, -4.989
3.530, 0.3530, -4.574
3.540, 0.3540, -3.824
3.550, 0.3550, -4.427
3.560, 0.3560, -5.641
3.570, 0.3570, -4.042
3.580, 0.3580, -2.385
3.590, 0.3590, -6.000
3.600, 0.3600, -4.320
3.610, 0.3610, -4.124
3.620, 0.3620, -3.639
3.630, 0.3630, -5.263
3.640, 0.3640, -5.082
3.650, 0.3650, -4.421
3.660, 0.3660, -3.711
3.670, 0.3670, -5.610
3.680, 0.3680, -3.550
3.690, 0.3690, -4.959
3.700, 0.3700, -5.894
3.710, 0.3710, -4.821
3.720, 0.3720, -6.371
3.730, 0.3730, -4.173
3.740, 0.3740, -4.857
3.750, 0.3750, -5.500
3.760, 0.3760, -3.938
3.770, 0.3770, -4.747
3.780, 0.3780, -4.632
3.790, 0.3790, -6.175
3.800, 0.3800, -3.331
3.810, 0.3810, -4.058
3.820, 0.3820, -4.641
3.830, 0.3830, -3.484
3.840, 0.3840, -3.960
3.850, 0.3850, -4.616
3.860, 0.3860, -4.471
3.870, 0.3870, -3.540
3.880, 0.3880, -2.538
3.890, 0.3890, -5.066
3.900, 0.3900, -4.165
3.910, 0.3910, -7.199
3.920, 0.3920, -4.360
3.930, 0.3930, -3.813
3.940, 0.3940, -4.032
3.950, 0.3950, -4.132
3.960, 0.3960, -4.138
3.970, 0.3970, -4.795
3.980, 0.3980, -3.448
3.990, 0.3990, -4.943
4.000, 0.4000, -4.856
4.010, 0.4010, -5.097
4.020, 0.4020, -4.561
4.030, 0.4030, -4.372
4.040, 0.4040, -4.316
4.050, 0.4050, -3.830
4.060, 0.4060, -3.768
4.070, 0.4070, -3.917
4.080, 0.4080, -4.442
4.090, 0.4090, -3.577
4.100, 0.4100, -4.138
4.110, 0.4110, -4.029
4.120, 0.4120, -4.617
4.130, 0.4130, -3.948
4.140, 0.4140, -3.903
4.150, 0.4150, -4.146
4.160, 0.4160, -5.191
4.170, 0.4170, -3.578
4.180, 0.4180, -3.504
4.190, 0.4190, -4.012
4.200, 0.4200, -4.322
4.210, 0.4210, -4.314
4.220, 0.4220, -4.256
4.230, 0.4230, -5.921
4.240, 0.4240, -5.722
4.250, 0.4250, -3.974
4.260, 0.4260, -4.418
4.270, 0.4270, -4.046
4.280, 0.4280, -4.353
4.290, 0.4290, -3.470
4.300, 0.4300, -6.174
4.310, 0.4310, -5.574
4.320, 0.4320, -4.483
4.330, 0.4330, -4.775
4.340, 0.4340, -5.537
4.350, 0.4350, -5.978
4.360, 0.4360, -4.209
4.370, 0.4370, -4.815
4.380, 0.4380, -4.373
4.390, 0.4390, -4.367
4.400, 0.4400, -3.601
4.410, 0.4410, -4.833
4.420, 0.4420, -3.902
4.430, 0.4430, -4.795
4.440, 0.4440, -4.324
4.450, 0.4450, -3.942
4.460, 0.4460, -4.810
4.470, 0.4470, -3.640
4.480, 0.4480, -4.419
4.490, 0.4490, -4.403
4.500, 0.4500, -3.693
4.510, 0.4510, -4.878
4.520, 0.4520, -4.163
4.530, 0.4530, -4.012
4.540, 0.4540, -4.631
4.550, 0.4550, -4.436
4.560, 0.4560, -3.903
4.570, 0.4570, -3.652
4.580, 0.4580, -3.564
4.590, 0.4590, -5.048
4.600, 0.4600, -2.026
4.610, 0.4610, -4.078
4.620, 0.4620, -4.283
4.630, 0.4630, -3.500
4.640, 0.4640, -4.919
4.650, 0.4650, -5.876
4.660, 0.4660, -4.530
4.670, 0.4670, -5.077
4.680, 0.4680, -4.090
4.690, 0.4690, -4.840
4.700, 0.4700, -4.845
4.710, 0.4710, -4.516
4.720, 0.4720, -4.006
4.730, 0.4730, -2.214
4.740, 0.4740, -3.774
4.750, 0.4750, -4.185
4.760, 0.4760, -4.819
4.770, 0.4770, -4.233
4.780, 0.4780, -5.202
4.790, 0.4790, -5.413
4.800, 0.4800, -4.494
4.810, 0.4810, -4.468
4.820, 0.4820, -4.593
4.830, 0.4830, -4.237
4.840, 0.4840, -3.685
4.850, 0.4850, -3.485
4.860, 0.4860, -4.798
4.870, 0.4870, -3.899
4.880, 0.4880, -3.189
4.890, 0.4890, -4.037
4.900, 0.4900, -4.962
4.910, 0.4910, -5.759
4.920, 0.4920, -3.348
4.930, 0.4930, -4.519
4.940, 0.4940, -4.017
4.950, 0.4950, -4.572
4.960, 0.4960, -2.501
4.970, 0.4970, -5.011
4.980, 0.4980, -3.414
4.990, 0.4990, -4.250
5.000, 0.5000, -4.257
5.010, 0.5010, -4.962
5.020, 0.5020, -4.968
5.030, 0.5030, -3.818
5.040, 0.5040, -4.228
5.050, 0.5050, -3.402
5.060, 0.5060, -4.197
5.070, 0.5070, -4.356
5.080, 0.5080, -3.653
5.090, 0.5090, -5.045
5.100, 0.5100, -3.950
5.110, 0.5110, -6.720
5.120, 0.5120, -3.703
5.130, 0.5130, -3.188
5.140, 0.5140, -3.858
5.150, 0.5150, -4.387
5.160, 0.5160, -4.649
5.170, 0.5170, -4.539
5.180, 0.5180, -4.111
5.190, 0.5190, -5.122
5.200, 0.5200, -4.079
5.210, 0.5210, -3.820
5.220, 0.5220, -3.916
5.230, 0.5230, -4.298
5.240, 0.5240, -5.155
5.250, 0.5250, -4.015
5.260, 0.5260, -4.070
5.270, 0.5270, -4.041
5.280, 0.5280, -4.062
5.290, 0.5290, -4.356
5.300, 0.5300, -4.259
5.310, 0.5310, -4.313
5.320, 0.5320, -4.760
5.330, 0.5330, -4.224
5.340, 0.5340, -3.622
5.350, 0.5350, -5.685
5.360, 0.5360, -3.235
5.370, 0.5370, -2.861
5.380, 0.5380, -4.539
5.390, 0.5390, -4.803
5.400, 0.5400, -5.013
5.410, 0.5410, -4.213
5.420, 0.5420, -3.861
5.430, 0.5430, -4.144
5.440, 0.5440, -3.717
5.450, 0.5450, -5.903
5.460, 0.5460, -3.511
5.470, 0.5470, -5.067
5.480, 0.5480, -4.309
5.490, 0.5490, -4.456
5.500, 0.5500, -3.306
5.510, 0.5510, -4.539
5.520, 0.5520, -4.527
5.530, 0.5530, -3.714
5.540, 0.5540, -3.411
5.550, 0.5550, -4.815
5.560, 0.5560, -4.393
5.570, 0.5570, -4.934
5.580, 0.5580, -5.089
5.590, 0.5590, -3.588
5.600, 0.5600, -4.392
5.610, 0.5610, -4.767
5.620, 0.5620, -3.543
5.630, 0.5630, -4.153
5.640, 0.5640, -4.290
5.650, 0.5650, -4.089
5.660, 0.5660, -4.242
5.670, 0.5670, -4.798
5.680, 0.5680, -4.262
5.690, 0.5690, -3.588
5.700, 0.5700, -3.666
5.710, 0.5710, -5.121
5.720, 0.5720, -4.395
5.730, 0.5730, -4.313
5.740, 0.5740, -3.496
5.750, 0.5750, -5.060
5.760, 0.5760, -5.186
5.770, 0.5770, -4.901
5.780, 0.5780, -2.979
5.790, 0.5790, -3.052
5.800, 0.5800, -4.611
5.810, 0.5810, -5.434
5.820, 0.5820, -4.412
5.830, 0.5830, -4.599
5.840, 0.5840, -3.966
5.850, 0.5850, -4.711
5.860, 0.5860, -3.948
5.870, 0.5870, -6.235
5.880, 0.5880, -4.350
5.890, 0.5890, -5.044
5.900, 0.5900, -2.702
5.910, 0.5910, -5.702
5.920, 0.5920, -4.771
5.930, 0.5930, -3.297
5.940, 0.5940, -3.453
5.950, 0.5950, -3.453
5.960, 0.5960, -4.621
5.970, 0.5970, -4.549
5.980, 0.5980, -5.466
5.990, 0.5990, -3.912
6.000, 0.6000, -4.706
6.010, 0.6010, -4.045
6.020, 0.6020, -4.776
6.030, 0.6030, -4.505
6.040, 0.6040, -4.659
6.050, 0.6050, -3.314
6.060, 0.6060, -4.309
6.070, 0.6070, -4.227
6.080, 0.6080, -4.261
6.090, 0.6090, -4.486
6.100, 0.6100, -4.628
6.110, 0.6110, -4.678
6.120, 0.6120, -2.709
6.130, 0.6130, -3.539
6.140, 0.6140, -4.140
6.150, 0.6150, -3.636
6.160, 0.6160, -4.499
6.170, 0.6170, -5.144
6.180, 0.6180, -5.545
6.190, 0.6190, -3.915
6.200, 0.6200, -2.749
6.210, 0.6210, -5.085
6.220, 0.6220, -2.174
6.230, 0.6230, -3.977
6.240, 0.6240, -4.484
6.250, 0.6250, -5.027
6.260, 0.6260, -3.945
6.270, 0.6270, -3.418
6.280, 0.6280, -4.119
6.290, 0.6290, -4.486
6.300, 0.6300, -4.924
6.310, 0.6310, -4.191
6.320, 0.6320, -3.961
6.330, 0.6330, -4.594
6.340, 0.6340, -4.116
6.350, 0.6350, -3.447
6.360, 0.6360, -4.563
6.370, 0.6370, -5.792
6.380, 0.6380, -5.772
6.390, 0.6390, -3.586
6.400, 0.6400, -4.773
6.410, 0.6410, -5.024
6.420, 0.6420, -4.536
6.430, 0.6430, -3.592
6.440, 0.6440, -4.688
6.450, 0.6450, -3.755
6.460, 0.6460, -4.616
6.470, 0.6470, -4.539
6.480, 0.6480, -4.254
6.490, 0.6490, -3.548
6.500, 0.6500, -4.500
6.510, 0.6510, -4.414
6.520, 0.6520, -4.500
6.530, 0.6530, -4.803
6.540, 0.6540, -5.185
6.550, 0.6550, -4.536
6.560, 0.6560, -4.833
6.570, 0.6570, -4.674
6.580, 0.6580, -2.217
6.590, 0.6590, -4.703
6.600, 0.6600, -3.923
6.610, 0.6610, -3.771
6.620, 0.6620, -4.296
6.630, 0.6630, -5.172
6.640, 0.6640, -5.603
6.650, 0.6650, -4.648
6.660, 0.6660, -4.086
6.670, 0.6670, -4.166
6.680, 0.6680, -4.115
6.690, 0.6690, -3.731
6.700, 0.6700, -4.959
6.710, 0.6710, -5.031
6.720, 0.6720, -3.514
6.730, 0.6730, -5.295
6.740, 0.6740, -5.021
6.750, 0.6750, -5.530
6.760, 0.6760, -4.525
6.770, 0.6770, -3.868
6.780, 0.6780, -4.543
6.790, 0.6790, -4.482
6.800, 0.6800, -4.409
6.810, 0.6810, -3.847
6.820, 0.6820, -5.167
6.830, 0.6830, -5.083
6.840, 0.6840, -4.741
6.850, 0.6850, -5.334
6.860, 0.6860, -4.666
6.870, 0.6870, -3.009
6.880, 0.6880, -3.930
6.890, 0.6890, -3.705
6.900, 0.6900, -5.303
6.910, 0.6910, -5.562
6.920, 0.6920, -3.493
6.930, 0.6930, -2.773
6.940, 0.6940, -5.372
6.950, 0.6950, -3.971
6.960, 0.6960, -3.814
6.970, 0.6970, -3.967
6.980, 0.6980, -5.441
6.990, 0.6990, -4.693
7.000, 0.7000, -4.064
7.010, 0.7010, -2.999
7.020, 0.7020, -4.135
7.030, 0.7030, -5.501
7.040, 0.7040, -5.020
7.050, 0.7050, -4.829
7.060, 0.7060, -3.817
7.070, 0.7070, -4.384
7.080, 0.7080, -3.477
7.090, 0.7090, -5.718
7.100, 0.7100, -3.815
7.110, 0.7110, -4.238
7.120, 0.7120, -4.825
7.130, 0.7130, -4.609
7.140, 0.7140, -4.256
7.150, 0.7150, -4.376
7.160, 0.7160, -4.093
7.170, 0.7170, -3.112
7.180, 0.7180, -4.508
7.190, 0.7190, -3.380
7.200, 0.7200, -3.311
7.210, 0.7210, -4.337
7.220, 0.7220, -4.593
7.230, 0.7230, -4.237
7.240, 0.7240, -4.474
7.250, 0.7250, -4.725
7.260, 0.7260, -4.739
7.270, 0.7270, -4.455
7.280, 0.7280, -4.002
7.290, 0.7290, -3.326
7.300, 0.7300, -5.334
7.310, 0.7310, -4.908
7.320, 0.7320, -4.115
7.330, 0.7330, -4.405
7.340, 0.7340, -4.108
7.350, 0.7350, -4.043
7.360, 0.7360, -4.555
7.370, 0.7370, -4.274
7.380, 0.7380, -4.211
7.390, 0.7390, -4.186
7.400, 0.7400, -4.372
7.410, 0.7410, -4.554
7.420, 0.7420, -4.762
7.430, 0.7430, -4.091
7.440, 0.7440, -3.802
7.450, 0.7450, -4.222
7.460, 0.7460, -4.119
7.470, 0.7470, -3.509
7.480, 0.7480, -2.933
7.490, 0.7490, -5.210
7.500, 0.7500, -3.296
7.510, 0.7510, -4.501
7.520, 0.7520, -3.654
7.530, 0.7530, -3.664
7.540, 0.7540, -3.719
7.550, 0.7550, -4.928
7.560, 0.7560, -3.713
7.570, 0.7570, -3.951
7.580, 0.7580, -4.481
7.590, 0.7590, -3.604
7.600, 0.7600, -4.546
7.610, 0.7610, -4.668
7.620, 0.7620, -3.653
7.630, 0.7630, -2.359
7.640, 0.7640, -4.496
7.650, 0.7650, -3.617
7.660, 0.7660, -4.217
7.670, 0.7670, -4.731
7.680, 0.7680, -4.480
7.690, 0.7690, -4.982
7.700, 0.7700, -3.551
7.710, 0.7710, -4.885
7.720, 0.7720, -4.874
7.730, 0.7730, -4.562
7.740, 0.7740, -4.331
7.750, 0.7750, -3.532
7.760, 0.7760, -4.244
7.770, 0.7770, -3.634
7.780, 0.7780, -2.871
7.790, 0.7790, -4.326
7.800, 0.7800, -3.413
7.810, 0.7810, -4.597
7.820, 0.7820, -4.401
7.830, 0.7830, -3.050
7.840, 0.7840, -5.157
7.850, 0.7850, -3.803
7.860, 0.7860, -3.521
7.870, 0.7870, -3.717
7.880, 0.7880, -4.220
7.890, 0.7890, -4.096
7.900, 0.7900, -3.502
7.910, 0.7910, -4.136
7.920, 0.7920, -4.645
7.930, 0.7930, -2.850
7.940, 0.7940, -4.100
7.950, 0.7950, -3.469
7.960, 0.7960, -4.645
7.970, 0.7970, -3.594
7.980, 0.7980, -4.969
7.990, 0.7990, -3.919
8.000, 0.8000, -4.417
8.010, 0.8010, -4.061
8.020, 0.8020, -4.233
8.030, 0.8030, -4.646
8.040, 0.8040, -3.512
8.050, 0.8050, -3.342
8.060, 0.8060, -3.758
8.070, 0.8070, -4.648
8.080, 0.8080, -4.518
8.090, 0.8090, -4.066
8.100, 0.8100, -3.582
8.110, 0.8110, -3.797
8.120, 0.8120, -4.432
8.130, 0.8130, -3.197
8.140, 0.8140, -3.161
8.150, 0.8150, -4.648
8.160, 0.8160, -3.008
8.170, 0.8170, -3.410
8.180, 0.8180, -3.154
8.190, 0.8190, -4.603
8.200, 0.8200, -4.366
8.210, 0.8210, -4.104
8.220, 0.8220, -4.674
8.230, 0.8230, -4.218
8.240, 0.8240, -5.049
8.250, 0.8250, -4.719
8.260, 0.8260, -3.574
8.270, 0.8270, -3.805
8.280, 0.8280, -3.574
8.290, 0.8290, -3.826
8.300, 0.8300, -3.936
8.310, 0.8310, -4.098
8.320, 0.8320, -4.484
8.330, 0.8330, -3.856
8.340, 0.8340, -2.802
8.350, 0.8350, -4.625
8.360, 0.8360, -4.248
8.370, 0.8370, -3.977
8.380, 0.8380, -2.795
8.390, 0.8390, -4.515
8.400, 0.8400, -2.223
8.410, 0.8410, -4.922
8.420, 0.8420, -3.374
8.430, 0.8430, -4.220
8.440, 0.8440, -3.090
8.450, 0.8450, -4.984
8.460, 0.8460, -3.902
8.470, 0.8470, -4.180
8.480, 0.8480, -4.040
8.490, 0.8490, -3.934
8.500, 0.8500, -3.610
8.510, 0.8510, -5.094
8.520, 0.8520, -4.629
8.530, 0.8530, -3.255
8.540, 0.8540, -2.401
8.550, 0.8550, -5.510
8.560, 0.8560, -4.453
8.570, 0.8570, -3.501
8.580, 0.8580, -3.393
8.590, 0.8590, -5.648
8.600, 0.8600, -4.115
8.610, 0.8610, -3.220
8.620, 0.8620, -4.749
8.630, 0.8630, -3.812
8.640, 0.8640, -2.235
8.650, 0.8650, -4.242
8.660, 0.8660, -3.964
8.670, 0.8670, -5.192
8.680, 0.8680, -3.771
8.690, 0.8690, -2.157
8.700, 0.8700, -5.161
8.710, 0.8710, -3.004
8.720, 0.8720, -3.881
8.730, 0.8730, -3.249
8.740, 0.8740, -5.645
8.750, 0.8750, -3.454
8.760, 0.8760, -3.176
8.770, 0.8770, -4.652
8.780, 0.8780, -4.630
8.790, 0.8790, -3.119
8.800, 0.8800, -4.218
8.810, 0.8810, -2.905
8.820, 0.8820, -4.369
8.830, 0.8830, -4.386
8.840, 0.8840, -2.196
8.850, 0.8850, -5.176
8.860, 0.8860, -4.243
8.870, 0.8870, -3.876
8.880, 0.8880, -5.246
8.890, 0.8890, -4.914
8.900, 0.8900, -3.537
8.910, 0.8910, -3.929
8.920, 0.8920, -3.778
8.930, 0.8930, -3.389
8.940, 0.8940, -4.449
8.950, 0.8950, -4.701
8.960, 0.8960, -3.602
8.970, 0.8970, -5.789
8.980, 0.8980, -5.073
8.990, 0.8990, -3.812
9.000, 0.9000, -4.855
9.010, 0.9010, -4.586
9.020, 0.9020, -3.755
9.030, 0.9030, -3.280
9.040, 0.9040, -2.978
9.050, 0.9050, -4.284
9.060, 0.9060, -4.248
9.070, 0.9070, -3.052
9.080, 0.9080, -4.125
9.090, 0.9090, -4.289
9.100, 0.9100, -4.770
9.110, 0.9110, -3.366
9.120, 0.9120, -4.143
9.130, 0.9130, -4.009
9.140, 0.9140, -3.607
9.150, 0.9150, -3.049
9.160, 0.9160, -4.871
9.170, 0.9170, -2.946
9.180, 0.9180, -3.368
9.190, 0.9190, -5.646
9.200, 0.9200, -2.869
9.210, 0.9210, -4.254
9.220, 0.9220, -3.859
9.230, 0.9230, -4.472
9.240, 0.9240, -2.887
9.250, 0.9250, -2.914
9.260, 0.9260, -4.767
9.270, 0.9270, -4.373
9.280, 0.9280, -3.911
9.290, 0.9290, -4.046
9.300, 0.9300, -3.289
9.310, 0.9310, -4.119
9.320, 0.9320, -2.113
9.330, 0.9330, -3.278
9.340, 0.9340, -3.981
9.350, 0.9350, -4.231
9.360, 0.9360, -3.295
9.370, 0.9370, -5.168
9.380, 0.9380, -3.346
9.390, 0.9390, -3.599
9.400, 0.9400, -3.640
9.410, 0.9410, -4.925
9.420, 0.9420, -3.525
9.430, 0.9430, -3.362
9.440, 0.9440, -5.447
9.450, 0.9450, -4.190
9.460, 0.9460, -3.313
9.470, 0.9470, -2.388
9.480, 0.9480, -5.163
9.490, 0.9490, -3.609
9.500, 0.9500, -3.595
9.510, 0.9510, -4.460
9.520, 0.9520, -3.473
9.530, 0.9530, -3.209
9.540, 0.9540, -3.414
9.550, 0.9550, -3.904
9.560, 0.9560, -4.079
9.570, 0.9570, -5.105
9.580, 0.9580, -3.554
9.590, 0.9590, -4.192
9.600, 0.9600, -3.871
9.610, 0.9610, -3.938
9.620, 0.9620, -2.912
9.630, 0.9630, -5.616
9.640, 0.9640, -3.868
9.650, 0.9650, -3.161
9.660, 0.9660, -3.438
9.670, 0.9670, -4.929
9.680, 0.9680, -5.143
9.690, 0.9690, -4.285
9.700, 0.9700, -2.612
9.710, 0.9710, -4.490
9.720, 0.9720, -4.474
9.730, 0.9730, -3.764
9.740, 0.9740, -4.032
9.750, 0.9750, -4.230
9.760, 0.9760, -4.014
9.770, 0.9770, -3.500
9.780, 0.9780, -3.630
9.790, 0.9790, -5.736
9.800, 0.9800, -4.345
9.810, 0.9810, -3.883
9.820, 0.9820, -3.250
9.830, 0.9830, -4.550
9.840, 0.9840, -3.815
9.850, 0.9850, -3.458
9.860, 0.9860, -2.793
9.870, 0.9870, -3.015
9.880, 0.9880, -3.548
9.890, 0.9890, -2.819
9.900, 0.9900, -4.100
9.910, 0.9910, -3.566
9.920, 0.9920, -3.973
9.930, 0.9930, -3.487
9.940, 0.9940, -4.045
9.950, 0.9950, -4.069
9.960, 0.9960, -3.324
9.970, 0.9970, -4.112
9.980, 0.9980, -3.467
9.990, 0.9990, -2.469
10.00, 1.000, -3.635
10.01, 1.001, -2.969
10.02, 1.002, -3.552
10.03, 1.003, -2.993
10.04, 1.004, -4.071
10.05, 1.005, -4.377
10.06, 1.006, -4.152
10.07, 1.007, -5.335
10.08, 1.008, -3.158
10.09, 1.009, -2.823
10.10, 1.010, -4.178
10.11, 1.011, -3.866
10.12, 1.012, -2.387
10.13, 1.013, -3.805
10.14, 1.014, -5.075
10.15, 1.015, -2.782
10.16, 1.016, -3.040
10.17, 1.017, -4.610
10.18, 1.018, -3.506
10.19, 1.019, -3.698
10.20, 1.020, -3.846
10.21, 1.021, -4.211
10.22, 1.022, -4.094
10.23, 1.023, -3.653
10.24, 1.024, -2.995
10.25, 1.025, -2.913
10.26, 1.026, -3.178
10.27, 1.027, -3.778
10.28, 1.028, -3.126
10.29, 1.029, -4.283
10.30, 1.030, -5.321
10.31, 1.031, -2.893
10.32, 1.032, -4.429
10.33, 1.033, -4.535
10.34, 1.034, -5.032
10.35, 1.035, -2.329
10.36, 1.036, -2.332
10.37, 1.037, -3.827
10.38, 1.038, -3.325
10.39, 1.039, -2.527
10.40, 1.040, -1.696
10.41, 1.041, -4.096
10.42, 1.042, -4.025
10.43, 1.043, -2.971
10.44, 1.044, -4.593
10.45, 1.045, -3.802
10.46, 1.046, -4.123
10.47, 1.047, -3.379
10.48, 1.048, -4.414
10.49, 1.049, -2.996
10.50, 1.050, -2.328
10.51, 1.051, -2.143
10.52, 1.052, -2.485
10.53, 1.053, -2.415
10.54, 1.054, -2.837
10.55, 1.055, -2.429
10.56, 1.056, -3.536
10.57, 1.057, -2.839
10.58, 1.058, -2.618
10.59, 1.059, -3.140
10.60, 1.060, -3.211
10.61, 1.061, -4.827
10.62, 1.062, -3.232
10.63, 1.063, -4.356
10.64, 1.064, -3.194
10.65, 1.065, -3.948
10.66, 1.066, -4.802
10.67, 1.067, -2.451
10.68, 1.068, -2.412
10.69, 1.069, -3.563
10.70, 1.070, -4.033
10.71, 1.071, -2.890
10.72, 1.072, -2.288
10.73, 1.073, -2.921
10.74, 1.074, -3.709
10.75, 1.075, -3.290
10.76, 1.076, -1.985
10.77, 1.077, -3.263
10.78, 1.078, -2.454
10.79, 1.079, -3.355
10.80, 1.080, -1.764
10.81, 1.081, -1.790
10.82, 1.082, -2.781
10.83, 1.083, -3.204
10.84, 1.084, -2.052
10.85, 1.085, -1.662
10.86, 1.086, -2.686
10.87, 1.087, -0.4089
10.88, 1.088, -2.962
10.89, 1.089, -3.616
10.90, 1.090, -2.556
10.91, 1.091, -2.102
10.92, 1.092, -1.645
10.93, 1.093, -2.720
10.94, 1.094, -3.416
10.95, 1.095, -1.976
10.96, 1.096, -1.075
10.97, 1.097, -1.785
10.98, 1.098, -1.039
10.99, 1.099, -2.087
11.00, 1.100, -0.8481
11.01, 1.101, -1.521
11.02, 1.102, -1.480
11.03, 1.103, -1.164
11.04, 1.104, -1.253
11.05, 1.105, -1.890
11.06, 1.106, -3.437
11.07, 1.107, -0.9432
11.08, 1.108, -0.1616
11.09, 1.109, -2.197
11.10, 1.110, -1.799
11.11, 1.111, -1.690
11.12, 1.112, -0.4840
11.13, 1.113, -1.209
11.14, 1.114, -0.3643
11.15, 1.115, -1.422
11.16, 1.116, -1.519
11.17, 1.117, -1.443
11.18, 1.118, 0.3747
11.19, 1.119, 1.874
11.20, 1.120, 0.4872
11.21, 1.121, 0.1815
11.22, 1.122, 0.2583
11.23, 1.123, 0.2324
11.24, 1.124, 0.7137
11.25, 1.125, 1.271
11.26, 1.126, -0.1394
11.27, 1.127, 1.306
11.28, 1.128, 1.270
11.29, 1.129, 1.031
11.30, 1.130, -0.2698
11.31, 1.131, 0.9042
11.32, 1.132, -0.3963
11.33, 1.133, 0.5337
11.34, 1.134, 1.353
11.35, 1.135, 1.120
11.36, 1.136, 1.517
11.37, 1.137, 2.317
11.38, 1.138, 3.166
11.39, 1.139, 1.687
11.40, 1.140, 1.261
11.41, 1.141, 3.228
11.42, 1.142, 1.667
11.43, 1.143, 0.8620
11.44, 1.144, 1.071
11.45, 1.145, 2.598
11.46, 1.146, 2.247
11.47, 1.147, 2.242
11.48, 1.148, 2.365
11.49, 1.149, 3.700
11.50, 1.150, 2.478
11.51, 1.151, 3.685
11.52, 1.152, 3.385
11.53, 1.153, 3.379
11.54, 1.154, 3.231
11.55, 1.155, 2.877
11.56, 1.156, 1.583
11.57, 1.157, 2.676
11.58, 1.158, 3.892
11.59, 1.159, 3.075
11.60, 1.160, 4.963
11.61, 1.161, 4.146
11.62, 1.162, 5.794
11.63, 1.163, 3.820
11.64, 1.164, 4.258
11.65, 1.165, 4.293
11.66, 1.166, 5.963
11.67, 1.167, 4.261
11.68, 1.168, 5.032
11.69, 1.169, 4.710
11.70, 1.170, 5.087
11.71, 1.171, 5.406
11.72, 1.172, 4.655
11.73, 1.173, 6.265
11.74, 1.174, 4.918
11.75, 1.175, 4.380
11.76, 1.176, 4.287
11.77, 1.177, 4.106
11.78, 1.178, 5.909
11.79, 1.179, 4.521
11.80, 1.180, 6.030
11.81, 1.181, 5.341
11.82, 1.182, 6.284
11.83, 1.183, 6.940
11.84, 1.184, 5.595
11.85, 1.185, 5.859
11.86, 1.186, 7.006
11.87, 1.187, 6.596
11.88, 1.188, 6.536
11.89, 1.189, 4.790
11.90, 1.190, 5.464
11.91, 1.191, 4.927
11.92, 1.192, 5.826
11.93, 1.193, 5.931
11.94, 1.194, 6.797
11.95, 1.195, 5.911
11.96, 1.196, 5.890
11.97, 1.197, 5.992
11.98, 1.198, 6.824
11.99, 1.199, 5.486
12.00, 1.200, 6.412
12.01, 1.201, 5.498
12.02, 1.202, 7.461
12.03, 1.203, 5.003
12.04, 1.204, 6.376
12.05, 1.205, 6.147
12.06, 1.206, 6.676
12.07, 1.207, 5.590
12.08, 1.208, 6.820
12.09, 1.209, 6.623
12.10, 1.210, 6.797
12.11, 1.211, 6.084
12.12, 1.212, 6.137
12.13, 1.213, 3.650
12.14, 1.214, 6.061
12.15, 1.215, 5.322
12.16, 1.216, 3.769
12.17, 1.217, 5.997
12.18, 1.218, 6.307
12.19, 1.219, 5.167
12.20, 1.220, 5.352
12.21, 1.221, 5.277
12.22, 1.222, 6.101
12.23, 1.223, 4.122
12.24, 1.224, 5.310
12.25, 1.225, 4.951
12.26, 1.226, 4.805
12.27, 1.227, 5.090
12.28, 1.228, 4.831
12.29, 1.229, 5.253
12.30, 1.230, 5.707
12.31, 1.231, 4.938
12.32, 1.232, 4.461
12.33, 1.233, 5.965
12.34, 1.234, 3.643
12.35, 1.235, 4.749
12.36, 1.236, 5.191
12.37, 1.237, 5.516
12.38, 1.238, 5.206
12.39, 1.239, 5.217
12.40, 1.240, 4.390
12.41, 1.241, 5.461
12.42, 1.242, 4.487
12.43, 1.243, 5.275
12.44, 1.244, 3.912
12.45, 1.245, 6.143
12.46, 1.246, 4.623
12.47, 1.247, 5.450
12.48, 1.248, 5.811
12.49, 1.249, 5.509
12.50, 1.250, 5.235
12.51, 1.251, 3.464
12.52, 1.252, 4.121
12.53, 1.253, 4.547
12.54, 1.254, 4.713
12.55, 1.255, 4.529
12.56, 1.256, 3.930
12.57, 1.257, 5.527
12.58, 1.258, 5.595
12.59, 1.259, 4.246
12.60, 1.260, 4.758
12.61, 1.261, 5.516
12.62, 1.262, 3.550
12.63, 1.263, 4.437
12.64, 1.264, 4.746
12.65, 1.265, 5.081
12.66, 1.266, 4.057
12.67, 1.267, 3.516
12.68, 1.268, 4.262
12.69, 1.269, 4.618
12.70, 1.270, 4.778
12.71, 1.271, 3.359
12.72, 1.272, 5.238
12.73, 1.273, 4.654
12.74, 1.274, 3.245
12.75, 1.275, 4.677
12.76, 1.276, 4.431
12.77, 1.277, 5.081
12.78, 1.278, 3.611
12.79, 1.279, 3.838
12.80, 1.280, 4.952
12.81, 1.281, 3.617
12.82, 1.282, 4.724
12.83, 1.283, 3.875
12.84, 1.284, 5.513
12.85, 1.285, 4.493
12.86, 1.286, 5.013
12.87, 1.287, 5.180
12.88, 1.288, 4.384
12.89, 1.289, 4.676
12.90, 1.290, 4.004
12.91, 1.291, 5.010
12.92, 1.292, 3.581
12.93, 1.293, 5.156
12.94, 1.294, 4.877
12.95, 1.295, 4.388
12.96, 1.296, 4.014
12.97, 1.297, 4.759
12.98, 1.298, 3.237
12.99, 1.299, 5.661
13.00, 1.300, 4.494
13.01, 1.301, 5.413
13.02, 1.302, 3.414
13.03, 1.303, 4.251
13.04, 1.304, 5.501
13.05, 1.305, 3.885
13.06, 1.306, 4.882
13.07, 1.307, 4.531
13.08, 1.308, 5.097
13.09, 1.309, 3.949
13.10, 1.310, 4.567
13.11, 1.311, 4.449
13.12, 1.312, 5.001
13.13, 1.313, 4.380
13.14, 1.314, 4.406
13.15, 1.315, 2.355
13.16, 1.316, 5.327
13.17, 1.317, 3.395
13.18, 1.318, 3.737
13.19, 1.319, 3.455
13.20, 1.320, 4.007
13.21, 1.321, 3.907
13.22, 1.322, 3.835
13.23, 1.323, 5.638
13.24, 1.324, 4.483
13.25, 1.325, 4.159
13.26, 1.326, 4.114
13.27, 1.327, 5.915
13.28, 1.328, 3.076
13.29, 1.329, 4.951
13.30, 1.330, 5.113
13.31, 1.331, 4.772
13.32, 1.332, 4.912
13.33, 1.333, 5.269
13.34, 1.334, 5.816
13.35, 1.335, 5.711
13.36, 1.336, 4.730
13.37, 1.337, 5.364
13.38, 1.338, 6.273
13.39, 1.339, 5.868
13.40, 1.340, 5.648
13.41, 1.341, 6.112
13.42, 1.342, 7.077
13.43, 1.343, 5.002
13.44, 1.344, 5.033
13.45, 1.345, 5.348
13.46, 1.346, 5.444
13.47, 1.347, 3.912
13.48, 1.348, 6.046
13.49, 1.349, 6.338
13.50, 1.350, 5.120
13.51, 1.351, 7.041
13.52, 1.352, 6.064
13.53, 1.353, 5.147
13.54, 1.354, 5.036
13.55, 1.355, 6.103
13.56, 1.356, 7.376
13.57, 1.357, 6.503
13.58, 1.358, 6.267
13.59, 1.359, 7.164
13.60, 1.360, 6.463
13.61, 1.361, 5.547
13.62, 1.362, 6.819
13.63, 1.363, 6.942
13.64, 1.364, 7.315
13.65, 1.365, 7.522
13.66, 1.366, 7.830
13.67, 1.367, 8.545
13.68, 1.368, 8.031
13.69, 1.369, 6.197
13.70, 1.370, 8.094
13.71, 1.371, 7.496
13.72, 1.372, 7.959
13.73, 1.373, 8.854
13.74, 1.374, 7.246
13.75, 1.375, 9.803
13.76, 1.376, 10.23
13.77, 1.377, 7.735
13.78, 1.378, 8.755
13.79, 1.379, 8.798
13.80, 1.380, 10.33
13.81, 1.381, 8.229
13.82, 1.382, 8.671
13.83, 1.383, 9.866
13.84, 1.384, 8.580
13.85, 1.385, 9.897
13.86, 1.386, 9.924
13.87, 1.387, 9.541
13.88, 1.388, 10.39
13.89, 1.389, 9.568
13.90, 1.390, 11.08
13.91, 1.391, 11.99
13.92, 1.392, 12.61
13.93, 1.393, 10.38
13.94, 1.394, 11.64
13.95, 1.395, 11.86
13.96, 1.396, 11.43
13.97, 1.397, 11.80
13.98, 1.398, 11.42
13.99, 1.399, 12.10
14.00, 1.400, 14.42
14.01, 1.401, 13.56
14.02, 1.402, 13.58
14.03, 1.403, 16.21
14.04, 1.404, 17.27
14.05, 1.405, 16.53
14.06, 1.406, 15.80
14.07, 1.407, 17.60
14.08, 1.408, 16.60
14.09, 1.409, 18.25
14.10, 1.410, 18.06
14.11, 1.411, 18.09
14.12, 1.412, 18.73
14.13, 1.413, 19.03
14.14, 1.414, 20.63
14.15, 1.415, 20.78
14.16, 1.416, 20.69
14.17, 1.417, 22.16
14.18, 1.418, 22.34
14.19, 1.419, 24.42
14.20, 1.420, 23.65
14.21, 1.421, 25.49
14.22, 1.422, 26.20
14.23, 1.423, 27.39
14.24, 1.424, 27.42
14.25, 1.425, 27.80
14.26, 1.426, 28.26
14.27, 1.427, 31.52
14.28, 1.428, 32.49
14.29, 1.429, 32.66
14.30, 1.430, 33.15
14.31, 1.431, 34.84
14.32, 1.432, 36.01
14.33, 1.433, 37.32
14.34, 1.434, 39.06
14.35, 1.435, 37.81
14.36, 1.436, 39.58
14.37, 1.437, 38.69
14.38, 1.438, 40.64
14.39, 1.439, 40.02
14.40, 1.440, 41.43
14.41, 1.441, 43.72
14.42, 1.442, 43.68
14.43, 1.443, 45.55
14.44, 1.444, 45.68
14.45, 1.445, 47.10
14.46, 1.446, 46.89
14.47, 1.447, 47.88
14.48, 1.448, 50.69
14.49, 1.449, 53.78
14.50, 1.450, 52.84
14.51, 1.451, 55.01
14.52, 1.452, 56.03
14.53, 1.453, 56.01
14.54, 1.454, 55.75
14.55, 1.455, 58.53
14.56, 1.456, 60.28
14.57, 1.457, 62.45
14.58, 1.458, 61.91
14.59, 1.459, 62.70
14.60, 1.460, 65.30
14.61, 1.461, 65.46
14.62, 1.462, 65.33
14.63, 1.463, 66.61
14.64, 1.464, 67.04
14.65, 1.465, 71.79
14.66, 1.466, 72.16
14.67, 1.467, 71.91
14.68, 1.468, 72.31
14.69, 1.469, 75.48
14.70, 1.470, 75.22
14.71, 1.471, 76.22
14.72, 1.472, 77.07
14.73, 1.473, 78.47
14.74, 1.474, 79.10
14.75, 1.475, 80.28
14.76, 1.476, 82.56
14.77, 1.477, 83.77
14.78, 1.478, 83.76
14.79, 1.479, 85.42
14.80, 1.480, 86.14
14.81, 1.481, 88.96
14.82, 1.482, 88.83
14.83, 1.483, 90.52
14.84, 1.484, 91.89
14.85, 1.485, 93.27
14.86, 1.486, 93.13
14.87, 1.487, 93.54
14.88, 1.488, 95.07
14.89, 1.489, 97.13
14.90, 1.490, 98.28
14.91, 1.491, 99.68
14.92, 1.492, 101.4
14.93, 1.493, 103.0
14.94, 1.494, 103.1
14.95, 1.495, 104.2
14.96, 1.496, 105.7
14.97, 1.497, 106.8
14.98, 1.498, 109.4
14.99, 1.499, 109.6
15.00, 1.500, 110.9
15.01, 1.501, 111.5
15.02, 1.502, 112.2
15.03, 1.503, 113.5
15.04, 1.504, 114.3
15.05, 1.505, 116.5
15.06, 1.506, 117.6
15.07, 1.507, 118.7
15.08, 1.508, 120.2
15.09, 1.509, 120.9
15.10, 1.510, 121.9
15.11, 1.511, 124.2
15.12, 1.512, 126.8
15.13, 1.513, 127.3
15.14, 1.514, 128.0
15.15, 1.515, 130.1
15.16, 1.516, 130.7
15.17, 1.517, 132.7
15.18, 1.518, 134.1
15.19, 1.519, 134.9
15.20, 1.520, 136.7
15.21, 1.521, 137.1
15.22, 1.522, 139.0
15.23, 1.523, 141.0
15.24, 1.524, 142.1
15.25, 1.525, 142.6
15.26, 1.526, 143.9
15.27, 1.527, 145.6
15.28, 1.528, 147.5
15.29, 1.529, 147.5
15.30, 1.530, 150.6
15.31, 1.531, 151.7
15.32, 1.532, 153.1
15.33, 1.533, 154.2
15.34, 1.534, 155.2
15.35, 1.535, 157.0
15.36, 1.536, 158.5
15.37, 1.537, 159.6
15.38, 1.538, 162.0
15.39, 1.539, 162.4
15.40, 1.540, 164.3
15.41, 1.541, 165.3
15.42, 1.542, 168.1
15.43, 1.543, 169.8
15.44, 1.544, 171.6
15.45, 1.545, 171.3
15.46, 1.546, 174.4
15.47, 1.547, 175.4
15.48, 1.548, 176.2
15.49, 1.549, 179.1
15.50, 1.550, 180.0
15.51, 1.551, 180.6
15.52, 1.552, 183.1
15.53, 1.553, 184.6
15.54, 1.554, 186.2
15.55, 1.555, 186.0
15.56, 1.556, 188.3
15.57, 1.557, 191.4
15.58, 1.558, 191.4
15.59, 1.559, 192.8
15.60, 1.560, 195.7
15.61, 1.561, 196.6
15.62, 1.562, 197.6
15.63, 1.563, 199.2
15.64, 1.564, 200.1
15.65, 1.565, 201.3
15.66, 1.566, 201.9
15.67, 1.567, 204.1
15.68, 1.568, 204.9
15.69, 1.569, 205.5
15.70, 1.570, 207.9
15.71, 1.571, 209.3
15.72, 1.572, 211.0
15.73, 1.573, 212.3
15.74, 1.574, 214.0
15.75, 1.575, 215.2
15.76, 1.576, 217.5
15.77, 1.577, 218.2
15.78, 1.578, 220.8
15.79, 1.579, 223.1
15.80, 1.580, 223.5
15.81, 1.581, 223.6
15.82, 1.582, 227.0
15.83, 1.583, 229.9
15.84, 1.584, 229.3
15.85, 1.585, 230.7
15.86, 1.586, 234.6
15.87, 1.587, 234.5
15.88, 1.588, 235.6
15.89, 1.589, 238.4
15.90, 1.590, 240.1
15.91, 1.591, 242.0
15.92, 1.592, 241.2
15.93, 1.593, 243.7
15.94, 1.594, 246.0
15.95, 1.595, 248.2
15.96, 1.596, 249.1
15.97, 1.597, 250.7
15.98, 1.598, 254.3
15.99, 1.599, 252.6
16.00, 1.600, 255.3
16.01, 1.601, 255.5
16.02, 1.602, 257.9
16.03, 1.603, 260.1
16.04, 1.604, 261.4
16.05, 1.605, 264.8
16.06, 1.606, 266.8
16.07, 1.607, 264.3
16.08, 1.608, 268.0
16.09, 1.609, 270.7
16.10, 1.610, 271.0
16.11, 1.611, 272.7
16.12, 1.612, 274.6
16.13, 1.613, 277.2
16.14, 1.614, 277.8
16.15, 1.615, 277.7
16.16, 1.616, 281.7
16.17, 1.617, 282.7
16.18, 1.618, 284.9
16.19, 1.619, 285.9
16.20, 1.620, 287.2
16.21, 1.621, 289.0
16.22, 1.622, 290.9
16.23, 1.623, 292.5
16.24, 1.624, 294.7
16.25, 1.625, 297.2
16.26, 1.626, 297.7
16.27, 1.627, 298.3
16.28, 1.628, 301.4
16.29, 1.629, 302.4
16.30, 1.630, 303.1
16.31, 1.631, 306.1
16.32, 1.632, 308.6
16.33, 1.633, 307.9
16.34, 1.634, 310.6
16.35, 1.635, 310.6
16.36, 1.636, 313.4
16.37, 1.637, 315.3
16.38, 1.638, 318.1
16.39, 1.639, 319.3
16.40, 1.640, 321.7
16.41, 1.641, 322.8
16.42, 1.642, 324.3
16.43, 1.643, 325.5
16.44, 1.644, 326.7
16.45, 1.645, 328.2
16.46, 1.646, 330.0
16.47, 1.647, 331.6
16.48, 1.648, 332.3
16.49, 1.649, 333.2
16.50, 1.650, 336.3
16.51, 1.651, 337.6
16.52, 1.652, 338.6
16.53, 1.653, 341.3
16.54, 1.654, 343.4
16.55, 1.655, 344.6
16.56, 1.656, 346.8
16.57, 1.657, 349.2
16.58, 1.658, 348.9
16.59, 1.659, 351.0
16.60, 1.660, 352.7
16.61, 1.661, 354.2
16.62, 1.662, 357.0
16.63, 1.663, 357.2
16.64, 1.664, 358.4
16.65, 1.665, 361.2
16.66, 1.666, 362.9
16.67, 1.667, 363.9
16.68, 1.668, 365.2
16.69, 1.669, 369.5
16.70, 1.670, 370.7
16.71, 1.671, 371.4
16.72, 1.672, 374.4
16.73, 1.673, 375.4
16.74, 1.674, 376.3
16.75, 1.675, 378.2
16.76, 1.676, 381.0
16.77, 1.677, 381.1
16.78, 1.678, 384.2
16.79, 1.679, 384.6
16.80, 1.680, 388.0
16.81, 1.681, 390.0
16.82, 1.682, 390.4
16.83, 1.683, 392.3
16.84, 1.684, 394.7
16.85, 1.685, 396.7
16.86, 1.686, 397.9
16.87, 1.687, 398.8
16.88, 1.688, 402.4
16.89, 1.689, 401.6
16.90, 1.690, 403.9
16.91, 1.691, 405.5
16.92, 1.692, 406.7
16.93, 1.693, 407.9
16.94, 1.694, 411.0
16.95, 1.695, 412.4
16.96, 1.696, 413.9
16.97, 1.697, 415.8
16.98, 1.698, 416.4
16.99, 1.699, 419.4
17.00, 1.700, 420.6
17.01, 1.701, 422.9
17.02, 1.702, 423.6
17.03, 1.703, 426.6
17.04, 1.704, 428.7
17.05, 1.705, 429.0
17.06, 1.706, 430.9
17.07, 1.707, 432.9
17.08, 1.708, 434.2
17.09, 1.709, 435.2
17.10, 1.710, 438.9
17.11, 1.711, 440.2
17.12, 1.712, 441.1
17.13, 1.713, 441.9
17.14, 1.714, 443.8
17.15, 1.715, 445.6
17.16, 1.716, 447.9
17.17, 1.717, 450.3
17.18, 1.718, 451.5
17.19, 1.719, 452.9
17.20, 1.720, 455.3
17.21, 1.721, 457.6
17.22, 1.722, 458.2
17.23, 1.723, 459.7
17.24, 1.724, 462.0
17.25, 1.725, 463.4
17.26, 1.726, 464.9
17.27, 1.727, 469.4
17.28, 1.728, 469.3
17.29, 1.729, 469.7
17.30, 1.730, 471.9
17.31, 1.731, 474.3
17.32, 1.732, 475.6
17.33, 1.733, 478.0
17.34, 1.734, 480.5
17.35, 1.735, 481.9
17.36, 1.736, 481.4
17.37, 1.737, 484.5
17.38, 1.738, 487.0
17.39, 1.739, 487.4
17.40, 1.740, 488.4
17.41, 1.741, 489.8
17.42, 1.742, 493.1
17.43, 1.743, 493.8
17.44, 1.744, 495.4
17.45, 1.745, 497.6
17.46, 1.746, 502.1
17.47, 1.747, 502.1
17.48, 1.748, 504.0
17.49, 1.749, 506.6
17.50, 1.750, 510.2
17.51, 1.751, 510.0
17.52, 1.752, 510.5
17.53, 1.753, 511.3
17.54, 1.754, 512.2
17.55, 1.755, 513.9
17.56, 1.756, 516.8
17.57, 1.757, 519.0
17.58, 1.758, 520.2
17.59, 1.759, 520.7
17.60, 1.760, 522.5
17.61, 1.761, 525.0
17.62, 1.762, 526.0
17.63, 1.763, 528.0
17.64, 1.764, 529.3
17.65, 1.765, 532.2
17.66, 1.766, 533.6
17.67, 1.767, 533.7
17.68, 1.768, 538.0
17.69, 1.769, 538.8
17.70, 1.770, 541.0
17.71, 1.771, 541.8
17.72, 1.772, 544.4
17.73, 1.773, 546.3
17.74, 1.774, 547.2
17.75, 1.775, 547.7
17.76, 1.776, 550.0
17.77, 1.777, 552.8
17.78, 1.778, 553.6
17.79, 1.779, 555.3
17.80, 1.780, 556.5
17.81, 1.781, 559.2
17.82, 1.782, 561.3
17.83, 1.783, 561.5
17.84, 1.784, 564.5
17.85, 1.785, 566.1
17.86, 1.786, 567.2
17.87, 1.787, 569.5
17.88, 1.788, 572.1
17.89, 1.789, 572.0
17.90, 1.790, 573.7
17.91, 1.791, 575.4
17.92, 1.792, 579.0
17.93, 1.793, 580.4
17.94, 1.794, 581.4
17.95, 1.795, 584.5
17.96, 1.796, 586.6
17.97, 1.797, 586.9
17.98, 1.798, 587.8
17.99, 1.799, 592.0
18.00, 1.800, 593.0
18.01, 1.801, 592.7
18.02, 1.802, 596.3
18.03, 1.803, 597.8
18.04, 1.804, 599.4
18.05, 1.805, 599.6
18.06, 1.806, 602.0
18.07, 1.807, 604.0
18.08, 1.808, 605.4
18.09, 1.809, 607.3
18.10, 1.810, 610.5
18.11, 1.811, 613.3
18.12, 1.812, 613.1
18.13, 1.813, 615.6
18.14, 1.814, 614.5
18.15, 1.815, 616.7
18.16, 1.816, 618.5
18.17, 1.817, 621.3
18.18, 1.818, 621.5
18.19, 1.819, 623.3
18.20, 1.820, 626.2
18.21, 1.821, 628.3
18.22, 1.822, 630.0
18.23, 1.823, 630.6
18.24, 1.824, 633.2
18.25, 1.825, 635.3
18.26, 1.826, 637.3
18.27, 1.827, 638.0
18.28, 1.828, 639.8
18.29, 1.829, 641.3
18.30, 1.830, 644.3
18.31, 1.831, 645.0
18.32, 1.832, 644.8
18.33, 1.833, 647.8
18.34, 1.834, 650.3
18.35, 1.835, 651.1
18.36, 1.836, 653.0
18.37, 1.837, 654.8
18.38, 1.838, 658.0
18.39, 1.839, 658.9
18.40, 1.840, 660.1
18.41, 1.841, 661.9
18.42, 1.842, 666.0
18.43, 1.843, 667.4
18.44, 1.844, 668.3
18.45, 1.845, 669.1
18.46, 1.846, 670.8
18.47, 1.847, 672.1
18.48, 1.848, 674.4
18.49, 1.849, 675.8
18.50, 1.850, 678.3
18.51, 1.851, 679.7
18.52, 1.852, 680.5
18.53, 1.853, 682.4
18.54, 1.854, 685.1
18.55, 1.855, 687.8
18.56, 1.856, 687.9
18.57, 1.857, 690.8
18.58, 1.858, 692.0
18.59, 1.859, 693.5
18.60, 1.860, 694.7
18.61, 1.861, 696.6
18.62, 1.862, 700.0
18.63, 1.863, 701.8
18.64, 1.864, 701.8
18.65, 1.865, 702.4
18.66, 1.866, 705.8
18.67, 1.867, 708.9
18.68, 1.868, 708.0
18.69, 1.869, 710.4
18.70, 1.870, 711.3
18.71, 1.871, 714.5
18.72, 1.872, 715.0
18.73, 1.873, 717.0
18.74, 1.874, 719.0
18.75, 1.875, 720.8
18.76, 1.876, 722.2
18.77, 1.877, 723.4
18.78, 1.878, 724.2
18.79, 1.879, 726.4
18.80, 1.880, 727.4
18.81, 1.881, 731.7
18.82, 1.882, 733.0
18.83, 1.883, 733.5
18.84, 1.884, 734.0
18.85, 1.885, 737.9
18.86, 1.886, 741.1
18.87, 1.887, 740.4
18.88, 1.888, 742.9
18.89, 1.889, 745.0
18.90, 1.890, 746.7
18.91, 1.891, 747.2
18.92, 1.892, 748.1
18.93, 1.893, 752.1
18.94, 1.894, 753.0
18.95, 1.895, 754.5
18.96, 1.896, 756.4
18.97, 1.897, 760.4
18.98, 1.898, 758.8
18.99, 1.899, 761.7
19.00, 1.900, 763.2
19.01, 1.901, 767.0
19.02, 1.902, 766.8
19.03, 1.903, 767.6
19.04, 1.904, 769.7
19.05, 1.905, 773.1
19.06, 1.906, 772.3
19.07, 1.907, 774.9
19.08, 1.908, 777.7
19.09, 1.909, 779.1
19.10, 1.910, 779.2
19.11, 1.911, 781.2
19.12, 1.912, 783.5
19.13, 1.913, 785.0
19.14, 1.914, 784.8
19.15, 1.915, 788.6
19.16, 1.916, 789.6
19.17, 1.917, 791.6
19.18, 1.918, 792.7
19.19, 1.919, 795.1
19.20, 1.920, 798.1
19.21, 1.921, 797.2
19.22, 1.922, 800.5
19.23, 1.923, 802.6
19.24, 1.924, 804.7
19.25, 1.925, 804.6
19.26, 1.926, 806.7
19.27, 1.927, 810.1
19.28, 1.928, 812.2
19.29, 1.929, 812.0
19.30, 1.930, 815.3
19.31, 1.931, 817.2
19.32, 1.932, 819.5
19.33, 1.933, 818.8
19.34, 1.934, 822.9
19.35, 1.935, 822.8
19.36, 1.936, 824.7
19.37, 1.937, 825.4
19.38, 1.938, 828.5
19.39, 1.939, 827.3
19.40, 1.940, 828.5
19.41, 1.941, 831.8
19.42, 1.942, 834.2
19.43, 1.943, 833.8
19.44, 1.944, 833.8
19.45, 1.945, 837.9
19.46, 1.946, 837.8
19.47, 1.947, 839.3
19.48, 1.948, 843.9
19.49, 1.949, 845.2
19.50, 1.950, 846.6
19.51, 1.951, 847.3
19.52, 1.952, 849.1
19.53, 1.953, 851.2
19.54, 1.954, 852.3
19.55, 1.955, 853.5
19.56, 1.956, 854.8
19.57, 1.957, 859.5
19.58, 1.958, 857.9
19.59, 1.959, 859.6
19.60, 1.960, 862.7
19.61, 1.961, 863.9
19.62, 1.962, 865.9
19.63, 1.963, 866.7
19.64, 1.964, 869.0
19.65, 1.965, 872.6
19.66, 1.966, 872.4
19.67, 1.967, 874.9
19.68, 1.968, 876.3
19.69, 1.969, 879.2
19.70, 1.970, 878.9
19.71, 1.971, 880.5
19.72, 1.972, 882.5
19.73, 1.973, 884.0
19.74, 1.974, 885.3
19.75, 1.975, 888.2
19.76, 1.976, 888.4
19.77, 1.977, 890.9
19.78, 1.978, 891.7
19.79, 1.979, 892.5
19.80, 1.980, 893.8
19.81, 1.981, 894.6
19.82, 1.982, 897.5
19.83, 1.983, 896.2
19.84, 1.984, 896.4
19.85, 1.985, 898.2
19.86, 1.986, 896.0
19.87, 1.987, 896.9
19.88, 1.988, 897.6
19.89, 1.989, 897.8
19.90, 1.990, 896.1
19.91, 1.991, 897.0
19.92, 1.992, 897.6
19.93, 1.993, 896.6
19.94, 1.994, 895.8
19.95, 1.995, 896.0
19.96, 1.996, 896.8
19.97, 1.997, 897.9
19.98, 1.998, 896.7
19.99, 1.999, 897.1
20.00, 2.000, 897.6
20.01, 1.999, 896.4
20.02, 1.998, 897.1
20.03, 1.997, 896.5
20.04, 1.996, 896.8
20.05, 1.995, 896.3
20.06, 1.994, 896.2
20.07, 1.993, 896.8
20.08, 1.992, 896.7
20.09, 1.991, 896.9
20.10, 1.990, 896.4
20.11, 1.989, 896.5
20.12, 1.988, 895.7
20.13, 1.987, 895.6
20.14, 1.986, 896.8
20.15, 1.985, 897.1
20.16, 1.984, 896.7
20.17, 1.983, 896.4
20.18, 1.982, 896.5
20.19, 1.981, 894.4
20.20, 1.980, 893.2
20.21, 1.979, 891.7
20.22, 1.978, 891.1
20.23, 1.977, 888.9
20.24, 1.976, 887.6
20.25, 1.975, 885.5
20.26, 1.974, 884.2
20.27, 1.973, 882.6
20.28, 1.972, 879.6
20.29, 1.971, 878.6
20.30, 1.970, 876.1
20.31, 1.969, 875.8
20.32, 1.968, 873.9
20.33, 1.967, 873.5
20.34, 1.966, 870.5
20.35, 1.965, 867.2
20.36, 1.964, 867.4
20.37, 1.963, 865.3
20.38, 1.962, 862.4
20.39, 1.961, 862.1
20.40, 1.960, 860.4
20.41, 1.959, 860.5
20.42, 1.958, 856.2
20.43, 1.957, 854.2
20.44, 1.956, 852.9
20.45, 1.955, 852.8
20.46, 1.954, 849.1
20.47, 1.953, 847.5
20.48, 1.952, 847.2
20.49, 1.951, 845.2
20.50, 1.950, 841.8
20.51, 1.949, 840.0
20.52, 1.948, 838.2
20.53, 1.947, 836.6
20.54, 1.946, 834.8
20.55, 1.945, 832.6
20.56, 1.944, 832.2
20.57, 1.943, 828.8
20.58, 1.942, 827.1
20.59, 1.941, 827.3
20.60, 1.940, 824.7
20.61, 1.939, 821.5
20.62, 1.938, 821.7
20.63, 1.937, 820.9
20.64, 1.936, 819.9
20.65, 1.935, 816.4
20.66, 1.934, 814.6
20.67, 1.933, 813.5
20.68, 1.932, 812.0
20.69, 1.931, 809.2
20.70, 1.930, 808.1
20.71, 1.929, 805.6
20.72, 1.928, 803.9
20.73, 1.927, 800.9
20.74, 1.926, 800.1
20.75, 1.925, 800.1
20.76, 1.924, 797.0
20.77, 1.923, 795.6
20.78, 1.922, 794.2
20.79, 1.921, 792.2
20.80, 1.920, 789.9
20.81, 1.919, 788.9
20.82, 1.918, 786.7
20.83, 1.917, 787.0
20.84, 1.916, 785.4
20.85, 1.915, 783.3
20.86, 1.914, 779.7
20.87, 1.913, 778.2
20.88, 1.912, 777.8
20.89, 1.911, 775.4
20.90, 1.910, 773.8
20.91, 1.909, 771.3
20.92, 1.908, 770.5
20.93, 1.907, 768.6
20.94, 1.906, 768.1
20.95, 1.905, 765.6
20.96, 1.904, 763.6
20.97, 1.903, 761.5
20.98, 1.902, 759.6
20.99, 1.901, 757.6
21.00, 1.900, 755.2
21.01, 1.899, 756.0
21.02, 1.898, 751.0
21.03, 1.897, 750.4
21.04, 1.896, 748.9
21.05, 1.895, 746.6
21.06, 1.894, 745.2
21.07, 1.893, 741.6
21.08, 1.892, 741.1
21.09, 1.891, 741.7
21.10, 1.890, 737.9
21.11, 1.889, 734.8
21.12, 1.888, 735.4
21.13, 1.887, 733.7
21.14, 1.886, 730.3
21.15, 1.885, 728.2
21.16, 1.884, 727.2
21.17, 1.883, 725.9
21.18, 1.882, 722.7
21.19, 1.881, 721.6
21.20, 1.880, 719.5
21.21, 1.879, 720.0
21.22, 1.878, 716.0
21.23, 1.877, 715.4
21.24, 1.876, 714.7
21.25, 1.875, 715.7
21.26, 1.874, 714.2
21.27, 1.873, 711.7
21.28, 1.872, 708.9
21.29, 1.871, 708.6
21.30, 1.870, 705.7
21.31, 1.869, 702.0
21.32, 1.868, 701.2
21.33, 1.867, 698.9
21.34, 1.866, 697.5
21.35, 1.865, 695.5
21.36, 1.864, 693.1
21.37, 1.863, 691.1
21.38, 1.862, 689.7
21.39, 1.861, 687.8
21.40, 1.860, 687.1
21.41, 1.859, 685.6
21.42, 1.858, 682.6
21.43, 1.857, 681.1
21.44, 1.856, 679.6
21.45, 1.855, 678.2
21.46, 1.854, 674.4
21.47, 1.853, 672.4
21.48, 1.852, 672.9
21.49, 1.851, 670.2
21.50, 1.850, 668.5
21.51, 1.849, 665.6
21.52, 1.848, 665.1
21.53, 1.847, 663.5
21.54, 1.846, 660.5
21.55, 1.845, 659.4
21.56, 1.844, 658.1
21.57, 1.843, 655.2
21.58, 1.842, 653.7
21.59, 1.841, 651.2
21.60, 1.840, 650.8
21.61, 1.839, 648.8
21.62, 1.838, 645.5
21.63, 1.837, 645.0
21.64, 1.836, 643.6
21.65, 1.835, 641.1
21.66, 1.834, 637.7
21.67, 1.833, 636.4
21.68, 1.832, 635.2
21.69, 1.831, 632.6
21.70, 1.830, 629.2
21.71, 1.829, 629.5
21.72, 1.828, 628.2
21.73, 1.827, 626.6
21.74, 1.826, 623.8
21.75, 1.825, 621.7
21.76, 1.824, 619.4
21.77, 1.823, 616.8
21.78, 1.822, 615.0
21.79, 1.821, 613.4
21.80, 1.820, 611.0
21.81, 1.819, 608.1
21.82, 1.818, 606.3
21.83, 1.817, 606.0
21.84, 1.816, 604.1
21.85, 1.815, 601.5
21.86, 1.814, 599.2
21.87, 1.813, 600.0
21.88, 1.812, 599.0
21.89, 1.811, 596.6
21.90, 1.810, 592.9
21.91, 1.809, 593.1
21.92, 1.808, 591.0
21.93, 1.807, 586.2
21.94, 1.806, 585.5
21.95, 1.805, 584.4
21.96, 1.804, 583.0
21.97, 1.803, 580.6
21.98, 1.802, 578.9
21.99, 1.801, 578.4
22.00, 1.800, 574.7
22.01, 1.799, 572.7
22.02, 1.798, 571.8
22.03, 1.797, 571.8
22.04, 1.796, 567.4
22.05, 1.795, 566.2
22.06, 1.794, 564.5
22.07, 1.793, 562.6
22.08, 1.792, 561.0
22.09, 1.791, 557.7
22.10, 1.790, 554.9
22.11, 1.789, 554.8
22.12, 1.788, 553.7
22.13, 1.787, 550.5
22.14, 1.786, 548.3
22.15, 1.785, 546.7
22.16, 1.784, 544.1
22.17, 1.783, 541.8
22.18, 1.782, 539.9
22.19, 1.781, 539.2
22.20, 1.780, 536.9
22.21, 1.779, 534.5
22.22, 1.778, 532.6
22.23, 1.777, 530.3
22.24, 1.776, 528.1
22.25, 1.775, 527.3
22.26, 1.774, 525.6
22.27, 1.773, 524.4
22.28, 1.772, 521.8
22.29, 1.771, 518.7
22.30, 1.770, 516.0
22.31, 1.769, 515.2
22.32, 1.768, 513.3
22.33, 1.767, 510.0
22.34, 1.766, 508.3
22.35, 1.765, 508.6
22.36, 1.764, 505.3
22.37, 1.763, 503.4
22.38, 1.762, 503.0
22.39, 1.761, 501.3
22.40, 1.760, 497.7
22.41, 1.759, 495.3
22.42, 1.758, 493.2
22.43, 1.757, 491.7
22.44, 1.756, 488.4
22.45, 1.755, 485.5
22.46, 1.754, 484.8
22.47, 1.753, 483.0
22.48, 1.752, 479.2
22.49, 1.751, 477.5
22.50, 1.750, 480.4
22.51, 1.749, 477.4
22.52, 1.748, 475.4
22.53, 1.747, 474.0
22.54, 1.746, 472.3
22.55, 1.745, 469.5
22.56, 1.744, 468.0
22.57, 1.743, 464.7
22.58, 1.742, 464.1
22.59, 1.741, 461.6
22.60, 1.740, 458.6
22.61, 1.739, 456.4
22.62, 1.738, 454.9
22.63, 1.737, 452.5
22.64, 1.736, 449.6
22.65, 1.735, 449.7
22.66, 1.734, 448.0
22.67, 1.733, 445.1
22.68, 1.732, 442.6
22.69, 1.731, 441.0
22.70, 1.730, 440.3
22.71, 1.729, 438.2
22.72, 1.728, 433.9
22.73, 1.727, 432.9
22.74, 1.726, 430.9
22.75, 1.725, 429.3
22.76, 1.724, 427.5
22.77, 1.723, 425.7
22.78, 1.722, 424.7
22.79, 1.721, 421.6
22.80, 1.720, 418.7
22.81, 1.719, 417.8
22.82, 1.718, 417.1
22.83, 1.717, 413.1
22.84, 1.716, 409.2
22.85, 1.715, 409.6
22.86, 1.714, 408.4
22.87, 1.713, 405.7
22.88, 1.712, 403.0
22.89, 1.711, 401.2
22.90, 1.710, 401.2
22.91, 1.709, 397.8
22.92, 1.708, 396.1
22.93, 1.707, 394.0
22.94, 1.706, 390.1
22.95, 1.705, 390.1
22.96, 1.704, 387.4
22.97, 1.703, 387.4
22.98, 1.702, 382.6
22.99, 1.701, 382.7
23.00, 1.700, 379.7
23.01, 1.699, 377.5
23.02, 1.698, 374.7
23.03, 1.697, 373.5
23.04, 1.696, 372.1
23.05, 1.695, 368.1
23.06, 1.694, 365.4
23.07, 1.693, 363.2
23.08, 1.692, 362.5
23.09, 1.691, 359.6
23.10, 1.690, 357.9
23.11, 1.689, 354.8
23.12, 1.688, 356.3
23.13, 1.687, 353.0
23.14, 1.686, 351.1
23.15, 1.685, 349.8
23.16, 1.684, 345.7
23.17, 1.683, 343.8
23.18, 1.682, 342.7
23.19, 1.681, 341.5
23.20, 1.680, 340.1
23.21, 1.679, 340.2
23.22, 1.678, 339.0
23.23, 1.677, 336.5
23.24, 1.676, 334.6
23.25, 1.675, 332.3
23.26, 1.674, 329.9
23.27, 1.673, 329.5
23.28, 1.672, 327.8
23.29, 1.671, 323.2
23.30, 1.670, 321.6
23.31, 1.669, 319.5
23.32, 1.668, 318.2
23.33, 1.667, 315.5
23.34, 1.666, 313.4
23.35, 1.665, 312.9
23.36, 1.664, 310.2
23.37, 1.663, 305.8
23.38, 1.662, 305.4
23.39, 1.661, 302.8
23.40, 1.660, 300.6
23.41, 1.659, 297.7
23.42, 1.658, 296.4
23.43, 1.657, 294.7
23.44, 1.656, 291.7
23.45, 1.655, 288.4
23.46, 1.654, 289.0
23.47, 1.653, 286.6
23.48, 1.652, 284.4
23.49, 1.651, 282.5
23.50, 1.650, 279.6
23.51, 1.649, 277.0
23.52, 1.648, 274.7
23.53, 1.647, 273.3
23.54, 1.646, 270.5
23.55, 1.645, 267.8
23.56, 1.644, 267.1
23.57, 1.643, 265.5
23.58, 1.642, 263.1
23.59, 1.641, 262.2
23.60, 1.640, 259.5
23.61, 1.639, 257.0
23.62, 1.638, 253.9
23.63, 1.637, 251.8
23.64, 1.636, 251.5
23.65, 1.635, 248.7
23.66, 1.634, 245.8
23.67, 1.633, 244.1
23.68, 1.632, 242.4
23.69, 1.631, 239.4
23.70, 1.630, 237.9
23.71, 1.629, 236.6
23.72, 1.628, 234.3
23.73, 1.627, 232.4
23.74, 1.626, 230.2
23.75, 1.625, 230.3
23.76, 1.624, 228.0
23.77, 1.623, 227.4
23.78, 1.622, 223.9
23.79, 1.621, 222.1
23.80, 1.620, 220.4
23.81, 1.619, 218.7
23.82, 1.618, 216.1
23.83, 1.617, 213.7
23.84, 1.616, 211.4
23.85, 1.615, 210.3
23.86, 1.614, 207.8
23.87, 1.613, 205.4
23.88, 1.612, 201.5
23.89, 1.611, 201.7
23.90, 1.610, 199.1
23.91, 1.609, 196.0
23.92, 1.608, 195.5
23.93, 1.607, 195.2
23.94, 1.606, 191.9
23.95, 1.605, 190.2
23.96, 1.604, 188.1
23.97, 1.603, 186.6
23.98, 1.602, 184.0
23.99, 1.601, 182.3
24.00, 1.600, 180.3
24.01, 1.599, 178.0
24.02, 1.598, 176.6
24.03, 1.597, 175.4
24.04, 1.596, 173.6
24.05, 1.595, 172.2
24.06, 1.594, 170.4
24.07, 1.593, 168.2
24.08, 1.592, 168.5
24.09, 1.591, 164.2
24.10, 1.590, 162.7
24.11, 1.589, 161.1
24.12, 1.588, 160.2
24.13, 1.587, 158.0
24.14, 1.586, 154.4
24.15, 1.585, 152.6
24.16, 1.584, 151.5
24.17, 1.583, 150.4
24.18, 1.582, 147.9
24.19, 1.581, 147.1
24.20, 1.580, 145.2
24.21, 1.579, 142.7
24.22, 1.578, 141.2
24.23, 1.577, 139.7
24.24, 1.576, 137.9
24.25, 1.575, 136.2
24.26, 1.574, 135.5
24.27, 1.573, 134.3
24.28, 1.572, 131.4
24.29, 1.571, 129.4
24.30, 1.570, 128.8
24.31, 1.569, 125.9
24.32, 1.568, 125.0
24.33, 1.567, 123.1
24.34, 1.566, 120.2
24.35, 1.565, 119.2
24.36, 1.564, 117.7
24.37, 1.563, 118.1
24.38, 1.562, 115.3
24.39, 1.561, 114.1
24.40, 1.560, 112.3
24.41, 1.559, 112.0
24.42, 1.558, 109.4
24.43, 1.557, 106.8
24.44, 1.556, 106.6
24.45, 1.555, 105.0
24.46, 1.554, 102.9
24.47, 1.553, 101.6
24.48, 1.552, 100.7
24.49, 1.551, 99.19
24.50, 1.550, 98.88
24.51, 1.549, 97.20
24.52, 1.548, 95.29
24.53, 1.547, 95.04
24.54, 1.546, 92.50
24.55, 1.545, 91.09
24.56, 1.544, 89.95
24.57, 1.543, 88.06
24.58, 1.542, 87.83
24.59, 1.541, 86.50
24.60, 1.540, 84.65
24.61, 1.539, 82.15
24.62, 1.538, 82.91
24.63, 1.537, 80.81
24.64, 1.536, 79.38
24.65, 1.535, 79.41
24.66, 1.534, 77.45
24.67, 1.533, 74.80
24.68, 1.532, 73.40
24.69, 1.531, 72.50
24.70, 1.530, 70.98
24.71, 1.529, 69.50
24.72, 1.528, 69.70
24.73, 1.527, 68.58
24.74, 1.526, 67.07
24.75, 1.525, 65.23
24.76, 1.524, 64.62
24.77, 1.523, 65.05
24.78, 1.522, 63.78
24.79, 1.521, 62.13
24.80, 1.520, 59.63
24.81, 1.519, 60.72
24.82, 1.518, 57.23
24.83, 1.517, 56.36
24.84, 1.516, 57.34
24.85, 1.515, 55.16
24.86, 1.514, 54.92
24.87, 1.513, 52.84
24.88, 1.512, 52.86
24.89, 1.511, 52.35
24.90, 1.510, 51.27
24.91, 1.509, 48.92
24.92, 1.508, 49.40
24.93, 1.507, 48.39
24.94, 1.506, 46.21
24.95, 1.505, 45.98
24.96, 1.504, 45.29
24.97, 1.503, 44.39
24.98, 1.502, 43.35
24.99, 1.501, 42.72
25.00, 1.500, 44.08
25.01, 1.499, 43.65
25.02, 1.498, 42.08
25.03, 1.497, 39.65
25.04, 1.496, 41.44
25.05, 1.495, 40.35
25.06, 1.494, 37.74
25.07, 1.493, 36.83
25.08, 1.492, 37.16
25.09, 1.491, 37.67
25.10, 1.490, 35.83
25.11, 1.489, 35.15
25.12, 1.488, 34.06
25.13, 1.487, 33.53
25.14, 1.486, 32.38
25.15, 1.485, 30.38
25.16, 1.484, 32.09
25.17, 1.483, 29.90
25.18, 1.482, 29.86
25.19, 1.481, 29.02
25.20, 1.480, 27.98
25.21, 1.479, 26.98
25.22, 1.478, 26.80
25.23, 1.477, 26.06
25.24, 1.476, 26.47
25.25, 1.475, 25.42
25.26, 1.474, 25.28
25.27, 1.473, 25.20
25.28, 1.472, 23.79
25.29, 1.471, 21.88
25.30, 1.470, 23.02
25.31, 1.469, 24.73
25.32, 1.468, 19.56
25.33, 1.467, 20.81
25.34, 1.466, 21.01
25.35, 1.465, 19.83
25.36, 1.464, 20.27
25.37, 1.463, 18.96
25.38, 1.462, 19.89
25.39, 1.461, 18.60
25.40, 1.460, 18.75
25.41, 1.459, 17.89
25.42, 1.458, 16.93
25.43, 1.457, 16.34
25.44, 1.456, 16.36
25.45, 1.455, 17.18
25.46, 1.454, 16.88
25.47, 1.453, 14.89
25.48, 1.452, 13.97
25.49, 1.451, 13.37
25.50, 1.450, 13.17
25.51, 1.449, 12.09
25.52, 1.448, 13.71
25.53, 1.447, 11.82
25.54, 1.446, 13.12
25.55, 1.445, 12.91
25.56, 1.444, 12.84
25.57, 1.443, 11.42
25.58, 1.442, 10.95
25.59, 1.441, 11.15
25.60, 1.440, 9.741
25.61, 1.439, 8.400
25.62, 1.438, 10.49
25.63, 1.437, 8.940
25.64, 1.436, 9.526
25.65, 1.435, 10.70
25.66, 1.434, 9.685
25.67, 1.433, 9.937
25.68, 1.432, 9.397
25.69, 1.431, 8.726
25.70, 1.430, 8.587
25.71, 1.429, 9.489
25.72, 1.428, 7.545
25.73, 1.427, 8.034
25.74, 1.426, 6.902
25.75, 1.425, 6.881
25.76, 1.424, 5.084
25.77, 1.423, 7.260
25.78, 1.422, 7.405
25.79, 1.421, 6.739
25.80, 1.420, 5.810
25.81, 1.419, 5.822
25.82, 1.418, 6.063
25.83, 1.417, 5.224
25.84, 1.416, 5.052
25.85, 1.415, 5.057
25.86, 1.414, 4.457
25.87, 1.413, 3.313
25.88, 1.412, 5.271
25.89, 1.411, 4.650
25.90, 1.410, 3.707
25.91, 1.409, 2.446
25.92, 1.408, 2.754
25.93, 1.407, 4.374
25.94, 1.406, 1.171
25.95, 1.405, 2.108
25.96, 1.404, 3.110
25.97, 1.403, 2.892
25.98, 1.402, 1.190
25.99, 1.401, 1.986
26.00, 1.400, 2.420
26.01, 1.399, 2.243
26.02, 1.398, 1.765
26.03, 1.397, 2.625
26.04, 1.396, 0.6774
26.05, 1.395, 3.280
26.06, 1.394, 1.600
26.07, 1.393, 1.535
26.08, 1.392, 1.562
26.09, 1.391, 0.5111
26.10, 1.390, 0.5078
26.11, 1.389, 1.285
26.12, 1.388, 0.3114
26.13, 1.387, 0.2351
26.14, 1.386, 0.4145
26.15, 1.385, 0.7169
26.16, 1.384, -0.2160
26.17, 1.383, -0.6101
26.18, 1.382, 1.372
26.19, 1.381, 1.575
26.20, 1.380, -0.8733
26.21, 1.379, -0.09991
26.22, 1.378, 0.1099
26.23, 1.377, 0.1763
26.24, 1.376, -0.5997
26.25, 1.375, 1.094
26.26, 1.374, -0.09689
26.27, 1.373, -0.5723
26.28, 1.372, -1.325
26.29, 1.371, -2.693
26.30, 1.370, -1.029
26.31, 1.369, -0.2790
26.32, 1.368, -2.915
26.33, 1.367, -0.9716
26.34, 1.366, -1.171
26.35, 1.365, -1.947
26.36, 1.364, -2.530
26.37, 1.363, -2.622
26.38, 1.362, -0.7467
26.39, 1.361, -2.826
26.40, 1.360, -1.925
26.41, 1.359, -2.054
26.42, 1.358, -0.3655
26.43, 1.357, -1.442
26.44, 1.356, -1.033
26.45, 1.355, -1.073
26.46, 1.354, -3.116
26.47, 1.353, -2.750
26.48, 1.352, -2.286
26.49, 1.351, -1.917
26.50, 1.350, -3.122
26.51, 1.349, -1.839
26.52, 1.348, -2.875
26.53, 1.347, -3.755
26.54, 1.346, -3.102
26.55, 1.345, -2.768
26.56, 1.344, -4.125
26.57, 1.343, -3.183
26.58, 1.342, -4.065
26.59, 1.341, -2.925
26.60, 1.340, -4.581
26.61, 1.339, -3.698
26.62, 1.338, -4.166
26.63, 1.337, -4.307
26.64, 1.336, -3.957
26.65, 1.335, -3.577
26.66, 1.334, -4.807
26.67, 1.333, -4.338
26.68, 1.332, -5.309
26.69, 1.331, -4.921
26.70, 1.330, -5.664
26.71, 1.329, -6.006
26.72, 1.328, -6.831
26.73, 1.327, -5.586
26.74, 1.326, -6.008
26.75, 1.325, -5.456
26.76, 1.324, -5.874
26.77, 1.323, -6.210
26.78, 1.322, -7.015
26.79, 1.321, -5.666
26.80, 1.320, -6.923
26.81, 1.319, -6.788
26.82, 1.318, -7.299
26.83, 1.317, -5.484
26.84, 1.316, -6.815
26.85, 1.315, -5.938
26.86, 1.314, -5.673
26.87, 1.313, -4.875
26.88, 1.312, -6.478
26.89, 1.311, -6.275
26.90, 1.310, -5.695
26.91, 1.309, -5.876
26.92, 1.308, -6.511
26.93, 1.307, -5.049
26.94, 1.306, -6.130
26.95, 1.305, -4.861
26.96, 1.304, -4.592
26.97, 1.303, -4.196
26.98, 1.302, -5.543
26.99, 1.301, -5.144
27.00, 1.300, -6.375
27.01, 1.299, -5.534
27.02, 1.298, -4.387
27.03, 1.297, -4.146
27.04, 1.296, -3.543
27.05, 1.295, -4.462
27.06, 1.294, -5.331
27.07, 1.293, -5.048
27.08, 1.292, -3.136
27.09, 1.291, -4.963
27.10, 1.290, -6.255
27.11, 1.289, -5.218
27.12, 1.288, -4.559
27.13, 1.287, -4.353
27.14, 1.286, -4.825
27.15, 1.285, -4.724
27.16, 1.284, -5.057
27.17, 1.283, -5.087
27.18, 1.282, -5.347
27.19, 1.281, -5.248
27.20, 1.280, -4.643
27.21, 1.279, -4.829
27.22, 1.278, -5.053
27.23, 1.277, -5.351
27.24, 1.276, -4.902
27.25, 1.275, -4.484
27.26, 1.274, -4.490
27.27, 1.273, -4.537
27.28, 1.272, -4.105
27.29, 1.271, -6.237
27.30, 1.270, -5.220
27.31, 1.269, -4.132
27.32, 1.268, -5.947
27.33, 1.267, -4.440
27.34, 1.266, -2.943
27.35, 1.265, -5.052
27.36, 1.264, -5.948
27.37, 1.263, -4.906
27.38, 1.262, -4.126
27.39, 1.261, -4.535
27.40, 1.260, -6.110
27.41, 1.259, -4.500
27.42, 1.258, -5.633
27.43, 1.257, -5.230
27.44, 1.256, -4.414
27.45, 1.255, -4.037
27.46, 1.254, -5.419
27.47, 1.253, -4.508
27.48, 1.252, -4.812
27.49, 1.251, -4.717
27.50, 1.250, -4.752
27.51, 1.249, -2.770
27.52, 1.248, -5.074
27.53, 1.247, -4.457
27.54, 1.246, -4.533
27.55, 1.245, -4.910
27.56, 1.244, -4.481
27.57, 1.243, -5.021
27.58, 1.242, -4.590
27.59, 1.241, -5.477
27.60, 1.240, -4.804
27.61, 1.239, -5.324
27.62, 1.238, -5.862
27.63, 1.237, -4.390
27.64, 1.236, -4.996
27.65, 1.235, -4.368
27.66, 1.234, -4.888
27.67, 1.233, -3.882
27.68, 1.232, -4.297
27.69, 1.231, -5.330
27.70, 1.230, -2.635
27.71, 1.229, -5.720
27.72, 1.228, -5.407
27.73, 1.227, -3.922
27.74, 1.226, -5.073
27.75, 1.225, -4.508
27.76, 1.224, -4.800
27.77, 1.223, -3.197
27.78, 1.222, -4.124
27.79, 1.221, -4.625
27.80, 1.220, -4.383
27.81, 1.219, -4.773
27.82, 1.218, -4.497
27.83, 1.217, -4.268
27.84, 1.216, -4.220
27.85, 1.215, -3.782
27.86, 1.214, -4.039
27.87, 1.213, -4.692
27.88, 1.212, -4.756
27.89, 1.211, -4.150
27.90, 1.210, -3.833
27.91, 1.209, -3.916
27.92, 1.208, -3.431
27.93, 1.207, -4.222
27.94, 1.206, -5.090
27.95, 1.205, -3.746
27.96, 1.204, -3.458
27.97, 1.203, -3.796
27.98, 1.202, -5.069
27.99, 1.201, -5.498
28.00, 1.200, -4.021
28.01, 1.199, -5.803
28.02, 1.198, -4.014
28.03, 1.197, -3.207
28.04, 1.196, -3.640
28.05, 1.195, -4.364
28.06, 1.194, -4.719
28.07, 1.193, -4.178
28.08, 1.192, -4.693
28.09, 1.191, -4.856
28.10, 1.190, -4.714
28.11, 1.189, -4.056
28.12, 1.188, -4.796
28.13, 1.187, -4.461
28.14, 1.186, -4.480
28.15, 1.185, -2.470
28.16, 1.184, -4.032
28.17, 1.183, -4.561
28.18, 1.182, -5.190
28.19, 1.181, -5.792
28.20, 1.180, -4.862
28.21, 1.179, -4.506
28.22, 1.178, -5.026
28.23, 1.177, -3.746
28.24, 1.176, -3.649
28.25, 1.175, -3.385
28.26, 1.174, -3.798
28.27, 1.173, -3.710
28.28, 1.172, -5.126
28.29, 1.171, -3.558
28.30, 1.170, -4.328
28.31, 1.169, -4.909
28.32, 1.168, -3.999
28.33, 1.167, -4.150
28.34, 1.166, -5.997
28.35, 1.165, -3.410
28.36, 1.164, -4.343
28.37, 1.163, -4.912
28.38, 1.162, -3.730
28.39, 1.161, -3.132
28.40, 1.160, -3.555
28.41, 1.159, -3.735
28.42, 1.158, -4.688
28.43, 1.157, -5.402
28.44, 1.156, -4.574
28.45, 1.155, -4.680
28.46, 1.154, -3.968
28.47, 1.153, -3.620
28.48, 1.152, -4.679
28.49, 1.151, -4.660
28.50, 1.150, -4.907
28.51, 1.149, -4.492
28.52, 1.148, -5.240
28.53, 1.147, -3.916
28.54, 1.146, -5.108
28.55, 1.145, -4.245
28.56, 1.144, -4.528
28.57, 1.143, -3.324
28.58, 1.142, -4.772
28.59, 1.141, -3.420
28.60, 1.140, -4.900
28.61, 1.139, -3.979
28.62, 1.138, -4.416
28.63, 1.137, -5.091
28.64, 1.136, -3.196
28.65, 1.135, -5.233
28.66, 1.134, -3.719
28.67, 1.133, -5.959
28.68, 1.132, -4.162
28.69, 1.131, -3.441
28.70, 1.130, -3.517
28.71, 1.129, -4.733
28.72, 1.128, -5.702
28.73, 1.127, -3.766
28.74, 1.126, -6.048
28.75, 1.125, -4.905
28.76, 1.124, -4.316
28.77, 1.123, -3.862
28.78, 1.122, -4.382
28.79, 1.121, -5.038
28.80, 1.120, -5.067
28.81, 1.119, -4.329
28.82, 1.118, -4.719
28.83, 1.117, -3.827
28.84, 1.116, -5.637
28.85, 1.115, -5.235
28.86, 1.114, -4.301
28.87, 1.113, -4.354
28.88, 1.112, -3.986
28.89, 1.111, -5.274
28.90, 1.110, -5.302
28.91, 1.109, -4.735
28.92, 1.108, -4.689
28.93, 1.107, -4.039
28.94, 1.106, -4.901
28.95, 1.105, -5.287
28.96, 1.104, -5.352
28.97, 1.103, -4.986
28.98, 1.102, -5.651
28.99, 1.101, -5.575
29.00, 1.100, -5.325
29.01, 1.099, -3.765
29.02, 1.098, -4.030
29.03, 1.097, -3.556
29.04, 1.096, -4.244
29.05, 1.095, -3.554
29.06, 1.094, -6.036
29.07, 1.093, -5.148
29.08, 1.092, -4.639
29.09, 1.091, -4.206
29.10, 1.090, -5.564
29.11, 1.089, -5.424
29.12, 1.088, -4.816
29.13, 1.087, -3.877
29.14, 1.086, -4.285
29.15, 1.085, -4.619
29.16, 1.084, -5.006
29.17, 1.083, -5.455
29.18, 1.082, -5.495
29.19, 1.081, -3.756
29.20, 1.080, -4.495
29.21, 1.079, -4.432
29.22, 1.078, -3.777
29.23, 1.077, -3.008
29.24, 1.076, -5.258
29.25, 1.075, -3.996
29.26, 1.074, -3.399
29.27, 1.073, -4.602
29.28, 1.072, -5.728
29.29, 1.071, -4.951
29.30, 1.070, -3.958
29.31, 1.069, -5.724
29.32, 1.068, -5.072
29.33, 1.067, -4.011
29.34, 1.066, -5.333
29.35, 1.065, -5.322
29.36, 1.064, -4.192
29.37, 1.063, -4.863
29.38, 1.062, -4.164
29.39, 1.061, -5.636
29.40, 1.060, -4.646
29.41, 1.059, -4.219
29.42, 1.058, -4.889
29.43, 1.057, -4.803
29.44, 1.056, -3.443
29.45, 1.055, -5.242
29.46, 1.054, -3.973
29.47, 1.053, -4.850
29.48, 1.052, -2.656
29.49, 1.051, -4.608
29.50, 1.050, -3.873
29.51, 1.049, -3.953
29.52, 1.048, -4.935
29.53, 1.047, -5.159
29.54, 1.046, -4.965
29.55, 1.045, -2.746
29.56, 1.044, -5.104
29.57, 1.043, -4.113
29.58, 1.042, -3.692
29.59, 1.041, -4.949
29.60, 1.040, -4.475
29.61, 1.039, -5.568
29.62, 1.038, -4.666
29.63, 1.037, -5.270
29.64, 1.036, -5.246
29.65, 1.035, -4.257
29.66, 1.034, -3.688
29.67, 1.033, -4.443
29.68, 1.032, -3.361
29.69, 1.031, -4.524
29.70, 1.030, -5.660
29.71, 1.029, -5.146
29.72, 1.028, -4.317
29.73, 1.027, -5.624
29.74, 1.026, -5.709
29.75, 1.025, -5.137
29.76, 1.024, -4.435
29.77, 1.023, -3.809
29.78, 1.022, -3.002
29.79, 1.021, -5.309
29.80, 1.020, -4.599
29.81, 1.019, -4.484
29.82, 1.018, -4.733
29.83, 1.017, -4.535
29.84, 1.016, -4.061
29.85, 1.015, -3.973
29.86, 1.014, -5.375
29.87, 1.013, -4.864
29.88, 1.012, -3.932
29.89, 1.011, -5.053
29.90, 1.010, -5.316
29.91, 1.009, -4.598
29.92, 1.008, -3.119
29.93, 1.007, -4.441
29.94, 1.006, -5.047
29.95, 1.005, -4.017
29.96, 1.004, -3.579
29.97, 1.003, -4.879
29.98, 1.002, -3.868
29.99, 1.001, -5.670
30.00, 1.000, -3.263
30.01, 0.9990, -4.890
30.02, 0.9980, -5.699
30.03, 0.9970, -4.865
30.04, 0.9960, -4.552
30.05, 0.9950, -4.219
30.06, 0.9940, -5.236
30.07, 0.9930, -4.246
30.08, 0.9920, -4.115
30.09, 0.9910, -5.793
30.10, 0.9900, -4.095
30.11, 0.9890, -5.055
30.12, 0.9880, -5.264
30.13, 0.9870, -5.960
30.14, 0.9860, -6.172
30.15, 0.9850, -4.936
30.16, 0.9840, -4.941
30.17, 0.9830, -4.124
30.18, 0.9820, -4.844
30.19, 0.9810, -5.572
30.20, 0.9800, -5.351
30.21, 0.9790, -4.065
30.22, 0.9780, -3.932
30.23, 0.9770, -5.081
30.24, 0.9760, -3.677
30.25, 0.9750, -4.312
30.26, 0.9740, -4.903
30.27, 0.9730, -4.712
30.28, 0.9720, -4.441
30.29, 0.9710, -4.197
30.30, 0.9700, -4.546
30.31, 0.9690, -4.654
30.32, 0.9680, -4.468
30.33, 0.9670, -4.464
30.34, 0.9660, -4.204
30.35, 0.9650, -4.318
30.36, 0.9640, -4.198
30.37, 0.9630, -4.379
30.38, 0.9620, -4.349
30.39, 0.9610, -4.689
30.40, 0.9600, -4.605
30.41, 0.9590, -5.796
30.42, 0.9580, -4.653
30.43, 0.9570, -5.329
30.44, 0.9560, -4.652
30.45, 0.9550, -5.448
30.46, 0.9540, -5.745
30.47, 0.9530, -3.622
30.48, 0.9520, -4.286
30.49, 0.9510, -6.210
30.50, 0.9500, -5.291
30.51, 0.9490, -4.283
30.52, 0.9480, -3.513
30.53, 0.9470, -5.496
30.54, 0.9460, -5.637
30.55, 0.9450, -4.915
30.56, 0.9440, -3.885
30.57, 0.9430, -5.680
30.58, 0.9420, -5.833
30.59, 0.9410, -4.356
30.60, 0.9400, -3.980
30.61, 0.9390, -5.929
30.62, 0.9380, -3.974
30.63, 0.9370, -4.617
30.64, 0.9360, -4.367
30.65, 0.9350, -6.214
30.66, 0.9340, -4.430
30.67, 0.9330, -4.280
30.68, 0.9320, -3.966
30.69, 0.9310, -4.441
30.70, 0.9300, -5.183
30.71, 0.9290, -4.791
30.72, 0.9280, -3.615
30.73, 0.9270, -6.190
30.74, 0.9260, -4.957
30.75, 0.9250, -4.782
30.76, 0.9240, -3.861
30.77, 0.9230, -5.450
30.78, 0.9220, -5.250
30.79, 0.9210, -4.614
30.80, 0.9200, -4.831
30.81, 0.9190, -4.275
30.82, 0.9180, -4.903
30.83, 0.9170, -4.855
30.84, 0.9160, -4.197
30.85, 0.9150, -4.539
30.86, 0.9140, -4.621
30.87, 0.9130, -4.539
30.88, 0.9120, -3.944
30.89, 0.9110, -5.231
30.90, 0.9100, -4.656
30.91, 0.9090, -5.209
30.92, 0.9080, -5.210
30.93, 0.9070, -4.561
30.94, 0.9060, -5.147
30.95, 0.9050, -4.186
30.96, 0.9040, -4.693
30.97, 0.9030, -4.103
30.98, 0.9020, -4.179
30.99, 0.9010, -3.350
31.00, 0.9000, -5.347
31.01, 0.8990, -4.769
31.02, 0.8980, -5.086
31.03, 0.8970, -4.704
31.04, 0.8960, -4.910
31.05, 0.8950, -4.619
31.06, 0.8940, -3.588
31.07, 0.8930, -3.213
31.08, 0.8920, -4.483
31.09, 0.8910, -6.049
31.10, 0.8900, -3.585
31.11, 0.8890, -5.783
31.12, 0.8880, -3.822
31.13, 0.8870, -4.199
31.14, 0.8860, -4.408
31.15, 0.8850, -4.277
31.16, 0.8840, -3.756
31.17, 0.8830, -4.413
31.18, 0.8820, -4.528
31.19, 0.8810, -5.325
31.20, 0.8800, -3.332
31.21, 0.8790, -4.972
31.22, 0.8780, -5.632
31.23, 0.8770, -4.119
31.24, 0.8760, -4.548
31.25, 0.8750, -5.468
31.26, 0.8740, -4.258
31.27, 0.8730, -4.497
31.28, 0.8720, -5.853
31.29, 0.8710, -5.463
31.30, 0.8700, -5.223
31.31, 0.8690, -4.117
31.32, 0.8680, -4.736
31.33, 0.8670, -4.160
31.34, 0.8660, -5.082
31.35, 0.8650, -4.976
31.36, 0.8640, -4.911
31.37, 0.8630, -4.992
31.38, 0.8620, -4.945
31.39, 0.8610, -4.605
31.40, 0.8600, -4.920
31.41, 0.8590, -5.506
31.42, 0.8580, -4.632
31.43, 0.8570, -5.043
31.44, 0.8560, -5.036
31.45, 0.8550, -5.030
31.46, 0.8540, -4.219
31.47, 0.8530, -5.039
31.48, 0.8520, -5.089
31.49, 0.8510, -3.641
31.50, 0.8500, -4.512
31.51, 0.8490, -4.329
31.52, 0.8480, -4.363
31.53, 0.8470, -5.872
31.54, 0.8460, -4.934
31.55, 0.8450, -4.039
31.56, 0.8440, -4.184
31.57, 0.8430, -5.272
31.58, 0.8420, -5.148
31.59, 0.8410, -4.611
31.60, 0.8400, -5.829
31.61, 0.8390, -4.618
31.62, 0.8380, -4.453
31.63, 0.8370, -5.747
31.64, 0.8360, -5.067
31.65, 0.8350, -5.118
31.66, 0.8340, -4.275
31.67, 0.8330, -5.061
31.68, 0.8320, -5.955
31.69, 0.8310, -3.639
31.70, 0.8300, -5.595
31.71, 0.8290, -4.283
31.72, 0.8280, -4.135
31.73, 0.8270, -4.744
31.74, 0.8260, -5.372
31.75, 0.8250, -3.742
31.76, 0.8240, -5.345
31.77, 0.8230, -4.828
31.78, 0.8220, -5.108
31.79, 0.8210, -4.842
31.80, 0.8200, -4.504
31.81, 0.8190, -4.255
31.82, 0.8180, -4.951
31.83, 0.8170, -3.501
31.84, 0.8160, -5.600
31.85, 0.8150, -4.290
31.86, 0.8140, -4.301
31.87, 0.8130, -4.741
31.88, 0.8120, -5.225
31.89, 0.8110, -4.823
31.90, 0.8100, -3.941
31.91, 0.8090, -4.250
31.92, 0.8080, -5.628
31.93, 0.8070, -4.331
31.94, 0.8060, -4.922
31.95, 0.8050, -4.489
31.96, 0.8040, -6.032
31.97, 0.8030, -4.821
31.98, 0.8020, -6.529
31.99, 0.8010, -4.274
32.00, 0.8000, -4.607
32.01, 0.7990, -4.244
32.02, 0.7980, -4.249
32.03, 0.7970, -4.570
32.04, 0.7960, -4.610
32.05, 0.7950, -4.443
32.06, 0.7940, -3.959
32.07, 0.7930, -6.025
32.08, 0.7920, -4.072
32.09, 0.7910, -3.699
32.10, 0.7900, -3.668
32.11, 0.7890, -5.096
32.12, 0.7880, -4.880
32.13, 0.7870, -5.828
32.14, 0.7860, -3.892
32.15, 0.7850, -4.316
32.16, 0.7840, -4.773
32.17, 0.7830, -3.213
32.18, 0.7820, -5.040
32.19, 0.7810, -4.476
32.20, 0.7800, -4.186
32.21, 0.7790, -4.185
32.22, 0.7780, -4.823
32.23, 0.7770, -4.855
32.24, 0.7760, -4.768
32.25, 0.7750, -4.350
32.26, 0.7740, -5.525
32.27, 0.7730, -4.956
32.28, 0.7720, -5.478
32.29, 0.7710, -6.158
32.30, 0.7700, -4.411
32.31, 0.7690, -3.096
32.32, 0.7680, -4.736
32.33, 0.7670, -5.292
32.34, 0.7660, -4.404
32.35, 0.7650, -4.786
32.36, 0.7640, -4.551
32.37, 0.7630, -3.934
32.38, 0.7620, -3.725
32.39, 0.7610, -4.531
32.40, 0.7600, -4.492
32.41, 0.7590, -3.465
32.42, 0.7580, -4.929
32.43, 0.7570, -4.012
32.44, 0.7560, -3.914
32.45, 0.7550, -5.545
32.46, 0.7540, -4.911
32.47, 0.7530, -5.911
32.48, 0.7520, -4.380
32.49, 0.7510, -5.243
32.50, 0.7500, -4.836
32.51, 0.7490, -5.644
32.52, 0.7480, -4.370
32.53, 0.7470, -5.756
32.54, 0.7460, -3.649
32.55, 0.7450, -5.664
32.56, 0.7440, -4.934
32.57, 0.7430, -4.263
32.58, 0.7420, -5.082
32.59, 0.7410, -6.065
32.60, 0.7400, -5.008
32.61, 0.7390, -4.831
32.62, 0.7380, -4.660
32.63, 0.7370, -5.066
32.64, 0.7360, -5.298
32.65, 0.7350, -5.515
32.66, 0.7340, -5.287
32.67, 0.7330, -5.165
32.68, 0.7320, -5.181
32.69, 0.7310, -5.702
32.70, 0.7300, -6.070
32.71, 0.7290, -4.636
32.72, 0.7280, -4.959
32.73, 0.7270, -5.603
32.74, 0.7260, -5.961
32.75, 0.7250, -4.191
32.76, 0.7240, -4.190
32.77, 0.7230, -5.541
32.78, 0.7220, -5.711
32.79, 0.7210, -4.306
32.80, 0.7200, -5.181
32.81, 0.7190, -5.302
32.82, 0.7180, -4.616
32.83, 0.7170, -4.555
32.84, 0.7160, -5.387
32.85, 0.7150, -4.154
32.86, 0.7140, -3.143
32.87, 0.7130, -6.379
32.88, 0.7120, -5.447
32.89, 0.7110, -5.703
32.90, 0.7100, -3.668
32.91, 0.7090, -5.298
32.92, 0.7080, -5.136
32.93, 0.7070, -3.048
32.94, 0.7060, -3.231
32.95, 0.7050, -5.130
32.96, 0.7040, -5.211
32.97, 0.7030, -4.193
32.98, 0.7020, -5.096
32.99, 0.7010, -5.054
33.00, 0.7000, -3.730
33.01, 0.6990, -3.500
33.02, 0.6980, -6.069
33.03, 0.6970, -4.171
33.04, 0.6960, -5.041
33.05, 0.6950, -5.184
33.06, 0.6940, -4.614
33.07, 0.6930, -4.135
33.08, 0.6920, -3.000
33.09, 0.6910, -5.531
33.10, 0.6900, -4.346
33.11, 0.6890, -5.810
33.12, 0.6880, -4.764
33.13, 0.6870, -4.659
33.14, 0.6860, -4.957
33.15, 0.6850, -3.979
33.16, 0.6840, -5.617
33.17, 0.6830, -5.759
33.18, 0.6820, -4.217
33.19, 0.6810, -4.337
33.20, 0.6800, -6.188
33.21, 0.6790, -4.682
33.22, 0.6780, -4.756
33.23, 0.6770, -4.354
33.24, 0.6760, -4.927
33.25, 0.6750, -5.113
33.26, 0.6740, -4.091
33.27, 0.6730, -5.119
33.28, 0.6720, -4.946
33.29, 0.6710, -4.776
33.30, 0.6700, -4.507
33.31, 0.6690, -5.092
33.32, 0.6680, -5.381
33.33, 0.6670, -4.416
33.34, 0.6660, -4.525
33.35, 0.6650, -5.234
33.36, 0.6640, -5.334
33.37, 0.6630, -3.807
33.38, 0.6620, -4.329
33.39, 0.6610, -4.339
33.40, 0.6600, -4.928
33.41, 0.6590, -4.621
33.42, 0.6580, -5.022
33.43, 0.6570, -4.951
33.44, 0.6560, -4.729
33.45, 0.6550, -4.093
33.46, 0.6540, -4.461
33.47, 0.6530, -4.656
33.48, 0.6520, -4.929
33.49, 0.6510, -4.767
33.50, 0.6500, -4.315
33.51, 0.6490, -4.690
33.52, 0.6480, -5.197
33.53, 0.6470, -5.821
33.54, 0.6460, -5.084
33.55, 0.6450, -4.722
33.56, 0.6440, -5.558
33.57, 0.6430, -4.545
33.58, 0.6420, -4.989
33.59, 0.6410, -3.823
33.60, 0.6400, -3.331
33.61, 0.6390, -4.140
33.62, 0.6380, -5.994
33.63, 0.6370, -4.908
33.64, 0.6360, -5.375
33.65, 0.6350, -3.702
33.66, 0.6340, -3.667
33.67, 0.6330, -5.176
33.68, 0.6320, -5.017
33.69, 0.6310, -4.491
33.70, 0.6300, -4.861
33.71, 0.6290, -5.437
33.72, 0.6280, -5.535
33.73, 0.6270, -4.210
33.74, 0.6260, -4.417
33.75, 0.6250, -5.832
33.76, 0.6240, -6.054
33.77, 0.6230, -3.432
33.78, 0.6220, -4.347
33.79, 0.6210, -4.501
33.80, 0.6200, -5.385
33.81, 0.6190, -6.052
33.82, 0.6180, -5.123
33.83, 0.6170, -5.089
33.84, 0.6160, -4.576
33.85, 0.6150, -6.263
33.86, 0.6140, -3.781
33.87, 0.6130, -4.494
33.88, 0.6120, -3.840
33.89, 0.6110, -4.276
33.90, 0.6100, -4.695
33.91, 0.6090, -5.022
33.92, 0.6080, -4.429
33.93, 0.6070, -5.793
33.94, 0.6060, -4.999
33.95, 0.6050, -5.584
33.96, 0.6040, -4.794
33.97, 0.6030, -5.077
33.98, 0.6020, -4.515
33.99, 0.6010, -5.757
34.00, 0.6000, -5.041
34.01, 0.5990, -5.154
34.02, 0.5980, -5.393
34.03, 0.5970, -4.233
34.04, 0.5960, -6.088
34.05, 0.5950, -4.507
34.06, 0.5940, -4.407
34.07, 0.5930, -5.362
34.08, 0.5920, -6.844
34.09, 0.5910, -5.167
34.10, 0.5900, -5.287
34.11, 0.5890, -4.623
34.12, 0.5880, -5.114
34.13, 0.5870, -5.149
34.14, 0.5860, -4.910
34.15, 0.5850, -5.144
34.16, 0.5840, -3.933
34.17, 0.5830, -4.530
34.18, 0.5820, -4.164
34.19, 0.5810, -5.141
34.20, 0.5800, -5.298
34.21, 0.5790, -4.372
34.22, 0.5780, -5.310
34.23, 0.5770, -4.177
34.24, 0.5760, -5.786
34.25, 0.5750, -4.798
34.26, 0.5740, -4.903
34.27, 0.5730, -6.094
34.28, 0.5720, -5.282
34.29, 0.5710, -5.998
34.30, 0.5700, -5.135
34.31, 0.5690, -3.656
34.32, 0.5680, -4.674
34.33, 0.5670, -5.532
34.34, 0.5660, -4.770
34.35, 0.5650, -3.721
34.36, 0.5640, -4.026
34.37, 0.5630, -4.800
34.38, 0.5620, -4.531
34.39, 0.5610, -5.922
34.40, 0.5600, -6.212
34.41, 0.5590, -4.386
34.42, 0.5580, -4.247
34.43, 0.5570, -4.491
34.44, 0.5560, -4.804
34.45, 0.5550, -3.483
34.46, 0.5540, -4.309
34.47, 0.5530, -3.974
34.48, 0.5520, -6.191
34.49, 0.5510, -5.124
34.50, 0.5500, -4.217
34.51, 0.5490, -5.614
34.52, 0.5480, -6.191
34.53, 0.5470, -4.124
34.54, 0.5460, -4.213
34.55, 0.5450, -4.658
34.56, 0.5440, -5.569
34.57, 0.5430, -4.464
34.58, 0.5420, -3.813
34.59, 0.5410, -4.406
34.60, 0.5400, -4.059
34.61, 0.5390, -5.011
34.62, 0.5380, -4.715
34.63, 0.5370, -4.658
34.64, 0.5360, -5.132
34.65, 0.5350, -5.167
34.66, 0.5340, -5.268
34.67, 0.5330, -6.149
34.68, 0.5320, -5.025
34.69, 0.5310, -4.201
34.70, 0.5300, -4.429
34.71, 0.5290, -4.905
34.72, 0.5280, -4.491
34.73, 0.5270, -5.549
34.74, 0.5260, -4.464
34.75, 0.5250, -5.968
34.76, 0.5240, -5.045
34.77, 0.5230, -4.433
34.78, 0.5220, -5.464
34.79, 0.5210, -4.553
34.80, 0.5200, -5.326
34.81, 0.5190, -5.170
34.82, 0.5180, -4.457
34.83, 0.5170, -5.981
34.84, 0.5160, -6.296
34.85, 0.5150, -5.767
34.86, 0.5140, -5.628
34.87, 0.5130, -5.182
34.88, 0.5120, -5.057
34.89, 0.5110, -4.985
34.90, 0.5100, -5.242
34.91, 0.5090, -5.252
34.92, 0.5080, -5.386
34.93, 0.5070, -4.013
34.94, 0.5060, -4.539
34.95, 0.5050, -5.274
34.96, 0.5040, -4.639
34.97, 0.5030, -5.893
34.98, 0.5020, -6.382
34.99, 0.5010, -4.998
35.00, 0.5000, -5.524
35.01, 0.4990, -4.495
35.02, 0.4980, -4.737
35.03, 0.4970, -3.871
35.04, 0.4960, -4.878
35.05, 0.4950, -5.238
35.06, 0.4940, -4.782
35.07, 0.4930, -3.849
35.08, 0.4920, -4.381
35.09, 0.4910, -6.250
35.10, 0.4900, -4.122
35.11, 0.4890, -5.155
35.12, 0.4880, -4.619
35.13, 0.4870, -3.696
35.14, 0.4860, -3.673
35.15, 0.4850, -5.328
35.16, 0.4840, -4.584
35.17, 0.4830, -5.452
35.18, 0.4820, -5.288
35.19, 0.4810, -4.365
35.20, 0.4800, -4.206
35.21, 0.4790, -4.829
35.22, 0.4780, -5.221
35.23, 0.4770, -4.412
35.24, 0.4760, -5.224
35.25, 0.4750, -5.386
35.26, 0.4740, -5.539
35.27, 0.4730, -6.753
35.28, 0.4720, -4.865
35.29, 0.4710, -5.231
35.30, 0.4700, -4.785
35.31, 0.4690, -4.668
35.32, 0.4680, -5.553
35.33, 0.4670, -4.459
35.34, 0.4660, -6.058
35.35, 0.4650, -3.929
35.36, 0.4640, -4.645
35.37, 0.4630, -5.280
35.38, 0.4620, -4.750
35.39, 0.4610, -4.807
35.40, 0.4600, -4.555
35.41, 0.4590, -4.866
35.42, 0.4580, -3.803
35.43, 0.4570, -5.358
35.44, 0.4560, -3.842
35.45, 0.4550, -5.212
35.46, 0.4540, -5.049
35.47, 0.4530, -4.471
35.48, 0.4520, -6.410
35.49, 0.4510, -4.090
35.50, 0.4500, -5.130
35.51, 0.4490, -5.408
35.52, 0.4480, -4.276
35.53, 0.4470, -5.180
35.54, 0.4460, -5.981
35.55, 0.4450, -6.042
35.56, 0.4440, -4.541
35.57, 0.4430, -5.011
35.58, 0.4420, -5.900
35.59, 0.4410, -4.108
35.60, 0.4400, -4.877
35.61, 0.4390, -4.516
35.62, 0.4380, -5.511
35.63, 0.4370, -5.257
35.64, 0.4360, -4.826
35.65, 0.4350, -6.105
35.66, 0.4340, -4.464
35.67, 0.4330, -6.066
35.68, 0.4320, -5.878
35.69, 0.4310, -5.843
35.70, 0.4300, -5.727
35.71, 0.4290, -4.547
35.72, 0.4280, -3.384
35.73, 0.4270, -5.801
35.74, 0.4260, -5.797
35.75, 0.4250, -5.913
35.76, 0.4240, -4.387
35.77, 0.4230, -4.551
35.78, 0.4220, -5.716
35.79, 0.4210, -4.880
35.80, 0.4200, -4.678
35.81, 0.4190, -5.061
35.82, 0.4180, -4.472
35.83, 0.4170, -3.899
35.84, 0.4160, -3.956
35.85, 0.4150, -4.761
35.86, 0.4140, -6.183
35.87, 0.4130, -4.801
35.88, 0.4120, -5.505
35.89, 0.4110, -5.207
35.90, 0.4100, -5.028
35.91, 0.4090, -4.054
35.92, 0.4080, -5.057
35.93, 0.4070, -4.217
35.94, 0.4060, -4.647
35.95, 0.4050, -5.357
35.96, 0.4040, -4.005
35.97, 0.4030, -4.436
35.98, 0.4020, -5.013
35.99, 0.4010, -5.020
36.00, 0.4000, -6.214
36.01, 0.3990, -6.477
36.02, 0.3980, -5.099
36.03, 0.3970, -5.537
36.04, 0.3960, -5.254
36.05, 0.3950, -4.951
36.06, 0.3940, -4.486
36.07, 0.3930, -5.693
36.08, 0.3920, -6.232
36.09, 0.3910, -4.445
36.10, 0.3900, -4.251
36.11, 0.3890, -4.955
36.12, 0.3880, -4.958
36.13, 0.3870, -4.034
36.14, 0.3860, -6.357
36.15, 0.3850, -6.827
36.16, 0.3840, -3.175
36.17, 0.3830, -3.928
36.18, 0.3820, -5.820
36.19, 0.3810, -5.095
36.20, 0.3800, -4.832
36.21, 0.3790, -5.394
36.22, 0.3780, -5.861
36.23, 0.3770, -4.563
36.24, 0.3760, -5.021
36.25, 0.3750, -5.155
36.26, 0.3740, -5.048
36.27, 0.3730, -4.589
36.28, 0.3720, -4.004
36.29, 0.3710, -5.302
36.30, 0.3700, -5.676
36.31, 0.3690, -5.903
36.32, 0.3680, -3.168
36.33, 0.3670, -4.393
36.34, 0.3660, -5.048
36.35, 0.3650, -5.277
36.36, 0.3640, -5.499
36.37, 0.3630, -5.497
36.38, 0.3620, -5.492
36.39, 0.3610, -4.239
36.40, 0.3600, -4.182
36.41, 0.3590, -5.551
36.42, 0.3580, -4.995
36.43, 0.3570, -5.618
36.44, 0.3560, -5.186
36.45, 0.3550, -4.651
36.46, 0.3540, -5.483
36.47, 0.3530, -4.598
36.48, 0.3520, -5.014
36.49, 0.3510, -5.273
36.50, 0.3500, -6.048
36.51, 0.3490, -4.282
36.52, 0.3480, -4.551
36.53, 0.3470, -4.932
36.54, 0.3460, -4.335
36.55, 0.3450, -3.385
36.56, 0.3440, -4.772
36.57, 0.3430, -4.448
36.58, 0.3420, -4.481
36.59, 0.3410, -6.341
36.60, 0.3400, -5.612
36.61, 0.3390, -5.206
36.62, 0.3380, -4.766
36.63, 0.3370, -5.047
36.64, 0.3360, -5.225
36.65, 0.3350, -5.848
36.66, 0.3340, -4.125
36.67, 0.3330, -5.320
36.68, 0.3320, -6.321
36.69, 0.3310, -4.676
36.70, 0.3300, -5.733
36.71, 0.3290, -4.784
36.72, 0.3280, -4.414
36.73, 0.3270, -4.081
36.74, 0.3260, -5.473
36.75, 0.3250, -4.885
36.76, 0.3240, -5.337
36.77, 0.3230, -4.948
36.78, 0.3220, -5.696
36.79, 0.3210, -3.432
36.80, 0.3200, -5.064
36.81, 0.3190, -5.428
36.82, 0.3180, -5.450
36.83, 0.3170, -4.215
36.84, 0.3160, -5.298
36.85, 0.3150, -5.340
36.86, 0.3140, -4.966
36.87, 0.3130, -4.156
36.88, 0.3120, -5.173
36.89, 0.3110, -5.037
36.90, 0.3100, -5.059
36.91, 0.3090, -5.976
36.92, 0.3080, -4.636
36.93, 0.3070, -6.137
36.94, 0.3060, -4.565
36.95, 0.3050, -5.681
36.96, 0.3040, -4.839
36.97, 0.3030, -4.957
36.98, 0.3020, -4.785
36.99, 0.3010, -5.086
37.00, 0.3000, -5.126
37.01, 0.2990, -4.348
37.02, 0.2980, -6.708
37.03, 0.2970, -4.209
37.04, 0.2960, -4.631
37.05, 0.2950, -4.132
37.06, 0.2940, -6.768
37.07, 0.2930, -4.742
37.08, 0.2920, -3.322
37.09, 0.2910, -4.877
37.10, 0.2900, -4.552
37.11, 0.2890, -4.760
37.12, 0.2880, -4.778
37.13, 0.2870, -4.536
37.14, 0.2860, -6.250
37.15, 0.2850, -5.235
37.16, 0.2840, -5.377
37.17, 0.2830, -5.315
37.18, 0.2820, -4.212
37.19, 0.2810, -5.024
37.20, 0.2800, -5.202
37.21, 0.2790, -4.085
37.22, 0.2780, -4.492
37.23, 0.2770, -4.976
37.24, 0.2760, -5.277
37.25, 0.2750, -5.302
37.26, 0.2740, -6.551
37.27, 0.2730, -5.898
37.28, 0.2720, -4.958
37.29, 0.2710, -5.151
37.30, 0.2700, -5.339
37.31, 0.2690, -5.653
37.32, 0.2680, -4.801
37.33, 0.2670, -5.085
37.34, 0.2660, -5.768
37.35, 0.2650, -5.416
37.36, 0.2640, -6.117
37.37, 0.2630, -5.851
37.38, 0.2620, -6.077
37.39, 0.2610, -4.487
37.40, 0.2600, -6.008
37.41, 0.2590, -4.843
37.42, 0.2580, -5.034
37.43, 0.2570, -5.375
37.44, 0.2560, -4.959
37.45, 0.2550, -4.213
37.46, 0.2540, -6.269
37.47, 0.2530, -4.814
37.48, 0.2520, -4.218
37.49, 0.2510, -4.755
37.50, 0.2500, -5.295
37.51, 0.2490, -4.962
37.52, 0.2480, -4.743
37.53, 0.2470, -7.009
37.54, 0.2460, -5.608
37.55, 0.2450, -4.364
37.56, 0.2440, -4.773
37.57, 0.2430, -5.493
37.58, 0.2420, -4.437
37.59, 0.2410, -5.196
37.60, 0.2400, -5.626
37.61, 0.2390, -5.034
37.62, 0.2380, -4.205
37.63, 0.2370, -5.133
37.64, 0.2360, -5.216
37.65, 0.2350, -4.477
37.66, 0.2340, -4.511
37.67, 0.2330, -4.277
37.68, 0.2320, -5.370
37.69, 0.2310, -4.724
37.70, 0.2300, -8.069
37.71, 0.2290, -6.259
37.72, 0.2280, -5.715
37.73, 0.2270, -4.979
37.74, 0.2260, -6.817
37.75, 0.2250, -7.237
37.76, 0.2240, -5.409
37.77, 0.2230, -5.751
37.78, 0.2220, -6.215
37.79, 0.2210, -4.933
37.80, 0.2200, -4.494
37.81, 0.2190, -6.008
37.82, 0.2180, -5.471
37.83, 0.2170, -5.546
37.84, 0.2160, -5.605
37.85, 0.2150, -5.885
37.86, 0.2140, -6.041
37.87, 0.2130, -4.945
37.88, 0.2120, -6.583
37.89, 0.2110, -6.487
37.90, 0.2100, -5.672
37.91, 0.2090, -5.225
37.92, 0.2080, -5.688
37.93, 0.2070, -6.576
37.94, 0.2060, -5.507
37.95, 0.2050, -4.984
37.96, 0.2040, -5.808
37.97, 0.2030, -5.082
37.98, 0.2020, -4.660
37.99, 0.2010, -5.017
38.00, 0.2000, -5.469
38.01, 0.1990, -5.794
38.02, 0.1980, -5.470
38.03, 0.1970, -4.575
38.04, 0.1960, -6.008
38.05, 0.1950, -4.754
38.06, 0.1940, -5.527
38.07, 0.1930, -4.875
38.08, 0.1920, -6.514
38.09, 0.1910, -5.194
38.10, 0.1900, -5.559
38.11, 0.1890, -5.894
38.12, 0.1880, -6.280
38.13, 0.1870, -3.791
38.14, 0.1860, -5.604
38.15, 0.1850, -6.351
38.16, 0.1840, -4.818
38.17, 0.1830, -6.080
38.18, 0.1820, -5.619
38.19, 0.1810, -5.908
38.20, 0.1800, -5.030
38.21, 0.1790, -4.166
38.22, 0.1780, -5.536
38.23, 0.1770, -4.331
38.24, 0.1760, -5.578
38.25, 0.1750, -4.500
38.26, 0.1740, -5.904
38.27, 0.1730, -5.121
38.28, 0.1720, -4.392
38.29, 0.1710, -5.193
38.30, 0.1700, -4.471
38.31, 0.1690, -5.838
38.32, 0.1680, -5.331
38.33, 0.1670, -6.577
38.34, 0.1660, -4.678
38.35, 0.1650, -5.367
38.36, 0.1640, -4.528
38.37, 0.1630, -5.016
38.38, 0.1620, -4.019
38.39, 0.1610, -4.296
38.40, 0.1600, -6.039
38.41, 0.1590, -5.550
38.42, 0.1580, -5.189
38.43, 0.1570, -5.317
38.44, 0.1560, -7.182
38.45, 0.1550, -4.986
38.46, 0.1540, -5.065
38.47, 0.1530, -4.731
38.48, 0.1520, -6.025
38.49, 0.1510, -5.440
38.50, 0.1500, -4.771
38.51, 0.1490, -6.232
38.52, 0.1480, -5.647
38.53, 0.1470, -4.825
38.54, 0.1460, -5.449
38.55, 0.1450, -5.710
38.56, 0.1440, -5.539
38.57, 0.1430, -6.127
38.58, 0.1420, -5.965
38.59, 0.1410, -5.639
38.60, 0.1400, -6.089
38.61, 0.1390, -4.931
38.62, 0.1380, -6.237
38.63, 0.1370, -5.633
38.64, 0.1360, -4.906
38.65, 0.1350, -5.810
38.66, 0.1340, -5.836
38.67, 0.1330, -5.687
38.68, 0.1320, -5.332
38.69, 0.1310, -4.522
38.70, 0.1300, -4.757
38.71, 0.1290, -5.256
38.72, 0.1280, -3.900
38.73, 0.1270, -5.460
38.74, 0.1260, -5.738
38.75, 0.1250, -5.525
38.76, 0.1240, -5.400
38.77, 0.1230, -4.695
38.78, 0.1220, -5.418
38.79, 0.1210, -6.001
38.80, 0.1200, -5.642
38.81, 0.1190, -6.158
38.82, 0.1180, -6.515
38.83, 0.1170, -5.003
38.84, 0.1160, -5.519
38.85, 0.1150, -4.856
38.86, 0.1140, -4.732
38.87, 0.1130, -5.926
38.88, 0.1120, -6.279
38.89, 0.1110, -5.721
38.90, 0.1100, -5.849
38.91, 0.1090, -5.111
38.92, 0.1080, -6.125
38.93, 0.1070, -5.014
38.94, 0.1060, -4.989
38.95, 0.1050, -5.054
38.96, 0.1040, -6.710
38.97, 0.1030, -5.703
38.98, 0.1020, -5.670
38.99, 0.1010, -6.374
39.00, 0.1000, -6.917
39.01, 0.09900, -5.150
39.02, 0.09800, -5.127
39.03, 0.09700, -5.332
39.04, 0.09600, -5.510
39.05, 0.09500, -5.182
39.06, 0.09400, -4.729
39.07, 0.09300, -5.536
39.08, 0.09200, -5.848
39.09, 0.09100, -4.616
39.10, 0.09000, -5.466
39.11, 0.08900, -5.497
39.12, 0.08800, -5.729
39.13, 0.08700, -5.744
39.14, 0.08600, -5.260
39.15, 0.08500, -6.947
39.16, 0.08400, -5.390
39.17, 0.08300, -5.890
39.18, 0.08200, -5.052
39.19, 0.08100, -4.970
39.20, 0.08000, -5.936
39.21, 0.07900, -5.155
39.22, 0.07800, -7.067
39.23, 0.07700, -4.935
39.24, 0.07600, -4.871
39.25, 0.07500, -4.593
39.26, 0.07400, -5.413
39.27, 0.07300, -5.100
39.28, 0.07200, -5.432
39.29, 0.07100, -5.564
39.30, 0.07000, -6.273
39.31, 0.06900, -6.211
39.32, 0.06800, -4.550
39.33, 0.06700, -4.302
39.34, 0.06600, -6.359
39.35, 0.06500, -5.611
39.36, 0.06400, -4.866
39.37, 0.06300, -5.087
39.38, 0.06200, -5.393
39.39, 0.06100, -4.726
39.40, 0.06000, -5.106
39.41, 0.05900, -4.733
39.42, 0.05800, -5.341
39.43, 0.05700, -6.133
39.44, 0.05600, -6.748
39.45, 0.05500, -5.024
39.46, 0.05400, -6.136
39.47, 0.05300, -5.531
39.48, 0.05200, -6.224
39.49, 0.05100, -5.270
39.50, 0.05000, -4.283
39.51, 0.04900, -5.469
39.52, 0.04800, -4.812
39.53, 0.04700, -6.738
39.54, 0.04600, -5.189
39.55, 0.04500, -5.267
39.56, 0.04400, -4.880
39.57, 0.04300, -5.122
39.58, 0.04200, -5.588
39.59, 0.04100, -5.439
39.60, 0.04000, -5.254
39.61, 0.03900, -6.449
39.62, 0.03800, -5.530
39.63, 0.03700, -6.752
39.64, 0.03600, -4.265
39.65, 0.03500, -5.941
39.66, 0.03400, -5.369
39.67, 0.03300, -4.953
39.68, 0.03200, -4.194
39.69, 0.03100, -5.079
39.70, 0.03000, -5.050
39.71, 0.02900, -6.233
39.72, 0.02800, -5.320
39.73, 0.02700, -6.962
39.74, 0.02600, -6.045
39.75, 0.02500, -3.965
39.76, 0.02400, -3.887
39.77, 0.02300, -4.872
39.78, 0.02200, -5.551
39.79, 0.02100, -4.373
39.80, 0.02000, -5.910
39.81, 0.01900, -6.302
39.82, 0.01800, -6.733
39.83, 0.01700, -5.386
39.84, 0.01600, -4.389
39.85, 0.01500, -5.929
39.86, 0.01400, -5.220
39.87, 0.01300, -4.427
39.88, 0.01200, -6.675
39.89, 0.01100, -6.245
39.90, 0.01000, -5.694
39.91, 0.009000, -6.239
39.92, 0.008000, -5.419
39.93, 0.007000, -4.579
39.94, 0.006000, -6.198
39.95, 0.005000, -5.272
39.96, 0.004000, -4.736
39.97, 0.003000, -5.146
39.98, 0.002000, -4.780
39.99, 0.001000, -6.995
40.00, 0.000, -4.682
