0.01000, 0.001000, 2.744
0.02000, 0.002000, -2.128
0.03000, 0.003000, -3.115
0.04000, 0.004000, -2.748
0.05000, 0.005000, -4.402
0.06000, 0.006000, -4.345
0.07000, 0.007000, -2.876
0.08000, 0.008000, -3.773
0.09000, 0.009000, -3.537
0.1000, 0.01000, -4.087
0.1100, 0.01100, -4.934
0.1200, 0.01200, -2.273
0.1300, 0.01300, -4.262
0.1400, 0.01400, -3.232
0.1500, 0.01500, -3.525
0.1600, 0.01600, -4.263
0.1700, 0.01700, -4.742
0.1800, 0.01800, -4.931
0.1900, 0.01900, -4.028
0.2000, 0.02000, -5.010
0.2100, 0.02100, -5.588
0.2200, 0.02200, -3.775
0.2300, 0.02300, -4.699
0.2400, 0.02400, -4.317
0.2500, 0.02500, -5.948
0.2600, 0.02600, -4.309
0.2700, 0.02700, -4.507
0.2800, 0.02800, -5.093
0.2900, 0.02900, -4.900
0.3000, 0.03000, -4.143
0.3100, 0.03100, -3.990
0.3200, 0.03200, -3.796
0.3300, 0.03300, -4.681
0.3400, 0.03400, -4.041
0.3500, 0.03500, -3.821
0.3600, 0.03600, -3.552
0.3700, 0.03700, -5.914
0.3800, 0.03800, -4.679
0.3900, 0.03900, -4.243
0.4000, 0.04000, -3.242
0.4100, 0.04100, -5.538
0.4200, 0.04200, -4.528
0.4300, 0.04300, -4.039
0.4400, 0.04400, -4.364
0.4500, 0.04500, -3.826
0.4600, 0.04600, -5.243
0.4700, 0.04700, -4.344
0.4800, 0.04800, -5.172
0.4900, 0.04900, -4.875
0.5000, 0.05000, -4.105
0.5100, 0.05100, -3.726
0.5200, 0.05200, -4.815
0.5300, 0.05300, -4.116
0.5400, 0.05400, -4.672
0.5500, 0.05500, -3.441
0.5600, 0.05600, -2.962
0.5700, 0.05700, -5.202
0.5800, 0.05800, -4.293
0.5900, 0.05900, -3.319
0.6000, 0.06000, -4.577
0.6100, 0.06100, -4.077
0.6200, 0.06200, -4.487
0.6300, 0.06300, -3.379
0.6400, 0.06400, -3.776
0.6500, 0.06500, -5.365
0.6600, 0.06600, -4.728
0.6700, 0.06700, -5.278
0.6800, 0.06800, -4.081
0.6900, 0.06900, -4.700
0.7000, 0.07000, -4.142
0.7100, 0.07100, -3.806
0.7200, 0.07200, -3.383
0.7300, 0.07300, -3.883
0.7400, 0.07400, -3.668
0.7500, 0.07500, -3.929
0.7600, 0.07600, -4.925
0.7700, 0.07700, -5.577
0.7800, 0.07800, -3.474
0.7900, 0.07900, -4.832
0.8000, 0.08000, -4.309
0.8100, 0.08100, -4.347
0.8200, 0.08200, -2.882
0.8300, 0.08300, -4.739
0.8400, 0.08400, -4.787
0.8500, 0.08500, -5.046
0.8600, 0.08600, -4.409
0.8700, 0.08700, -4.549
0.8800, 0.08800, -4.701
0.8900, 0.08900, -4.841
0.9000, 0.09000, -3.264
0.9100, 0.09100, -2.815
0.9200, 0.09200, -3.316
0.9300, 0.09300, -3.586
0.9400, 0.09400, -3.433
0.9500, 0.09500, -2.428
0.9600, 0.09600, -4.136
0.9700, 0.09700, -3.896
0.9800, 0.09800, -3.972
0.9900, 0.09900, -3.623
1.000, 0.1000, -5.279
1.010, 0.1010, -3.527
1.020, 0.1020, -3.989
1.030, 0.1030, -4.566
1.040, 0.1040, -4.081
1.050, 0.1050, -3.085
1.060, 0.1060, -4.997
1.070, 0.1070, -3.487
1.080, 0.1080, -4.100
1.090, 0.1090, -2.785
1.100, 0.1100, -2.454
1.110, 0.1110, -3.312
1.120, 0.1120, -3.472
1.130, 0.1130, -2.901
1.140, 0.1140, -3.775
1.150, 0.1150, -3.166
1.160, 0.1160, -5.015
1.170, 0.1170, -2.992
1.180, 0.1180, -3.065
1.190, 0.1190, -3.426
1.200, 0.1200, -4.207
1.210, 0.1210, -3.327
1.220, 0.1220, -3.902
1.230, 0.1230, -2.276
1.240, 0.1240, -4.318
1.250, 0.1250, -3.684
1.260, 0.1260, -4.127
1.270, 0.1270, -3.035
1.280, 0.1280, -5.890
1.290, 0.1290, -3.765
1.300, 0.1300, -3.601
1.310, 0.1310, -3.915
1.320, 0.1320, -4.163
1.330, 0.1330, -4.349
1.340, 0.1340, -2.585
1.350, 0.1350, -2.477
1.360, 0.1360, -3.405
1.370, 0.1370, -3.601
1.380, 0.1380, -2.294
1.390, 0.1390, -4.129
1.400, 0.1400, -4.308
1.410, 0.1410, -3.838
1.420, 0.1420, -3.908
1.430, 0.1430, -3.352
1.440, 0.1440, -1.937
1.450, 0.1450, -2.848
1.460, 0.1460, -3.431
1.470, 0.1470, -3.882
1.480, 0.1480, -2.185
1.490, 0.1490, -2.318
1.500, 0.1500, -3.689
1.510, 0.1510, -2.798
1.520, 0.1520, -1.793
1.530, 0.1530, -2.099
1.540, 0.1540, -2.739
1.550, 0.1550, -0.8730
1.560, 0.1560, -1.912
1.570, 0.1570, -2.545
1.580, 0.1580, -4.051
1.590, 0.1590, -1.851
1.600, 0.1600, -2.375
1.610, 0.1610, -1.769
1.620, 0.1620, -3.804
1.630, 0.1630, -2.112
1.640, 0.1640, -1.639
1.650, 0.1650, -2.702
1.660, 0.1660, -1.694
1.670, 0.1670, -2.211
1.680, 0.1680, 0.1553
1.690, 0.1690, -1.355
1.700, 0.1700, -0.01898
1.710, 0.1710, -2.413
1.720, 0.1720, -1.323
1.730, 0.1730, -0.3093
1.740, 0.1740, -0.7840
1.750, 0.1750, 0.9850
1.760, 0.1760, -1.675
1.770, 0.1770, 0.1698
1.780, 0.1780, 0.08915
1.790, 0.1790, -0.7826
1.800, 0.1800, -0.6063
1.810, 0.1810, 1.212
1.820, 0.1820, 1.193
1.830, 0.1830, 1.219
1.840, 0.1840, -0.2923
1.850, 0.1850, 1.282
1.860, 0.1860, 1.116
1.870, 0.1870, 0.9978
1.880, 0.1880, 0.4575
1.890, 0.1890, 1.935
1.900, 0.1900, -0.5189
1.910, 0.1910, 1.106
1.920, 0.1920, 1.248
1.930, 0.1930, 1.904
1.940, 0.1940, 0.3603
1.950, 0.1950, 1.265
1.960, 0.1960, 0.3203
1.970, 0.1970, 2.062
1.980, 0.1980, 2.477
1.990, 0.1990, 1.793
2.000, 0.2000, 2.839
2.010, 0.2010, 2.906
2.020, 0.2020, 2.078
2.030, 0.2030, 3.937
2.040, 0.2040, 0.9896
2.050, 0.2050, 2.617
2.060, 0.2060, 3.120
2.070, 0.2070, 3.952
2.080, 0.2080, 2.032
2.090, 0.2090, 2.383
2.100, 0.2100, 4.125
2.110, 0.2110, 3.520
2.120, 0.2120, 3.120
2.130, 0.2130, 3.561
2.140, 0.2140, 2.845
2.150, 0.2150, 2.608
2.160, 0.2160, 2.275
2.170, 0.2170, 3.590
2.180, 0.2180, 3.675
2.190, 0.2190, 3.565
2.200, 0.2200, 3.376
2.210, 0.2210, 3.762
2.220, 0.2220, 2.602
2.230, 0.2230, 2.325
2.240, 0.2240, 2.448
2.250, 0.2250, 4.014
2.260, 0.2260, 3.468
2.270, 0.2270, 4.602
2.280, 0.2280, 3.724
2.290, 0.2290, 4.950
2.300, 0.2300, 4.379
2.310, 0.2310, 1.369
2.320, 0.2320, 0.9766
2.330, 0.2330, 4.785
2.340, 0.2340, 4.434
2.350, 0.2350, 4.199
2.360, 0.2360, 2.617
2.370, 0.2370, 3.946
2.380, 0.2380, 4.788
2.390, 0.2390, 4.486
2.400, 0.2400, 2.771
2.410, 0.2410, 2.867
2.420, 0.2420, 1.935
2.430, 0.2430, 2.978
2.440, 0.2440, 2.626
2.450, 0.2450, 3.235
2.460, 0.2460, 3.531
2.470, 0.2470, 2.847
2.480, 0.2480, 2.105
2.490, 0.2490, 3.495
2.500, 0.2500, 2.018
2.510, 0.2510, 1.216
2.520, 0.2520, 1.483
2.530, 0.2530, 1.012
2.540, 0.2540, 0.7776
2.550, 0.2550, -0.05036
2.560, 0.2560, 1.372
2.570, 0.2570, 1.258
2.580, 0.2580, 1.083
2.590, 0.2590, 0.9911
2.600, 0.2600, 2.741
2.610, 0.2610, 1.242
2.620, 0.2620, 2.115
2.630, 0.2630, 0.2073
2.640, 0.2640, 0.5966
2.650, 0.2650, 0.1645
2.660, 0.2660, -1.281
2.670, 0.2670, -2.034
2.680, 0.2680, -0.9549
2.690, 0.2690, -1.292
2.700, 0.2700, -0.5861
2.710, 0.2710, -0.9746
2.720, 0.2720, -0.6645
2.730, 0.2730, -1.704
2.740, 0.2740, -2.060
2.750, 0.2750, -2.132
2.760, 0.2760, -2.869
2.770, 0.2770, -2.601
2.780, 0.2780, -3.004
2.790, 0.2790, -2.390
2.800, 0.2800, -0.6694
2.810, 0.2810, -3.904
2.820, 0.2820, -2.559
2.830, 0.2830, -1.775
2.840, 0.2840, -3.299
2.850, 0.2850, -3.319
2.860, 0.2860, -1.540
2.870, 0.2870, -3.214
2.880, 0.2880, -2.756
2.890, 0.2890, -4.176
2.900, 0.2900, -2.382
2.910, 0.2910, -2.827
2.920, 0.2920, -3.653
2.930, 0.2930, -2.762
2.940, 0.2940, -2.130
2.950, 0.2950, -4.756
2.960, 0.2960, -2.370
2.970, 0.2970, -3.535
2.980, 0.2980, -3.820
2.990, 0.2990, -4.330
3.000, 0.3000, -5.115
3.010, 0.3010, -4.506
3.020, 0.3020, -2.431
3.030, 0.3030, -3.463
3.040, 0.3040, -3.411
3.050, 0.3050, -3.970
3.060, 0.3060, -4.863
3.070, 0.3070, -3.036
3.080, 0.3080, -2.340
3.090, 0.3090, -5.379
3.100, 0.3100, -3.244
3.110, 0.3110, -4.766
3.120, 0.3120, -4.989
3.130, 0.3130, -4.938
3.140, 0.3140, -3.084
3.150, 0.3150, -4.820
3.160, 0.3160, -4.728
3.170, 0.3170, -5.393
3.180, 0.3180, -5.704
3.190, 0.3190, -3.149
3.200, 0.3200, -3.135
3.210, 0.3210, -4.179
3.220, 0.3220, -2.642
3.230, 0.3230, -2.173
3.240, 0.3240, -5.676
3.250, 0.3250, -3.968
3.260, 0.3260, -2.675
3.270, 0.3270, -4.158
3.280, 0.3280, -3.522
3.290, 0.3290, -4.690
3.300, 0.3300, -3.028
3.310, 0.3310, -4.088
3.320, 0.3320, -3.854
3.330, 0.3330, -5.726
3.340, 0.3340, -3.144
3.350, 0.3350, -4.310
3.360, 0.3360, -4.410
3.370, 0.3370, -4.760
3.380, 0.3380, -2.802
3.390, 0.3390, -3.259
3.400, 0.3400, -3.197
3.410, 0.3410, -3.691
3.420, 0.3420, -4.364
3.430, 0.3430, -4.803
3.440, 0.3440, -3.743
3.450, 0.3450, -3.882
3.460, 0.3460, -5.214
3.470, 0.3470, -4.076
3.480, 0.3480, -4.344
3.490, 0.3490, -3.088
3.500, 0.3500, -3.073
3.510, 0.3510, -5.165
3.520, 0.3520, -3.632
3.530, 0.3530, -3.862
3.540, 0.3540, -5.609
3.550, 0.3550, -4.275
3.560, 0.3560, -4.474
3.570, 0.3570, -3.215
3.580, 0.3580, -2.866
3.590, 0.3590, -4.484
3.600, 0.3600, -3.990
3.610, 0.3610, -2.792
3.620, 0.3620, -2.989
3.630, 0.3630, -4.419
3.640, 0.3640, -4.754
3.650, 0.3650, -4.609
3.660, 0.3660, -4.793
3.670, 0.3670, -4.369
3.680, 0.3680, -4.102
3.690, 0.3690, -4.298
3.700, 0.3700, -5.665
3.710, 0.3710, -2.444
3.720, 0.3720, -5.499
3.730, 0.3730, -3.060
3.740, 0.3740, -3.269
3.750, 0.3750, -3.089
3.760, 0.3760, -3.380
3.770, 0.3770, -3.484
3.780, 0.3780, -4.764
3.790, 0.3790, -2.953
3.800, 0.3800, -3.727
3.810, 0.3810, -5.331
3.820, 0.3820, -4.648
3.830, 0.3830, -4.212
3.840, 0.3840, -3.170
3.850, 0.3850, -3.894
3.860, 0.3860, -3.255
3.870, 0.3870, -5.157
3.880, 0.3880, -4.841
3.890, 0.3890, -4.891
3.900, 0.3900, -4.469
3.910, 0.3910, -4.257
3.920, 0.3920, -5.186
3.930, 0.3930, -5.229
3.940, 0.3940, -3.853
3.950, 0.3950, -3.715
3.960, 0.3960, -4.566
3.970, 0.3970, -5.202
3.980, 0.3980, -3.195
3.990, 0.3990, -5.461
4.000, 0.4000, -4.475
4.010, 0.4010, -5.212
4.020, 0.4020, -3.476
4.030, 0.4030, -3.675
4.040, 0.4040, -3.098
4.050, 0.4050, -4.612
4.060, 0.4060, -4.380
4.070, 0.4070, -3.738
4.080, 0.4080, -3.055
4.090, 0.4090, -4.861
4.100, 0.4100, -4.044
4.110, 0.4110, -4.983
4.120, 0.4120, -4.393
4.130, 0.4130, -5.026
4.140, 0.4140, -4.082
4.150, 0.4150, -4.600
4.160, 0.4160, -4.205
4.170, 0.4170, -2.484
4.180, 0.4180, -3.878
4.190, 0.4190, -4.738
4.200, 0.4200, -3.120
4.210, 0.4210, -2.767
4.220, 0.4220, -4.774
4.230, 0.4230, -4.811
4.240, 0.4240, -3.361
4.250, 0.4250, -3.335
4.260, 0.4260, -4.025
4.270, 0.4270, -4.702
4.280, 0.4280, -5.258
4.290, 0.4290, -5.224
4.300, 0.4300, -3.948
4.310, 0.4310, -4.042
4.320, 0.4320, -3.241
4.330, 0.4330, -4.463
4.340, 0.4340, -4.708
4.350, 0.4350, -5.230
4.360, 0.4360, -3.633
4.370, 0.4370, -5.230
4.380, 0.4380, -4.329
4.390, 0.4390, -3.630
4.400, 0.4400, -5.471
4.410, 0.4410, -4.552
4.420, 0.4420, -4.703
4.430, 0.4430, -4.580
4.440, 0.4440, -3.678
4.450, 0.4450, -3.610
4.460, 0.4460, -3.682
4.470, 0.4470, -3.222
4.480, 0.4480, -3.808
4.490, 0.4490, -4.866
4.500, 0.4500, -2.526
4.510, 0.4510, -4.002
4.520, 0.4520, -3.264
4.530, 0.4530, -4.419
4.540, 0.4540, -2.737
4.550, 0.4550, -4.484
4.560, 0.4560, -6.146
4.570, 0.4570, -5.062
4.580, 0.4580, -4.267
4.590, 0.4590, -4.320
4.600, 0.4600, -4.258
4.610, 0.4610, -5.728
4.620, 0.4620, -2.344
4.630, 0.4630, -4.863
4.640, 0.4640, -3.925
4.650, 0.4650, -3.387
4.660, 0.4660, -3.514
4.670, 0.4670, -2.739
4.680, 0.4680, -4.197
4.690, 0.4690, -2.801
4.700, 0.4700, -4.438
4.710, 0.4710, -4.122
4.720, 0.4720, -4.311
4.730, 0.4730, -3.920
4.740, 0.4740, -3.578
4.750, 0.4750, -4.471
4.760, 0.4760, -3.733
4.770, 0.4770, -4.100
4.780, 0.4780, -3.755
4.790, 0.4790, -4.488
4.800, 0.4800, -4.724
4.810, 0.4810, -4.441
4.820, 0.4820, -3.961
4.830, 0.4830, -3.129
4.840, 0.4840, -3.424
4.850, 0.4850, -4.678
4.860, 0.4860, -3.237
4.870, 0.4870, -3.418
4.880, 0.4880, -4.547
4.890, 0.4890, -4.761
4.900, 0.4900, -2.797
4.910, 0.4910, -4.282
4.920, 0.4920, -3.964
4.930, 0.4930, -3.121
4.940, 0.4940, -2.344
4.950, 0.4950, -3.135
4.960, 0.4960, -4.714
4.970, 0.4970, -4.854
4.980, 0.4980, -3.820
4.990, 0.4990, -4.169
5.000, 0.5000, -3.745
5.010, 0.5010, -5.094
5.020, 0.5020, -4.028
5.030, 0.5030, -2.973
5.040, 0.5040, -3.572
5.050, 0.5050, -3.987
5.060, 0.5060, -4.622
5.070, 0.5070, -3.922
5.080, 0.5080, -3.983
5.090, 0.5090, -5.420
5.100, 0.5100, -4.260
5.110, 0.5110, -3.913
5.120, 0.5120, -4.714
5.130, 0.5130, -3.480
5.140, 0.5140, -4.108
5.150, 0.5150, -4.541
5.160, 0.5160, -4.647
5.170, 0.5170, -3.482
5.180, 0.5180, -4.300
5.190, 0.5190, -5.068
5.200, 0.5200, -5.018
5.210, 0.5210, -2.906
5.220, 0.5220, -3.009
5.230, 0.5230, -3.605
5.240, 0.5240, -4.527
5.250, 0.5250, -4.918
5.260, 0.5260, -4.880
5.270, 0.5270, -6.228
5.280, 0.5280, -4.227
5.290, 0.5290, -3.267
5.300, 0.5300, -3.766
5.310, 0.5310, -5.497
5.320, 0.5320, -2.904
5.330, 0.5330, -3.244
5.340, 0.5340, -4.175
5.350, 0.5350, -4.885
5.360, 0.5360, -2.389
5.370, 0.5370, -4.357
5.380, 0.5380, -4.802
5.390, 0.5390, -3.721
5.400, 0.5400, -3.351
5.410, 0.5410, -3.887
5.420, 0.5420, -5.780
5.430, 0.5430, -4.211
5.440, 0.5440, -4.463
5.450, 0.5450, -2.418
5.460, 0.5460, -5.442
5.470, 0.5470, -2.964
5.480, 0.5480, -3.896
5.490, 0.5490, -2.803
5.500, 0.5500, -5.661
5.510, 0.5510, -4.912
5.520, 0.5520, -3.999
5.530, 0.5530, -5.737
5.540, 0.5540, -5.241
5.550, 0.5550, -4.588
5.560, 0.5560, -4.320
5.570, 0.5570, -2.474
5.580, 0.5580, -4.659
5.590, 0.5590, -4.279
5.600, 0.5600, -3.052
5.610, 0.5610, -4.664
5.620, 0.5620, -4.027
5.630, 0.5630, -4.175
5.640, 0.5640, -5.058
5.650, 0.5650, -3.431
5.660, 0.5660, -4.878
5.670, 0.5670, -4.142
5.680, 0.5680, -3.208
5.690, 0.5690, -4.039
5.700, 0.5700, -5.242
5.710, 0.5710, -2.796
5.720, 0.5720, -3.654
5.730, 0.5730, -3.117
5.740, 0.5740, -4.512
5.750, 0.5750, -4.051
5.760, 0.5760, -4.108
5.770, 0.5770, -3.459
5.780, 0.5780, -4.662
5.790, 0.5790, -4.569
5.800, 0.5800, -2.348
5.810, 0.5810, -5.344
5.820, 0.5820, -3.369
5.830, 0.5830, -5.023
5.840, 0.5840, -2.648
5.850, 0.5850, -3.661
5.860, 0.5860, -4.148
5.870, 0.5870, -4.181
5.880, 0.5880, -4.691
5.890, 0.5890, -3.967
5.900, 0.5900, -5.330
5.910, 0.5910, -3.968
5.920, 0.5920, -3.899
5.930, 0.5930, -3.625
5.940, 0.5940, -5.360
5.950, 0.5950, -3.191
5.960, 0.5960, -3.734
5.970, 0.5970, -5.260
5.980, 0.5980, -4.349
5.990, 0.5990, -4.780
6.000, 0.6000, -4.670
6.010, 0.6010, -4.458
6.020, 0.6020, -4.888
6.030, 0.6030, -5.642
6.040, 0.6040, -2.978
6.050, 0.6050, -3.555
6.060, 0.6060, -4.500
6.070, 0.6070, -4.391
6.080, 0.6080, -3.416
6.090, 0.6090, -3.315
6.100, 0.6100, -3.672
6.110, 0.6110, -4.652
6.120, 0.6120, -3.884
6.130, 0.6130, -3.881
6.140, 0.6140, -4.156
6.150, 0.6150, -3.984
6.160, 0.6160, -5.138
6.170, 0.6170, -4.242
6.180, 0.6180, -2.681
6.190, 0.6190, -3.765
6.200, 0.6200, -4.405
6.210, 0.6210, -4.266
6.220, 0.6220, -4.074
6.230, 0.6230, -4.614
6.240, 0.6240, -3.840
6.250, 0.6250, -4.133
6.260, 0.6260, -3.557
6.270, 0.6270, -2.339
6.280, 0.6280, -3.999
6.290, 0.6290, -4.034
6.300, 0.6300, -4.395
6.310, 0.6310, -5.107
6.320, 0.6320, -3.513
6.330, 0.6330, -3.967
6.340, 0.6340, -4.097
6.350, 0.6350, -4.151
6.360, 0.6360, -4.066
6.370, 0.6370, -3.886
6.380, 0.6380, -4.090
6.390, 0.6390, -4.515
6.400, 0.6400, -2.686
6.410, 0.6410, -3.805
6.420, 0.6420, -4.793
6.430, 0.6430, -4.949
6.440, 0.6440, -3.462
6.450, 0.6450, -4.861
6.460, 0.6460, -3.674
6.470, 0.6470, -4.285
6.480, 0.6480, -5.078
6.490, 0.6490, -4.056
6.500, 0.6500, -4.547
6.510, 0.6510, -3.736
6.520, 0.6520, -3.912
6.530, 0.6530, -4.419
6.540, 0.6540, -5.283
6.550, 0.6550, -3.885
6.560, 0.6560, -3.319
6.570, 0.6570, -3.838
6.580, 0.6580, -3.981
6.590, 0.6590, -5.415
6.600, 0.6600, -1.824
6.610, 0.6610, -4.070
6.620, 0.6620, -3.301
6.630, 0.6630, -3.025
6.640, 0.6640, -2.910
6.650, 0.6650, -4.860
6.660, 0.6660, -3.839
6.670, 0.6670, -3.391
6.680, 0.6680, -3.431
6.690, 0.6690, -4.326
6.700, 0.6700, -3.733
6.710, 0.6710, -4.811
6.720, 0.6720, -3.611
6.730, 0.6730, -4.138
6.740, 0.6740, -3.618
6.750, 0.6750, -4.629
6.760, 0.6760, -3.641
6.770, 0.6770, -4.132
6.780, 0.6780, -4.036
6.790, 0.6790, -3.933
6.800, 0.6800, -5.020
6.810, 0.6810, -3.133
6.820, 0.6820, -4.149
6.830, 0.6830, -4.370
6.840, 0.6840, -3.832
6.850, 0.6850, -2.467
6.860, 0.6860, -4.491
6.870, 0.6870, -4.188
6.880, 0.6880, -5.402
6.890, 0.6890, -3.935
6.900, 0.6900, -3.514
6.910, 0.6910, -4.260
6.920, 0.6920, -2.761
6.930, 0.6930, -3.839
6.940, 0.6940, -3.330
6.950, 0.6950, -4.586
6.960, 0.6960, -4.419
6.970, 0.6970, -4.561
6.980, 0.6980, -2.940
6.990, 0.6990, -4.135
7.000, 0.7000, -3.939
7.010, 0.7010, -4.507
7.020, 0.7020, -3.095
7.030, 0.7030, -3.552
7.040, 0.7040, -3.084
7.050, 0.7050, -4.640
7.060, 0.7060, -3.195
7.070, 0.7070, -5.590
7.080, 0.7080, -3.852
7.090, 0.7090, -4.050
7.100, 0.7100, -3.660
7.110, 0.7110, -2.850
7.120, 0.7120, -4.092
7.130, 0.7130, -3.919
7.140, 0.7140, -3.744
7.150, 0.7150, -4.915
7.160, 0.7160, -3.941
7.170, 0.7170, -3.668
7.180, 0.7180, -5.147
7.190, 0.7190, -4.328
7.200, 0.7200, -5.743
7.210, 0.7210, -3.068
7.220, 0.7220, -3.473
7.230, 0.7230, -4.995
7.240, 0.7240, -4.845
7.250, 0.7250, -3.560
7.260, 0.7260, -3.670
7.270, 0.7270, -4.488
7.280, 0.7280, -4.210
7.290, 0.7290, -3.708
7.300, 0.7300, -4.207
7.310, 0.7310, -4.958
7.320, 0.7320, -3.856
7.330, 0.7330, -3.820
7.340, 0.7340, -3.953
7.350, 0.7350, -4.152
7.360, 0.7360, -3.830
7.370, 0.7370, -4.576
7.380, 0.7380, -3.448
7.390, 0.7390, -3.633
7.400, 0.7400, -3.647
7.410, 0.7410, -4.051
7.420, 0.7420, -2.380
7.430, 0.7430, -3.700
7.440, 0.7440, -4.610
7.450, 0.7450, -4.190
7.460, 0.7460, -3.509
7.470, 0.7470, -2.937
7.480, 0.7480, -3.975
7.490, 0.7490, -4.776
7.500, 0.7500, -4.624
7.510, 0.7510, -4.608
7.520, 0.7520, -5.217
7.530, 0.7530, -4.329
7.540, 0.7540, -2.805
7.550, 0.7550, -3.283
7.560, 0.7560, -3.307
7.570, 0.7570, -6.186
7.580, 0.7580, -4.017
7.590, 0.7590, -3.269
7.600, 0.7600, -3.451
7.610, 0.7610, -4.626
7.620, 0.7620, -2.830
7.630, 0.7630, -3.330
7.640, 0.7640, -4.639
7.650, 0.7650, -4.775
7.660, 0.7660, -3.049
7.670, 0.7670, -3.699
7.680, 0.7680, -3.958
7.690, 0.7690, -4.437
7.700, 0.7700, -2.845
7.710, 0.7710, -4.104
7.720, 0.7720, -4.314
7.730, 0.7730, -3.593
7.740, 0.7740, -3.425
7.750, 0.7750, -4.669
7.760, 0.7760, -4.213
7.770, 0.7770, -5.147
7.780, 0.7780, -3.832
7.790, 0.7790, -3.649
7.800, 0.7800, -4.795
7.810, 0.7810, -3.556
7.820, 0.7820, -2.814
7.830, 0.7830, -3.186
7.840, 0.7840, -3.005
7.850, 0.7850, -3.174
7.860, 0.7860, -2.003
7.870, 0.7870, -3.445
7.880, 0.7880, -3.488
7.890, 0.7890, -2.869
7.900, 0.7900, -4.140
7.910, 0.7910, -2.444
7.920, 0.7920, -4.422
7.930, 0.7930, -4.638
7.940, 0.7940, -3.619
7.950, 0.7950, -2.323
7.960, 0.7960, -2.494
7.970, 0.7970, -4.578
7.980, 0.7980, -5.360
7.990, 0.7990, -4.138
8.000, 0.8000, -4.228
8.010, 0.8010, -5.284
8.020, 0.8020, -4.208
8.030, 0.8030, -2.823
8.040, 0.8040, -4.160
8.050, 0.8050, -3.524
8.060, 0.8060, -4.170
8.070, 0.8070, -4.130
8.080, 0.8080, -4.466
8.090, 0.8090, -4.502
8.100, 0.8100, -3.756
8.110, 0.8110, -4.099
8.120, 0.8120, -2.910
8.130, 0.8130, -4.968
8.140, 0.8140, -3.708
8.150, 0.8150, -5.304
8.160, 0.8160, -3.123
8.170, 0.8170, -3.980
8.180, 0.8180, -3.870
8.190, 0.8190, -4.910
8.200, 0.8200, -2.338
8.210, 0.8210, -4.038
8.220, 0.8220, -2.880
8.230, 0.8230, -3.563
8.240, 0.8240, -4.148
8.250, 0.8250, -2.363
8.260, 0.8260, -2.741
8.270, 0.8270, -4.278
8.280, 0.8280, -1.908
8.290, 0.8290, -3.081
8.300, 0.8300, -3.592
8.310, 0.8310, -4.133
8.320, 0.8320, -3.606
8.330, 0.8330, -3.478
8.340, 0.8340, -4.378
8.350, 0.8350, -3.358
8.360, 0.8360, -4.727
8.370, 0.8370, -3.783
8.380, 0.8380, -4.137
8.390, 0.8390, -5.188
8.400, 0.8400, -3.800
8.410, 0.8410, -5.450
8.420, 0.8420, -4.052
8.430, 0.8430, -3.128
8.440, 0.8440, -3.680
8.450, 0.8450, -3.871
8.460, 0.8460, -3.410
8.470, 0.8470, -2.588
8.480, 0.8480, -4.548
8.490, 0.8490, -2.546
8.500, 0.8500, -4.456
8.510, 0.8510, -3.109
8.520, 0.8520, -3.716
8.530, 0.8530, -3.771
8.540, 0.8540, -2.294
8.550, 0.8550, -3.165
8.560, 0.8560, -4.098
8.570, 0.8570, -3.674
8.580, 0.8580, -2.838
8.590, 0.8590, -5.144
8.600, 0.8600, -1.014
8.610, 0.8610, -3.105
8.620, 0.8620, -4.358
8.630, 0.8630, -3.950
8.640, 0.8640, -3.561
8.650, 0.8650, -4.652
8.660, 0.8660, -2.498
8.670, 0.8670, -4.021
8.680, 0.8680, -4.271
8.690, 0.8690, -3.285
8.700, 0.8700, -3.117
8.710, 0.8710, -3.965
8.720, 0.8720, -3.484
8.730, 0.8730, -3.059
8.740, 0.8740, -3.341
8.750, 0.8750, -4.398
8.760, 0.8760, -4.717
8.770, 0.8770, -3.221
8.780, 0.8780, -2.814
8.790, 0.8790, -5.226
8.800, 0.8800, -4.138
8.810, 0.8810, -4.027
8.820, 0.8820, -4.552
8.830, 0.8830, -3.334
8.840, 0.8840, -3.921
8.850, 0.8850, -3.780
8.860, 0.8860, -4.455
8.870, 0.8870, -4.916
8.880, 0.8880, -4.586
8.890, 0.8890, -2.404
8.900, 0.8900, -3.599
8.910, 0.8910, -3.526
8.920, 0.8920, -5.626
8.930, 0.8930, -3.710
8.940, 0.8940, -2.933
8.950, 0.8950, -3.526
8.960, 0.8960, -4.116
8.970, 0.8970, -2.678
8.980, 0.8980, -4.055
8.990, 0.8990, -2.911
9.000, 0.9000, -4.860
9.010, 0.9010, -2.791
9.020, 0.9020, -2.711
9.030, 0.9030, -4.170
9.040, 0.9040, -5.519
9.050, 0.9050, -4.169
9.060, 0.9060, -2.249
9.070, 0.9070, -2.897
9.080, 0.9080, -2.985
9.090, 0.9090, -3.537
9.100, 0.9100, -3.274
9.110, 0.9110, -2.320
9.120, 0.9120, -5.142
9.130, 0.9130, -3.696
9.140, 0.9140, -3.167
9.150, 0.9150, -4.020
9.160, 0.9160, -3.622
9.170, 0.9170, -2.773
9.180, 0.9180, -2.141
9.190, 0.9190, -2.606
9.200, 0.9200, -3.977
9.210, 0.9210, -3.174
9.220, 0.9220, -2.730
9.230, 0.9230, -2.416
9.240, 0.9240, -4.673
9.250, 0.9250, -5.220
9.260, 0.9260, -3.275
9.270, 0.9270, -4.446
9.280, 0.9280, -4.856
9.290, 0.9290, -5.420
9.300, 0.9300, -1.627
9.310, 0.9310, -4.294
9.320, 0.9320, -2.988
9.330, 0.9330, -2.563
9.340, 0.9340, -3.376
9.350, 0.9350, -3.528
9.360, 0.9360, -3.061
9.370, 0.9370, -4.568
9.380, 0.9380, -2.541
9.390, 0.9390, -4.697
9.400, 0.9400, -2.622
9.410, 0.9410, -5.109
9.420, 0.9420, -3.520
9.430, 0.9430, -3.800
9.440, 0.9440, -3.309
9.450, 0.9450, -4.101
9.460, 0.9460, -4.158
9.470, 0.9470, -2.650
9.480, 0.9480, -1.725
9.490, 0.9490, -3.317
9.500, 0.9500, -3.985
9.510, 0.9510, -3.262
9.520, 0.9520, -2.200
9.530, 0.9530, -4.931
9.540, 0.9540, -4.244
9.550, 0.9550, -4.145
9.560, 0.9560, -2.734
9.570, 0.9570, -1.670
9.580, 0.9580, -2.711
9.590, 0.9590, -4.218
9.600, 0.9600, -1.497
9.610, 0.9610, -2.672
9.620, 0.9620, -3.086
9.630, 0.9630, -3.284
9.640, 0.9640, -3.029
9.650, 0.9650, -2.970
9.660, 0.9660, -3.839
9.670, 0.9670, -3.364
9.680, 0.9680, -4.684
9.690, 0.9690, -3.192
9.700, 0.9700, -2.573
9.710, 0.9710, -2.087
9.720, 0.9720, -4.149
9.730, 0.9730, -4.263
9.740, 0.9740, -2.207
9.750, 0.9750, -3.221
9.760, 0.9760, -3.342
9.770, 0.9770, -5.104
9.780, 0.9780, -2.876
9.790, 0.9790, -3.066
9.800, 0.9800, -2.402
9.810, 0.9810, -3.101
9.820, 0.9820, -4.032
9.830, 0.9830, -2.932
9.840, 0.9840, -2.825
9.850, 0.9850, -3.955
9.860, 0.9860, -3.585
9.870, 0.9870, -2.928
9.880, 0.9880, -3.399
9.890, 0.9890, -3.819
9.900, 0.9900, -3.300
9.910, 0.9910, -1.901
9.920, 0.9920, -3.324
9.930, 0.9930, -3.617
9.940, 0.9940, -3.517
9.950, 0.9950, -1.587
9.960, 0.9960, -1.825
9.970, 0.9970, -2.613
9.980, 0.9980, -2.815
9.990, 0.9990, -2.444
10.00, 1.000, -3.125
10.01, 1.001, -3.690
10.02, 1.002, -3.535
10.03, 1.003, -3.837
10.04, 1.004, -2.511
10.05, 1.005, -2.593
10.06, 1.006, -2.391
10.07, 1.007, -4.673
10.08, 1.008, -2.050
10.09, 1.009, -3.377
10.10, 1.010, -3.407
10.11, 1.011, -4.147
10.12, 1.012, -3.372
10.13, 1.013, -1.678
10.14, 1.014, -1.178
10.15, 1.015, -2.873
10.16, 1.016, -3.509
10.17, 1.017, -2.963
10.18, 1.018, -2.807
10.19, 1.019, -2.423
10.20, 1.020, -3.018
10.21, 1.021, -3.032
10.22, 1.022, -3.768
10.23, 1.023, -2.470
10.24, 1.024, -3.931
10.25, 1.025, -4.558
10.26, 1.026, -2.956
10.27, 1.027, -3.883
10.28, 1.028, -2.842
10.29, 1.029, -3.545
10.30, 1.030, -1.712
10.31, 1.031, -2.927
10.32, 1.032, -2.258
10.33, 1.033, -4.162
10.34, 1.034, -3.011
10.35, 1.035, -3.019
10.36, 1.036, -2.759
10.37, 1.037, -2.772
10.38, 1.038, -3.604
10.39, 1.039, -1.375
10.40, 1.040, -2.718
10.41, 1.041, -1.723
10.42, 1.042, -1.715
10.43, 1.043, -2.085
10.44, 1.044, -2.126
10.45, 1.045, -2.194
10.46, 1.046, -2.321
10.47, 1.047, -3.644
10.48, 1.048, -1.788
10.49, 1.049, -3.644
10.50, 1.050, -2.741
10.51, 1.051, -3.518
10.52, 1.052, -3.547
10.53, 1.053, -1.377
10.54, 1.054, -4.208
10.55, 1.055, -1.221
10.56, 1.056, -2.076
10.57, 1.057, -2.053
10.58, 1.058, -3.112
10.59, 1.059, -3.546
10.60, 1.060, -2.823
10.61, 1.061, -4.916
10.62, 1.062, -2.846
10.63, 1.063, -2.704
10.64, 1.064, -1.585
10.65, 1.065, -1.465
10.66, 1.066, -3.044
10.67, 1.067, -3.244
10.68, 1.068, -2.082
10.69, 1.069, -2.633
10.70, 1.070, -2.381
10.71, 1.071, -2.399
10.72, 1.072, -2.394
10.73, 1.073, -1.629
10.74, 1.074, -3.491
10.75, 1.075, -2.785
10.76, 1.076, -3.090
10.77, 1.077, -1.408
10.78, 1.078, -2.082
10.79, 1.079, -2.312
10.80, 1.080, -3.856
10.81, 1.081, 0.1819
10.82, 1.082, -2.713
10.83, 1.083, -1.608
10.84, 1.084, -2.449
10.85, 1.085, -1.139
10.86, 1.086, -3.620
10.87, 1.087, -1.972
10.88, 1.088, -2.712
10.89, 1.089, -2.013
10.90, 1.090, -2.185
10.91, 1.091, -1.438
10.92, 1.092, -2.443
10.93, 1.093, -3.203
10.94, 1.094, -0.8516
10.95, 1.095, -1.320
10.96, 1.096, -2.373
10.97, 1.097, -1.694
10.98, 1.098, -2.680
10.99, 1.099, 0.2314
11.00, 1.100, -1.221
11.01, 1.101, -3.189
11.02, 1.102, -3.867
11.03, 1.103, -1.721
11.04, 1.104, -1.912
11.05, 1.105, -2.087
11.06, 1.106, -1.628
11.07, 1.107, -0.9612
11.08, 1.108, -3.012
11.09, 1.109, -0.6898
11.10, 1.110, -1.362
11.11, 1.111, -2.573
11.12, 1.112, -2.405
11.13, 1.113, -1.625
11.14, 1.114, -1.391
11.15, 1.115, -2.512
11.16, 1.116, -2.027
11.17, 1.117, -0.4284
11.18, 1.118, -2.315
11.19, 1.119, -1.855
11.20, 1.120, -2.087
11.21, 1.121, -2.641
11.22, 1.122, -1.456
11.23, 1.123, -0.9376
11.24, 1.124, -1.848
11.25, 1.125, -1.392
11.26, 1.126, -1.133
11.27, 1.127, -1.066
11.28, 1.128, -1.892
11.29, 1.129, -2.279
11.30, 1.130, -1.508
11.31, 1.131, -2.415
11.32, 1.132, -2.062
11.33, 1.133, -1.366
11.34, 1.134, -1.190
11.35, 1.135, -2.849
11.36, 1.136, 0.06410
11.37, 1.137, -1.071
11.38, 1.138, -0.03263
11.39, 1.139, -1.863
11.40, 1.140, -1.822
11.41, 1.141, -1.045
11.42, 1.142, -1.655
11.43, 1.143, -1.401
11.44, 1.144, -2.871
11.45, 1.145, -1.379
11.46, 1.146, -0.9341
11.47, 1.147, -0.7010
11.48, 1.148, -1.115
11.49, 1.149, -0.04080
11.50, 1.150, -0.7054
11.51, 1.151, -0.6278
11.52, 1.152, -0.5556
11.53, 1.153, -1.795
11.54, 1.154, -0.6457
11.55, 1.155, -0.6340
11.56, 1.156, -0.4138
11.57, 1.157, -1.235
11.58, 1.158, -0.5666
11.59, 1.159, -0.5487
11.60, 1.160, 0.5341
11.61, 1.161, -0.3090
11.62, 1.162, -1.754
11.63, 1.163, -1.514
11.64, 1.164, 1.309
11.65, 1.165, -1.304
11.66, 1.166, 1.511
11.67, 1.167, 0.004620
11.68, 1.168, -2.198
11.69, 1.169, 1.522
11.70, 1.170, -0.9597
11.71, 1.171, -0.2797
11.72, 1.172, -0.3919
11.73, 1.173, -0.8956
11.74, 1.174, 0.02164
11.75, 1.175, 0.1996
11.76, 1.176, 0.6056
11.77, 1.177, 0.5542
11.78, 1.178, 1.210
11.79, 1.179, 0.9749
11.80, 1.180, 0.5428
11.81, 1.181, -1.176
11.82, 1.182, -1.072
11.83, 1.183, 0.6717
11.84, 1.184, -1.048
11.85, 1.185, 1.698
11.86, 1.186, 0.2801
11.87, 1.187, -1.414
11.88, 1.188, 0.3831
11.89, 1.189, -1.931
11.90, 1.190, -0.1326
11.91, 1.191, -1.016
11.92, 1.192, -1.547
11.93, 1.193, -0.6639
11.94, 1.194, 1.423
11.95, 1.195, -0.3893
11.96, 1.196, -0.9794
11.97, 1.197, 1.515
11.98, 1.198, 2.002
11.99, 1.199, 0.1298
12.00, 1.200, -1.420
12.01, 1.201, -0.1080
12.02, 1.202, -0.01052
12.03, 1.203, -0.4062
12.04, 1.204, 0.08551
12.05, 1.205, 0.4822
12.06, 1.206, 2.167
12.07, 1.207, 0.3458
12.08, 1.208, -0.05182
12.09, 1.209, 0.06203
12.10, 1.210, -0.4223
12.11, 1.211, 0.1310
12.12, 1.212, -0.09001
12.13, 1.213, -1.023
12.14, 1.214, -0.1491
12.15, 1.215, 0.1013
12.16, 1.216, -0.4650
12.17, 1.217, -1.667
12.18, 1.218, -0.0005330
12.19, 1.219, 1.290
12.20, 1.220, 0.6034
12.21, 1.221, 1.726
12.22, 1.222, -0.06466
12.23, 1.223, 2.442
12.24, 1.224, 1.117
12.25, 1.225, 1.716
12.26, 1.226, -0.8781
12.27, 1.227, -0.4481
12.28, 1.228, 1.256
12.29, 1.229, 0.2883
12.30, 1.230, 1.266
12.31, 1.231, 0.6061
12.32, 1.232, 0.1940
12.33, 1.233, 1.434
12.34, 1.234, 0.5903
12.35, 1.235, -0.3938
12.36, 1.236, -1.455
12.37, 1.237, 0.3392
12.38, 1.238, 0.2948
12.39, 1.239, 0.7134
12.40, 1.240, -1.408
12.41, 1.241, 0.2349
12.42, 1.242, 1.569
12.43, 1.243, -0.1640
12.44, 1.244, 1.236
12.45, 1.245, 1.752
12.46, 1.246, 0.4157
12.47, 1.247, 0.4543
12.48, 1.248, 2.142
12.49, 1.249, 0.2719
12.50, 1.250, 3.033
12.51, 1.251, 0.2760
12.52, 1.252, 0.3613
12.53, 1.253, -0.5101
12.54, 1.254, 1.487
12.55, 1.255, 0.4168
12.56, 1.256, 1.349
12.57, 1.257, 0.04435
12.58, 1.258, 1.391
12.59, 1.259, 1.952
12.60, 1.260, 0.8728
12.61, 1.261, 0.9292
12.62, 1.262, -0.2527
12.63, 1.263, 1.524
12.64, 1.264, 0.2635
12.65, 1.265, 0.9382
12.66, 1.266, 0.07799
12.67, 1.267, 1.875
12.68, 1.268, 1.455
12.69, 1.269, 2.899
12.70, 1.270, -0.01320
12.71, 1.271, 1.541
12.72, 1.272, 2.972
12.73, 1.273, 0.3843
12.74, 1.274, 1.603
12.75, 1.275, -0.6116
12.76, 1.276, 1.849
12.77, 1.277, 1.515
12.78, 1.278, 1.415
12.79, 1.279, 2.222
12.80, 1.280, 0.4658
12.81, 1.281, 1.897
12.82, 1.282, 0.2527
12.83, 1.283, 0.1968
12.84, 1.284, 0.2120
12.85, 1.285, 2.089
12.86, 1.286, 1.886
12.87, 1.287, 2.924
12.88, 1.288, 2.196
12.89, 1.289, 2.509
12.90, 1.290, 2.332
12.91, 1.291, 3.018
12.92, 1.292, 2.610
12.93, 1.293, 0.4652
12.94, 1.294, 2.104
12.95, 1.295, 2.255
12.96, 1.296, 1.543
12.97, 1.297, -0.1620
12.98, 1.298, 2.648
12.99, 1.299, 0.9066
13.00, 1.300, 2.868
13.01, 1.301, 0.1019
13.02, 1.302, 1.547
13.03, 1.303, 2.630
13.04, 1.304, 1.197
13.05, 1.305, 2.810
13.06, 1.306, 1.536
13.07, 1.307, 1.974
13.08, 1.308, 3.047
13.09, 1.309, 2.631
13.10, 1.310, 2.368
13.11, 1.311, 1.590
13.12, 1.312, 0.7953
13.13, 1.313, 2.923
13.14, 1.314, 3.038
13.15, 1.315, 1.503
13.16, 1.316, 3.504
13.17, 1.317, 2.707
13.18, 1.318, 1.504
13.19, 1.319, 1.796
13.20, 1.320, 2.626
13.21, 1.321, 2.650
13.22, 1.322, 2.625
13.23, 1.323, 2.213
13.24, 1.324, 3.777
13.25, 1.325, 2.195
13.26, 1.326, 1.351
13.27, 1.327, 1.965
13.28, 1.328, 1.790
13.29, 1.329, 3.736
13.30, 1.330, 4.119
13.31, 1.331, 2.141
13.32, 1.332, 4.291
13.33, 1.333, 5.031
13.34, 1.334, 2.935
13.35, 1.335, 2.710
13.36, 1.336, 2.780
13.37, 1.337, 4.122
13.38, 1.338, 3.447
13.39, 1.339, 4.826
13.40, 1.340, 3.009
13.41, 1.341, 4.335
13.42, 1.342, 4.856
13.43, 1.343, 4.439
13.44, 1.344, 2.194
13.45, 1.345, 3.173
13.46, 1.346, 4.995
13.47, 1.347, 4.556
13.48, 1.348, 3.364
13.49, 1.349, 3.352
13.50, 1.350, 4.407
13.51, 1.351, 4.690
13.52, 1.352, 4.025
13.53, 1.353, 4.228
13.54, 1.354, 4.317
13.55, 1.355, 4.946
13.56, 1.356, 5.856
13.57, 1.357, 3.889
13.58, 1.358, 4.524
13.59, 1.359, 6.270
13.60, 1.360, 5.422
13.61, 1.361, 4.835
13.62, 1.362, 5.461
13.63, 1.363, 6.017
13.64, 1.364, 5.625
13.65, 1.365, 4.960
13.66, 1.366, 5.447
13.67, 1.367, 4.758
13.68, 1.368, 6.075
13.69, 1.369, 6.141
13.70, 1.370, 5.745
13.71, 1.371, 5.575
13.72, 1.372, 6.959
13.73, 1.373, 5.785
13.74, 1.374, 6.274
13.75, 1.375, 6.213
13.76, 1.376, 7.758
13.77, 1.377, 7.554
13.78, 1.378, 7.599
13.79, 1.379, 8.010
13.80, 1.380, 7.005
13.81, 1.381, 7.338
13.82, 1.382, 9.234
13.83, 1.383, 9.033
13.84, 1.384, 9.591
13.85, 1.385, 9.192
13.86, 1.386, 10.41
13.87, 1.387, 9.083
13.88, 1.388, 9.530
13.89, 1.389, 10.89
13.90, 1.390, 11.09
13.91, 1.391, 10.15
13.92, 1.392, 10.80
13.93, 1.393, 11.35
13.94, 1.394, 12.31
13.95, 1.395, 11.79
13.96, 1.396, 12.53
13.97, 1.397, 13.19
13.98, 1.398, 15.06
13.99, 1.399, 14.42
14.00, 1.400, 15.63
14.01, 1.401, 16.44
14.02, 1.402, 20.44
14.03, 1.403, 20.18
14.04, 1.404, 19.26
14.05, 1.405, 19.82
14.06, 1.406, 20.22
14.07, 1.407, 21.85
14.08, 1.408, 22.64
14.09, 1.409, 22.01
14.10, 1.410, 22.08
14.11, 1.411, 26.68
14.12, 1.412, 27.70
14.13, 1.413, 27.40
14.14, 1.414, 30.23
14.15, 1.415, 28.97
14.16, 1.416, 30.94
14.17, 1.417, 31.94
14.18, 1.418, 32.74
14.19, 1.419, 33.87
14.20, 1.420, 34.63
14.21, 1.421, 36.90
14.22, 1.422, 36.72
14.23, 1.423, 37.27
14.24, 1.424, 39.28
14.25, 1.425, 39.62
14.26, 1.426, 41.38
14.27, 1.427, 41.72
14.28, 1.428, 42.32
14.29, 1.429, 44.86
14.30, 1.430, 47.97
14.31, 1.431, 48.60
14.32, 1.432, 48.67
14.33, 1.433, 47.93
14.34, 1.434, 49.20
14.35, 1.435, 51.54
14.36, 1.436, 54.02
14.37, 1.437, 55.39
14.38, 1.438, 57.57
14.39, 1.439, 58.81
14.40, 1.440, 59.03
14.41, 1.441, 59.63
14.42, 1.442, 60.31
14.43, 1.443, 59.51
14.44, 1.444, 62.72
14.45, 1.445, 63.75
14.46, 1.446, 64.42
14.47, 1.447, 65.69
14.48, 1.448, 69.02
14.49, 1.449, 69.37
14.50, 1.450, 70.54
14.51, 1.451, 70.57
14.52, 1.452, 72.09
14.53, 1.453, 72.99
14.54, 1.454, 74.04
14.55, 1.455, 74.56
14.56, 1.456, 75.47
14.57, 1.457, 75.76
14.58, 1.458, 80.47
14.59, 1.459, 79.05
14.60, 1.460, 81.35
14.61, 1.461, 83.19
14.62, 1.462, 83.24
14.63, 1.463, 84.70
14.64, 1.464, 84.97
14.65, 1.465, 88.81
14.66, 1.466, 90.95
14.67, 1.467, 91.87
14.68, 1.468, 92.05
14.69, 1.469, 94.11
14.70, 1.470, 95.51
14.71, 1.471, 96.09
14.72, 1.472, 97.78
14.73, 1.473, 97.83
14.74, 1.474, 99.64
14.75, 1.475, 102.2
14.76, 1.476, 101.5
14.77, 1.477, 103.2
14.78, 1.478, 106.3
14.79, 1.479, 107.6
14.80, 1.480, 108.5
14.81, 1.481, 108.7
14.82, 1.482, 111.2
14.83, 1.483, 113.5
14.84, 1.484, 115.3
14.85, 1.485, 115.7
14.86, 1.486, 116.5
14.87, 1.487, 117.1
14.88, 1.488, 120.5
14.89, 1.489, 120.9
14.90, 1.490, 121.2
14.91, 1.491, 121.8
14.92, 1.492, 124.0
14.93, 1.493, 125.8
14.94, 1.494, 126.7
14.95, 1.495, 127.9
14.96, 1.496, 129.3
14.97, 1.497, 131.4
14.98, 1.498, 132.0
14.99, 1.499, 132.8
15.00, 1.500, 134.0
15.01, 1.501, 136.5
15.02, 1.502, 135.9
15.03, 1.503, 138.0
15.04, 1.504, 138.6
15.05, 1.505, 139.6
15.06, 1.506, 141.7
15.07, 1.507, 142.8
15.08, 1.508, 144.9
15.09, 1.509, 146.3
15.10, 1.510, 146.9
15.11, 1.511, 147.8
15.12, 1.512, 147.7
15.13, 1.513, 150.0
15.14, 1.514, 153.1
15.15, 1.515, 153.3
15.16, 1.516, 154.9
15.17, 1.517, 154.8
15.18, 1.518, 156.7
15.19, 1.519, 158.0
15.20, 1.520, 159.8
15.21, 1.521, 160.1
15.22, 1.522, 162.4
15.23, 1.523, 164.7
15.24, 1.524, 164.1
15.25, 1.525, 166.7
15.26, 1.526, 168.8
15.27, 1.527, 167.6
15.28, 1.528, 170.5
15.29, 1.529, 173.0
15.30, 1.530, 175.3
15.31, 1.531, 175.5
15.32, 1.532, 177.7
15.33, 1.533, 178.7
15.34, 1.534, 179.1
15.35, 1.535, 180.8
15.36, 1.536, 183.5
15.37, 1.537, 185.8
15.38, 1.538, 186.9
15.39, 1.539, 187.5
15.40, 1.540, 189.0
15.41, 1.541, 192.3
15.42, 1.542, 193.2
15.43, 1.543, 193.3
15.44, 1.544, 194.5
15.45, 1.545, 196.4
15.46, 1.546, 197.5
15.47, 1.547, 200.9
15.48, 1.548, 199.7
15.49, 1.549, 203.2
15.50, 1.550, 203.9
15.51, 1.551, 206.1
15.52, 1.552, 207.4
15.53, 1.553, 209.7
15.54, 1.554, 211.0
15.55, 1.555, 211.9
15.56, 1.556, 212.7
15.57, 1.557, 213.4
15.58, 1.558, 217.8
15.59, 1.559, 218.7
15.60, 1.560, 220.1
15.61, 1.561, 221.3
15.62, 1.562, 221.4
15.63, 1.563, 225.0
15.64, 1.564, 225.2
15.65, 1.565, 226.4
15.66, 1.566, 226.5
15.67, 1.567, 229.9
15.68, 1.568, 229.8
15.69, 1.569, 231.5
15.70, 1.570, 233.3
15.71, 1.571, 235.0
15.72, 1.572, 236.0
15.73, 1.573, 239.2
15.74, 1.574, 240.3
15.75, 1.575, 241.6
15.76, 1.576, 242.2
15.77, 1.577, 243.6
15.78, 1.578, 245.5
15.79, 1.579, 246.6
15.80, 1.580, 249.8
15.81, 1.581, 249.8
15.82, 1.582, 251.9
15.83, 1.583, 252.8
15.84, 1.584, 256.3
15.85, 1.585, 257.6
15.86, 1.586, 259.4
15.87, 1.587, 260.8
15.88, 1.588, 263.2
15.89, 1.589, 264.5
15.90, 1.590, 265.4
15.91, 1.591, 266.9
15.92, 1.592, 270.9
15.93, 1.593, 271.7
15.94, 1.594, 272.0
15.95, 1.595, 272.9
15.96, 1.596, 275.3
15.97, 1.597, 276.3
15.98, 1.598, 277.8
15.99, 1.599, 277.8
16.00, 1.600, 280.8
16.01, 1.601, 283.9
16.02, 1.602, 284.4
16.03, 1.603, 286.2
16.04, 1.604, 287.2
16.05, 1.605, 290.3
16.06, 1.606, 292.0
16.07, 1.607, 292.1
16.08, 1.608, 293.3
16.09, 1.609, 295.8
16.10, 1.610, 297.1
16.11, 1.611, 298.6
16.12, 1.612, 298.3
16.13, 1.613, 301.2
16.14, 1.614, 302.9
16.15, 1.615, 303.9
16.16, 1.616, 306.4
16.17, 1.617, 306.4
16.18, 1.618, 309.5
16.19, 1.619, 311.2
16.20, 1.620, 313.4
16.21, 1.621, 315.7
16.22, 1.622, 317.3
16.23, 1.623, 318.7
16.24, 1.624, 320.1
16.25, 1.625, 321.3
16.26, 1.626, 322.1
16.27, 1.627, 322.8
16.28, 1.628, 324.2
16.29, 1.629, 327.1
16.30, 1.630, 328.5
16.31, 1.631, 330.4
16.32, 1.632, 332.1
16.33, 1.633, 333.9
16.34, 1.634, 336.8
16.35, 1.635, 335.4
16.36, 1.636, 338.1
16.37, 1.637, 340.2
16.38, 1.638, 342.2
16.39, 1.639, 345.0
16.40, 1.640, 346.6
16.41, 1.641, 347.4
16.42, 1.642, 349.1
16.43, 1.643, 352.5
16.44, 1.644, 352.5
16.45, 1.645, 354.7
16.46, 1.646, 356.4
16.47, 1.647, 358.1
16.48, 1.648, 359.7
16.49, 1.649, 361.4
16.50, 1.650, 362.6
16.51, 1.651, 363.1
16.52, 1.652, 368.8
16.53, 1.653, 367.7
16.54, 1.654, 368.9
16.55, 1.655, 370.4
16.56, 1.656, 373.2
16.57, 1.657, 375.9
16.58, 1.658, 375.9
16.59, 1.659, 377.0
16.60, 1.660, 377.8
16.61, 1.661, 381.5
16.62, 1.662, 382.7
16.63, 1.663, 384.5
16.64, 1.664, 385.1
16.65, 1.665, 388.4
16.66, 1.666, 389.8
16.67, 1.667, 390.3
16.68, 1.668, 392.5
16.69, 1.669, 394.7
16.70, 1.670, 396.6
16.71, 1.671, 399.6
16.72, 1.672, 400.4
16.73, 1.673, 401.4
16.74, 1.674, 403.3
16.75, 1.675, 407.1
16.76, 1.676, 407.1
16.77, 1.677, 408.7
16.78, 1.678, 408.5
16.79, 1.679, 412.5
16.80, 1.680, 414.3
16.81, 1.681, 414.0
16.82, 1.682, 416.0
16.83, 1.683, 419.1
16.84, 1.684, 419.8
16.85, 1.685, 421.7
16.86, 1.686, 423.1
16.87, 1.687, 426.3
16.88, 1.688, 428.6
16.89, 1.689, 428.3
16.90, 1.690, 429.5
16.91, 1.691, 429.1
16.92, 1.692, 433.3
16.93, 1.693, 434.6
16.94, 1.694, 435.2
16.95, 1.695, 436.9
16.96, 1.696, 441.0
16.97, 1.697, 441.2
16.98, 1.698, 442.1
16.99, 1.699, 445.1
17.00, 1.700, 445.7
17.01, 1.701, 447.1
17.02, 1.702, 451.1
17.03, 1.703, 450.9
17.04, 1.704, 453.1
17.05, 1.705, 453.2
17.06, 1.706, 456.5
17.07, 1.707, 459.1
17.08, 1.708, 460.2
17.09, 1.709, 462.5
17.10, 1.710, 463.9
17.11, 1.711, 466.6
17.12, 1.712, 467.2
17.13, 1.713, 467.7
17.14, 1.714, 469.8
17.15, 1.715, 472.3
17.16, 1.716, 474.9
17.17, 1.717, 476.5
17.18, 1.718, 477.7
17.19, 1.719, 479.5
17.20, 1.720, 482.1
17.21, 1.721, 482.3
17.22, 1.722, 483.5
17.23, 1.723, 486.2
17.24, 1.724, 485.9
17.25, 1.725, 490.0
17.26, 1.726, 490.1
17.27, 1.727, 491.7
17.28, 1.728, 492.3
17.29, 1.729, 497.6
17.30, 1.730, 498.9
17.31, 1.731, 500.6
17.32, 1.732, 501.4
17.33, 1.733, 502.8
17.34, 1.734, 506.7
17.35, 1.735, 506.0
17.36, 1.736, 508.5
17.37, 1.737, 509.3
17.38, 1.738, 511.9
17.39, 1.739, 513.5
17.40, 1.740, 515.5
17.41, 1.741, 516.9
17.42, 1.742, 517.3
17.43, 1.743, 521.8
17.44, 1.744, 522.0
17.45, 1.745, 523.4
17.46, 1.746, 525.1
17.47, 1.747, 528.1
17.48, 1.748, 529.5
17.49, 1.749, 530.2
17.50, 1.750, 533.3
17.51, 1.751, 534.2
17.52, 1.752, 534.8
17.53, 1.753, 536.8
17.54, 1.754, 538.0
17.55, 1.755, 540.0
17.56, 1.756, 542.6
17.57, 1.757, 542.8
17.58, 1.758, 544.8
17.59, 1.759, 546.3
17.60, 1.760, 548.1
17.61, 1.761, 551.4
17.62, 1.762, 552.0
17.63, 1.763, 553.1
17.64, 1.764, 555.1
17.65, 1.765, 556.4
17.66, 1.766, 559.0
17.67, 1.767, 559.8
17.68, 1.768, 561.8
17.69, 1.769, 562.9
17.70, 1.770, 566.3
17.71, 1.771, 568.1
17.72, 1.772, 569.1
17.73, 1.773, 571.2
17.74, 1.774, 572.3
17.75, 1.775, 574.7
17.76, 1.776, 576.3
17.77, 1.777, 576.7
17.78, 1.778, 579.3
17.79, 1.779, 581.2
17.80, 1.780, 582.4
17.81, 1.781, 585.4
17.82, 1.782, 586.9
17.83, 1.783, 587.3
17.84, 1.784, 589.8
17.85, 1.785, 591.1
17.86, 1.786, 592.4
17.87, 1.787, 594.8
17.88, 1.788, 596.7
17.89, 1.789, 598.6
17.90, 1.790, 599.1
17.91, 1.791, 602.7
17.92, 1.792, 603.3
17.93, 1.793, 605.3
17.94, 1.794, 608.4
17.95, 1.795, 609.0
17.96, 1.796, 612.2
17.97, 1.797, 611.8
17.98, 1.798, 613.1
17.99, 1.799, 615.9
18.00, 1.800, 619.1
18.01, 1.801, 621.3
18.02, 1.802, 621.7
18.03, 1.803, 621.8
18.04, 1.804, 624.3
18.05, 1.805, 627.4
18.06, 1.806, 629.3
18.07, 1.807, 629.1
18.08, 1.808, 630.9
18.09, 1.809, 631.6
18.10, 1.810, 635.4
18.11, 1.811, 637.8
18.12, 1.812, 637.8
18.13, 1.813, 640.2
18.14, 1.814, 639.6
18.15, 1.815, 641.2
18.16, 1.816, 644.5
18.17, 1.817, 646.8
18.18, 1.818, 647.8
18.19, 1.819, 648.9
18.20, 1.820, 650.6
18.21, 1.821, 652.6
18.22, 1.822, 654.7
18.23, 1.823, 656.4
18.24, 1.824, 657.7
18.25, 1.825, 661.1
18.26, 1.826, 662.0
18.27, 1.827, 663.7
18.28, 1.828, 665.0
18.29, 1.829, 665.5
18.30, 1.830, 669.8
18.31, 1.831, 670.3
18.32, 1.832, 671.8
18.33, 1.833, 673.5
18.34, 1.834, 673.3
18.35, 1.835, 677.9
18.36, 1.836, 680.4
18.37, 1.837, 680.2
18.38, 1.838, 684.6
18.39, 1.839, 684.5
18.40, 1.840, 688.6
18.41, 1.841, 689.9
18.42, 1.842, 690.3
18.43, 1.843, 692.6
18.44, 1.844, 694.1
18.45, 1.845, 696.6
18.46, 1.846, 696.5
18.47, 1.847, 700.3
18.48, 1.848, 698.5
18.49, 1.849, 703.3
18.50, 1.850, 704.5
18.51, 1.851, 705.5
18.52, 1.852, 707.0
18.53, 1.853, 707.8
18.54, 1.854, 711.4
18.55, 1.855, 714.1
18.56, 1.856, 715.5
18.57, 1.857, 716.8
18.58, 1.858, 718.0
18.59, 1.859, 721.8
18.60, 1.860, 722.1
18.61, 1.861, 723.0
18.62, 1.862, 725.0
18.63, 1.863, 727.0
18.64, 1.864, 729.2
18.65, 1.865, 729.6
18.66, 1.866, 732.0
18.67, 1.867, 733.1
18.68, 1.868, 735.1
18.69, 1.869, 737.1
18.70, 1.870, 738.0
18.71, 1.871, 740.8
18.72, 1.872, 740.8
18.73, 1.873, 742.4
18.74, 1.874, 747.3
18.75, 1.875, 747.4
18.76, 1.876, 749.4
18.77, 1.877, 748.0
18.78, 1.878, 752.7
18.79, 1.879, 754.6
18.80, 1.880, 755.8
18.81, 1.881, 758.7
18.82, 1.882, 760.0
18.83, 1.883, 760.4
18.84, 1.884, 764.5
18.85, 1.885, 764.8
18.86, 1.886, 768.6
18.87, 1.887, 768.8
18.88, 1.888, 770.6
18.89, 1.889, 774.6
18.90, 1.890, 774.4
18.91, 1.891, 777.1
18.92, 1.892, 777.2
18.93, 1.893, 779.1
18.94, 1.894, 781.8
18.95, 1.895, 782.2
18.96, 1.896, 784.1
18.97, 1.897, 785.6
18.98, 1.898, 788.4
18.99, 1.899, 790.7
19.00, 1.900, 790.9
19.01, 1.901, 792.2
19.02, 1.902, 794.8
19.03, 1.903, 798.4
19.04, 1.904, 798.2
19.05, 1.905, 799.9
19.06, 1.906, 800.3
19.07, 1.907, 804.0
19.08, 1.908, 803.4
19.09, 1.909, 805.7
19.10, 1.910, 806.9
19.11, 1.911, 808.4
19.12, 1.912, 811.1
19.13, 1.913, 811.8
19.14, 1.914, 813.8
19.15, 1.915, 814.0
19.16, 1.916, 816.7
19.17, 1.917, 820.5
19.18, 1.918, 821.8
19.19, 1.919, 823.5
19.20, 1.920, 824.4
19.21, 1.921, 828.5
19.22, 1.922, 830.6
19.23, 1.923, 829.3
19.24, 1.924, 831.5
19.25, 1.925, 833.1
19.26, 1.926, 837.1
19.27, 1.927, 837.0
19.28, 1.928, 838.8
19.29, 1.929, 838.5
19.30, 1.930, 841.8
19.31, 1.931, 845.2
19.32, 1.932, 846.5
19.33, 1.933, 848.1
19.34, 1.934, 849.6
19.35, 1.935, 852.5
19.36, 1.936, 853.5
19.37, 1.937, 854.4
19.38, 1.938, 855.6
19.39, 1.939, 857.9
19.40, 1.940, 858.5
19.41, 1.941, 858.2
19.42, 1.942, 861.8
19.43, 1.943, 864.4
19.44, 1.944, 864.4
19.45, 1.945, 867.8
19.46, 1.946, 868.1
19.47, 1.947, 871.4
19.48, 1.948, 873.6
19.49, 1.949, 874.4
19.50, 1.950, 875.2
19.51, 1.951, 879.3
19.52, 1.952, 879.8
19.53, 1.953, 882.7
19.54, 1.954, 882.6
19.55, 1.955, 885.3
19.56, 1.956, 886.2
19.57, 1.957, 887.9
19.58, 1.958, 887.9
19.59, 1.959, 891.1
19.60, 1.960, 892.9
19.61, 1.961, 893.8
19.62, 1.962, 895.8
19.63, 1.963, 898.1
19.64, 1.964, 901.5
19.65, 1.965, 902.4
19.66, 1.966, 904.8
19.67, 1.967, 906.3
19.68, 1.968, 905.0
19.69, 1.969, 909.8
19.70, 1.970, 908.9
19.71, 1.971, 913.4
19.72, 1.972, 914.6
19.73, 1.973, 915.4
19.74, 1.974, 918.6
19.75, 1.975, 919.4
19.76, 1.976, 922.0
19.77, 1.977, 920.4
19.78, 1.978, 921.8
19.79, 1.979, 925.5
19.80, 1.980, 926.9
19.81, 1.981, 927.2
19.82, 1.982, 929.0
19.83, 1.983, 927.8
19.84, 1.984, 929.7
19.85, 1.985, 929.2
19.86, 1.986, 929.5
19.87, 1.987, 928.6
19.88, 1.988, 930.3
19.89, 1.989, 929.4
19.90, 1.990, 928.6
19.91, 1.991, 928.7
19.92, 1.992, 929.3
19.93, 1.993, 930.2
19.94, 1.994, 930.2
19.95, 1.995, 928.4
19.96, 1.996, 928.1
19.97, 1.997, 928.6
19.98, 1.998, 928.1
19.99, 1.999, 928.7
20.00, 2.000, 929.3
20.01, 1.999, 929.6
20.02, 1.998, 928.8
20.03, 1.997, 928.9
20.04, 1.996, 928.4
20.05, 1.995, 928.2
20.06, 1.994, 928.5
20.07, 1.993, 928.4
20.08, 1.992, 928.2
20.09, 1.991, 928.2
20.10, 1.990, 928.6
20.11, 1.989, 928.1
20.12, 1.988, 928.5
20.13, 1.987, 927.5
20.14, 1.986, 927.5
20.15, 1.985, 928.3
20.16, 1.984, 927.2
20.17, 1.983, 926.7
20.18, 1.982, 926.2
20.19, 1.981, 927.3
20.20, 1.980, 926.8
20.21, 1.979, 923.8
20.22, 1.978, 922.2
20.23, 1.977, 919.9
20.24, 1.976, 919.0
20.25, 1.975, 918.2
20.26, 1.974, 914.8
20.27, 1.973, 914.4
20.28, 1.972, 912.3
20.29, 1.971, 911.7
20.30, 1.970, 909.5
20.31, 1.969, 908.3
20.32, 1.968, 906.0
20.33, 1.967, 905.3
20.34, 1.966, 904.1
20.35, 1.965, 900.0
20.36, 1.964, 898.7
20.37, 1.963, 894.9
20.38, 1.962, 896.3
20.39, 1.961, 893.3
20.40, 1.960, 891.5
20.41, 1.959, 889.3
20.42, 1.958, 886.1
20.43, 1.957, 887.4
20.44, 1.956, 883.5
20.45, 1.955, 880.2
20.46, 1.954, 879.5
20.47, 1.953, 878.3
20.48, 1.952, 875.5
20.49, 1.951, 873.7
20.50, 1.950, 871.6
20.51, 1.949, 870.9
20.52, 1.948, 868.8
20.53, 1.947, 865.8
20.54, 1.946, 862.6
20.55, 1.945, 860.8
20.56, 1.944, 861.8
20.57, 1.943, 859.2
20.58, 1.942, 856.6
20.59, 1.941, 856.3
20.60, 1.940, 854.5
20.61, 1.939, 852.1
20.62, 1.938, 852.0
20.63, 1.937, 848.3
20.64, 1.936, 847.7
20.65, 1.935, 846.9
20.66, 1.934, 845.0
20.67, 1.933, 842.0
20.68, 1.932, 841.0
20.69, 1.931, 837.4
20.70, 1.930, 837.5
20.71, 1.929, 835.9
20.72, 1.928, 833.8
20.73, 1.927, 830.9
20.74, 1.926, 828.8
20.75, 1.925, 829.7
20.76, 1.924, 826.1
20.77, 1.923, 822.8
20.78, 1.922, 822.5
20.79, 1.921, 819.2
20.80, 1.920, 821.6
20.81, 1.919, 815.8
20.82, 1.918, 815.6
20.83, 1.917, 813.3
20.84, 1.916, 812.3
20.85, 1.915, 811.6
20.86, 1.914, 809.0
20.87, 1.913, 804.8
20.88, 1.912, 804.2
20.89, 1.911, 800.4
20.90, 1.910, 801.0
20.91, 1.909, 799.5
20.92, 1.908, 795.4
20.93, 1.907, 793.3
20.94, 1.906, 793.9
20.95, 1.905, 792.1
20.96, 1.904, 789.4
20.97, 1.903, 786.3
20.98, 1.902, 785.5
20.99, 1.901, 785.2
21.00, 1.900, 782.2
21.01, 1.899, 779.5
21.02, 1.898, 777.5
21.03, 1.897, 775.6
21.04, 1.896, 774.9
21.05, 1.895, 773.5
21.06, 1.894, 770.6
21.07, 1.893, 768.0
21.08, 1.892, 767.7
21.09, 1.891, 767.1
21.10, 1.890, 764.2
21.11, 1.889, 761.9
21.12, 1.888, 761.0
21.13, 1.887, 759.9
21.14, 1.886, 756.6
21.15, 1.885, 754.4
21.16, 1.884, 753.1
21.17, 1.883, 750.7
21.18, 1.882, 749.5
21.19, 1.881, 745.6
21.20, 1.880, 743.0
21.21, 1.879, 741.1
21.22, 1.878, 742.0
21.23, 1.877, 739.7
21.24, 1.876, 735.7
21.25, 1.875, 737.3
21.26, 1.874, 736.0
21.27, 1.873, 733.0
21.28, 1.872, 730.5
21.29, 1.871, 728.3
21.30, 1.870, 726.5
21.31, 1.869, 726.0
21.32, 1.868, 723.8
21.33, 1.867, 720.7
21.34, 1.866, 717.8
21.35, 1.865, 717.0
21.36, 1.864, 715.5
21.37, 1.863, 712.8
21.38, 1.862, 709.1
21.39, 1.861, 709.4
21.40, 1.860, 708.0
21.41, 1.859, 705.2
21.42, 1.858, 701.3
21.43, 1.857, 701.3
21.44, 1.856, 699.8
21.45, 1.855, 696.8
21.46, 1.854, 695.1
21.47, 1.853, 693.1
21.48, 1.852, 693.9
21.49, 1.851, 690.5
21.50, 1.850, 687.6
21.51, 1.849, 686.1
21.52, 1.848, 683.4
21.53, 1.847, 683.6
21.54, 1.846, 680.7
21.55, 1.845, 676.9
21.56, 1.844, 680.0
21.57, 1.843, 677.0
21.58, 1.842, 674.3
21.59, 1.841, 672.7
21.60, 1.840, 669.1
21.61, 1.839, 669.4
21.62, 1.838, 666.4
21.63, 1.837, 663.2
21.64, 1.836, 660.5
21.65, 1.835, 660.1
21.66, 1.834, 659.1
21.67, 1.833, 655.7
21.68, 1.832, 653.5
21.69, 1.831, 651.8
21.70, 1.830, 649.4
21.71, 1.829, 650.2
21.72, 1.828, 646.3
21.73, 1.827, 643.4
21.74, 1.826, 640.1
21.75, 1.825, 640.8
21.76, 1.824, 637.9
21.77, 1.823, 634.7
21.78, 1.822, 634.9
21.79, 1.821, 630.5
21.80, 1.820, 630.2
21.81, 1.819, 628.7
21.82, 1.818, 624.4
21.83, 1.817, 623.8
21.84, 1.816, 621.6
21.85, 1.815, 621.2
21.86, 1.814, 618.6
21.87, 1.813, 617.4
21.88, 1.812, 616.0
21.89, 1.811, 614.4
21.90, 1.810, 611.2
21.91, 1.809, 610.5
21.92, 1.808, 608.0
21.93, 1.807, 604.9
21.94, 1.806, 603.2
21.95, 1.805, 601.7
21.96, 1.804, 599.6
21.97, 1.803, 597.7
21.98, 1.802, 595.2
21.99, 1.801, 592.9
22.00, 1.800, 591.2
22.01, 1.799, 589.4
22.02, 1.798, 588.7
22.03, 1.797, 587.0
22.04, 1.796, 583.0
22.05, 1.795, 581.1
22.06, 1.794, 581.5
22.07, 1.793, 578.7
22.08, 1.792, 577.4
22.09, 1.791, 575.5
22.10, 1.790, 572.7
22.11, 1.789, 571.1
22.12, 1.788, 570.1
22.13, 1.787, 567.7
22.14, 1.786, 564.0
22.15, 1.785, 560.8
22.16, 1.784, 559.0
22.17, 1.783, 558.7
22.18, 1.782, 556.7
22.19, 1.781, 555.6
22.20, 1.780, 554.0
22.21, 1.779, 551.9
22.22, 1.778, 550.0
22.23, 1.777, 547.8
22.24, 1.776, 547.3
22.25, 1.775, 544.4
22.26, 1.774, 541.4
22.27, 1.773, 538.1
22.28, 1.772, 537.2
22.29, 1.771, 534.6
22.30, 1.770, 535.6
22.31, 1.769, 532.0
22.32, 1.768, 528.9
22.33, 1.767, 527.3
22.34, 1.766, 524.2
22.35, 1.765, 523.0
22.36, 1.764, 522.1
22.37, 1.763, 519.4
22.38, 1.762, 517.2
22.39, 1.761, 516.4
22.40, 1.760, 513.4
22.41, 1.759, 511.8
22.42, 1.758, 508.8
22.43, 1.757, 507.5
22.44, 1.756, 503.3
22.45, 1.755, 501.6
22.46, 1.754, 501.4
22.47, 1.753, 498.3
22.48, 1.752, 494.8
22.49, 1.751, 493.5
22.50, 1.750, 495.5
22.51, 1.749, 491.7
22.52, 1.748, 488.6
22.53, 1.747, 488.4
22.54, 1.746, 487.1
22.55, 1.745, 484.3
22.56, 1.744, 482.9
22.57, 1.743, 480.0
22.58, 1.742, 477.5
22.59, 1.741, 475.1
22.60, 1.740, 471.7
22.61, 1.739, 469.6
22.62, 1.738, 468.2
22.63, 1.737, 465.9
22.64, 1.736, 464.3
22.65, 1.735, 461.0
22.66, 1.734, 458.6
22.67, 1.733, 458.6
22.68, 1.732, 455.6
22.69, 1.731, 453.3
22.70, 1.730, 452.1
22.71, 1.729, 448.9
22.72, 1.728, 447.6
22.73, 1.727, 447.2
22.74, 1.726, 442.7
22.75, 1.725, 441.1
22.76, 1.724, 438.1
22.77, 1.723, 438.3
22.78, 1.722, 435.4
22.79, 1.721, 433.1
22.80, 1.720, 431.0
22.81, 1.719, 429.3
22.82, 1.718, 425.8
22.83, 1.717, 426.0
22.84, 1.716, 424.2
22.85, 1.715, 420.6
22.86, 1.714, 418.9
22.87, 1.713, 415.5
22.88, 1.712, 415.5
22.89, 1.711, 412.3
22.90, 1.710, 409.6
22.91, 1.709, 407.2
22.92, 1.708, 405.1
22.93, 1.707, 405.7
22.94, 1.706, 402.3
22.95, 1.705, 399.7
22.96, 1.704, 397.6
22.97, 1.703, 396.6
22.98, 1.702, 394.2
22.99, 1.701, 390.2
23.00, 1.700, 388.3
23.01, 1.699, 385.7
23.02, 1.698, 386.5
23.03, 1.697, 382.4
23.04, 1.696, 380.3
23.05, 1.695, 377.2
23.06, 1.694, 376.8
23.07, 1.693, 375.2
23.08, 1.692, 371.3
23.09, 1.691, 369.6
23.10, 1.690, 367.7
23.11, 1.689, 365.0
23.12, 1.688, 365.1
23.13, 1.687, 363.0
23.14, 1.686, 359.8
23.15, 1.685, 359.2
23.16, 1.684, 356.7
23.17, 1.683, 355.7
23.18, 1.682, 352.3
23.19, 1.681, 349.6
23.20, 1.680, 347.9
23.21, 1.679, 345.4
23.22, 1.678, 343.9
23.23, 1.677, 343.5
23.24, 1.676, 339.4
23.25, 1.675, 340.2
23.26, 1.674, 334.8
23.27, 1.673, 333.8
23.28, 1.672, 330.9
23.29, 1.671, 328.5
23.30, 1.670, 327.6
23.31, 1.669, 325.5
23.32, 1.668, 324.3
23.33, 1.667, 322.9
23.34, 1.666, 319.9
23.35, 1.665, 316.7
23.36, 1.664, 315.1
23.37, 1.663, 312.6
23.38, 1.662, 310.8
23.39, 1.661, 309.0
23.40, 1.660, 306.3
23.41, 1.659, 304.9
23.42, 1.658, 301.6
23.43, 1.657, 299.5
23.44, 1.656, 297.9
23.45, 1.655, 297.4
23.46, 1.654, 293.4
23.47, 1.653, 291.5
23.48, 1.652, 289.8
23.49, 1.651, 287.5
23.50, 1.650, 286.1
23.51, 1.649, 284.2
23.52, 1.648, 283.1
23.53, 1.647, 279.3
23.54, 1.646, 275.6
23.55, 1.645, 274.9
23.56, 1.644, 273.9
23.57, 1.643, 272.2
23.58, 1.642, 269.7
23.59, 1.641, 268.5
23.60, 1.640, 265.2
23.61, 1.639, 264.0
23.62, 1.638, 263.6
23.63, 1.637, 260.8
23.64, 1.636, 258.0
23.65, 1.635, 255.5
23.66, 1.634, 253.8
23.67, 1.633, 253.9
23.68, 1.632, 250.5
23.69, 1.631, 247.7
23.70, 1.630, 245.8
23.71, 1.629, 245.1
23.72, 1.628, 242.4
23.73, 1.627, 240.8
23.74, 1.626, 238.3
23.75, 1.625, 237.9
23.76, 1.624, 236.0
23.77, 1.623, 235.5
23.78, 1.622, 232.1
23.79, 1.621, 229.6
23.80, 1.620, 228.1
23.81, 1.619, 225.6
23.82, 1.618, 225.5
23.83, 1.617, 222.9
23.84, 1.616, 220.0
23.85, 1.615, 216.3
23.86, 1.614, 215.7
23.87, 1.613, 214.9
23.88, 1.612, 213.3
23.89, 1.611, 209.6
23.90, 1.610, 206.8
23.91, 1.609, 207.2
23.92, 1.608, 205.9
23.93, 1.607, 203.1
23.94, 1.606, 199.8
23.95, 1.605, 199.5
23.96, 1.604, 198.2
23.97, 1.603, 197.2
23.98, 1.602, 194.0
23.99, 1.601, 192.0
24.00, 1.600, 190.5
24.01, 1.599, 188.6
24.02, 1.598, 187.7
24.03, 1.597, 184.7
24.04, 1.596, 183.0
24.05, 1.595, 180.1
24.06, 1.594, 179.2
24.07, 1.593, 178.7
24.08, 1.592, 175.6
24.09, 1.591, 174.4
24.10, 1.590, 173.4
24.11, 1.589, 170.8
24.12, 1.588, 170.1
24.13, 1.587, 167.4
24.14, 1.586, 166.8
24.15, 1.585, 164.2
24.16, 1.584, 162.5
24.17, 1.583, 161.1
24.18, 1.582, 159.3
24.19, 1.581, 157.9
24.20, 1.580, 156.1
24.21, 1.579, 155.4
24.22, 1.578, 153.7
24.23, 1.577, 150.3
24.24, 1.576, 148.6
24.25, 1.575, 148.6
24.26, 1.574, 146.5
24.27, 1.573, 144.0
24.28, 1.572, 141.9
24.29, 1.571, 141.6
24.30, 1.570, 140.9
24.31, 1.569, 137.5
24.32, 1.568, 136.5
24.33, 1.567, 133.3
24.34, 1.566, 131.2
24.35, 1.565, 132.3
24.36, 1.564, 127.6
24.37, 1.563, 128.5
24.38, 1.562, 126.8
24.39, 1.561, 126.6
24.40, 1.560, 123.9
24.41, 1.559, 121.6
24.42, 1.558, 120.6
24.43, 1.557, 119.5
24.44, 1.556, 118.1
24.45, 1.555, 117.4
24.46, 1.554, 115.2
24.47, 1.553, 113.2
24.48, 1.552, 111.6
24.49, 1.551, 110.4
24.50, 1.550, 109.2
24.51, 1.549, 106.3
24.52, 1.548, 104.7
24.53, 1.547, 105.3
24.54, 1.546, 103.6
24.55, 1.545, 103.4
24.56, 1.544, 101.9
24.57, 1.543, 100.3
24.58, 1.542, 99.59
24.59, 1.541, 98.71
24.60, 1.540, 96.62
24.61, 1.539, 94.81
24.62, 1.538, 95.94
24.63, 1.537, 92.25
24.64, 1.536, 91.73
24.65, 1.535, 89.45
24.66, 1.534, 89.37
24.67, 1.533, 86.58
24.68, 1.532, 84.91
24.69, 1.531, 83.74
24.70, 1.530, 84.30
24.71, 1.529, 83.04
24.72, 1.528, 80.16
24.73, 1.527, 79.94
24.74, 1.526, 78.50
24.75, 1.525, 78.14
24.76, 1.524, 76.80
24.77, 1.523, 74.80
24.78, 1.522, 73.22
24.79, 1.521, 73.27
24.80, 1.520, 72.32
24.81, 1.519, 70.77
24.82, 1.518, 69.19
24.83, 1.517, 67.22
24.84, 1.516, 69.02
24.85, 1.515, 67.12
24.86, 1.514, 66.26
24.87, 1.513, 64.05
24.88, 1.512, 64.13
24.89, 1.511, 63.34
24.90, 1.510, 62.23
24.91, 1.509, 59.52
24.92, 1.508, 60.79
24.93, 1.507, 58.33
24.94, 1.506, 56.53
24.95, 1.505, 57.26
24.96, 1.504, 55.78
24.97, 1.503, 54.24
24.98, 1.502, 54.25
24.99, 1.501, 52.57
25.00, 1.500, 54.76
25.01, 1.499, 53.25
25.02, 1.498, 51.88
25.03, 1.497, 50.37
25.04, 1.496, 50.63
25.05, 1.495, 49.50
25.06, 1.494, 46.80
25.07, 1.493, 46.41
25.08, 1.492, 47.07
25.09, 1.491, 46.03
25.10, 1.490, 44.25
25.11, 1.489, 43.83
25.12, 1.488, 42.87
25.13, 1.487, 42.87
25.14, 1.486, 40.77
25.15, 1.485, 40.20
25.16, 1.484, 38.86
25.17, 1.483, 39.65
25.18, 1.482, 38.38
25.19, 1.481, 38.04
25.20, 1.480, 36.46
25.21, 1.479, 35.98
25.22, 1.478, 36.63
25.23, 1.477, 36.03
25.24, 1.476, 33.41
25.25, 1.475, 32.29
25.26, 1.474, 32.93
25.27, 1.473, 31.78
25.28, 1.472, 31.25
25.29, 1.471, 30.72
25.30, 1.470, 31.15
25.31, 1.469, 29.93
25.32, 1.468, 29.11
25.33, 1.467, 26.67
25.34, 1.466, 27.90
25.35, 1.465, 26.81
25.36, 1.464, 26.00
25.37, 1.463, 25.55
25.38, 1.462, 25.42
25.39, 1.461, 26.07
25.40, 1.460, 25.04
25.41, 1.459, 23.76
25.42, 1.458, 23.60
25.43, 1.457, 23.44
25.44, 1.456, 23.06
25.45, 1.455, 21.28
25.46, 1.454, 19.95
25.47, 1.453, 20.11
25.48, 1.452, 20.94
25.49, 1.451, 18.92
25.50, 1.450, 18.69
25.51, 1.449, 18.96
25.52, 1.448, 18.10
25.53, 1.447, 17.80
25.54, 1.446, 16.81
25.55, 1.445, 16.54
25.56, 1.444, 17.44
25.57, 1.443, 16.17
25.58, 1.442, 16.77
25.59, 1.441, 15.09
25.60, 1.440, 15.56
25.61, 1.439, 15.11
25.62, 1.438, 14.17
25.63, 1.437, 12.22
25.64, 1.436, 12.97
25.65, 1.435, 13.63
25.66, 1.434, 12.95
25.67, 1.433, 11.56
25.68, 1.432, 10.70
25.69, 1.431, 11.05
25.70, 1.430, 11.42
25.71, 1.429, 10.65
25.72, 1.428, 10.75
25.73, 1.427, 10.87
25.74, 1.426, 11.52
25.75, 1.425, 9.696
25.76, 1.424, 7.470
25.77, 1.423, 8.587
25.78, 1.422, 9.903
25.79, 1.421, 9.786
25.80, 1.420, 8.582
25.81, 1.419, 7.538
25.82, 1.418, 7.222
25.83, 1.417, 7.550
25.84, 1.416, 7.072
25.85, 1.415, 6.737
25.86, 1.414, 5.715
25.87, 1.413, 5.691
25.88, 1.412, 6.080
25.89, 1.411, 5.110
25.90, 1.410, 5.655
25.91, 1.409, 5.259
25.92, 1.408, 4.905
25.93, 1.407, 4.462
25.94, 1.406, 3.777
25.95, 1.405, 3.746
25.96, 1.404, 4.253
25.97, 1.403, 4.413
25.98, 1.402, 2.615
25.99, 1.401, 2.192
26.00, 1.400, 4.523
26.01, 1.399, 3.173
26.02, 1.398, 2.159
26.03, 1.397, 0.8280
26.04, 1.396, 2.730
26.05, 1.395, 1.905
26.06, 1.394, 1.492
26.07, 1.393, 0.9577
26.08, 1.392, 1.455
26.09, 1.391, 1.667
26.10, 1.390, 1.548
26.11, 1.389, -0.2091
26.12, 1.388, 0.9131
26.13, 1.387, 0.7186
26.14, 1.386, 0.6003
26.15, 1.385, 0.7784
26.16, 1.384, -1.014
26.17, 1.383, 0.1616
26.18, 1.382, 0.9521
26.19, 1.381, -0.2107
26.20, 1.380, 1.150
26.21, 1.379, 0.1173
26.22, 1.378, -3.450
26.23, 1.377, -0.9481
26.24, 1.376, -0.6995
26.25, 1.375, -1.478
26.26, 1.374, -3.446
26.27, 1.373, -1.087
26.28, 1.372, -0.03383
26.29, 1.371, 1.163
26.30, 1.370, -1.012
26.31, 1.369, -1.804
26.32, 1.368, -1.356
26.33, 1.367, -2.201
26.34, 1.366, -0.8426
26.35, 1.365, 0.2106
26.36, 1.364, -3.063
26.37, 1.363, -1.960
26.38, 1.362, -3.294
26.39, 1.361, -5.054
26.40, 1.360, -2.703
26.41, 1.359, -2.545
26.42, 1.358, -0.9297
26.43, 1.357, -2.978
26.44, 1.356, -2.918
26.45, 1.355, -4.812
26.46, 1.354, -3.853
26.47, 1.353, -2.670
26.48, 1.352, -3.048
26.49, 1.351, -3.428
26.50, 1.350, -4.752
26.51, 1.349, -4.699
26.52, 1.348, -3.745
26.53, 1.347, -3.627
26.54, 1.346, -4.144
26.55, 1.345, -5.338
26.56, 1.344, -4.974
26.57, 1.343, -3.826
26.58, 1.342, -3.397
26.59, 1.341, -5.405
26.60, 1.340, -6.210
26.61, 1.339, -6.492
26.62, 1.338, -6.703
26.63, 1.337, -4.695
26.64, 1.336, -5.015
26.65, 1.335, -7.306
26.66, 1.334, -6.561
26.67, 1.333, -7.229
26.68, 1.332, -6.472
26.69, 1.331, -5.382
26.70, 1.330, -8.138
26.71, 1.329, -8.345
26.72, 1.328, -9.065
26.73, 1.327, -7.180
26.74, 1.326, -8.342
26.75, 1.325, -8.391
26.76, 1.324, -8.819
26.77, 1.323, -8.689
26.78, 1.322, -9.138
26.79, 1.321, -8.801
26.80, 1.320, -10.04
26.81, 1.319, -9.900
26.82, 1.318, -10.67
26.83, 1.317, -11.54
26.84, 1.316, -10.30
26.85, 1.315, -11.14
26.86, 1.314, -10.03
26.87, 1.313, -10.04
26.88, 1.312, -11.41
26.89, 1.311, -12.28
26.90, 1.310, -10.46
26.91, 1.309, -10.11
26.92, 1.308, -9.697
26.93, 1.307, -10.19
26.94, 1.306, -10.03
26.95, 1.305, -10.51
26.96, 1.304, -10.92
26.97, 1.303, -9.488
26.98, 1.302, -9.827
26.99, 1.301, -9.495
27.00, 1.300, -7.916
27.01, 1.299, -8.684
27.02, 1.298, -9.406
27.03, 1.297, -7.739
27.04, 1.296, -8.042
27.05, 1.295, -7.308
27.06, 1.294, -8.671
27.07, 1.293, -6.395
27.08, 1.292, -8.582
27.09, 1.291, -5.227
27.10, 1.290, -6.663
27.11, 1.289, -7.302
27.12, 1.288, -6.195
27.13, 1.287, -6.449
27.14, 1.286, -5.723
27.15, 1.285, -5.998
27.16, 1.284, -5.706
27.17, 1.283, -6.130
27.18, 1.282, -6.304
27.19, 1.281, -7.412
27.20, 1.280, -6.653
27.21, 1.279, -8.493
27.22, 1.278, -7.044
27.23, 1.277, -5.365
27.24, 1.276, -7.486
27.25, 1.275, -8.047
27.26, 1.274, -9.058
27.27, 1.273, -5.868
27.28, 1.272, -7.152
27.29, 1.271, -6.900
27.30, 1.270, -7.951
27.31, 1.269, -7.756
27.32, 1.268, -5.368
27.33, 1.267, -5.414
27.34, 1.266, -6.106
27.35, 1.265, -7.819
27.36, 1.264, -8.477
27.37, 1.263, -6.839
27.38, 1.262, -6.919
27.39, 1.261, -7.408
27.40, 1.260, -8.475
27.41, 1.259, -6.194
27.42, 1.258, -6.416
27.43, 1.257, -5.906
27.44, 1.256, -6.426
27.45, 1.255, -7.197
27.46, 1.254, -6.663
27.47, 1.253, -4.918
27.48, 1.252, -7.733
27.49, 1.251, -5.977
27.50, 1.250, -7.458
27.51, 1.249, -7.309
27.52, 1.248, -6.715
27.53, 1.247, -5.794
27.54, 1.246, -6.418
27.55, 1.245, -6.847
27.56, 1.244, -6.195
27.57, 1.243, -6.158
27.58, 1.242, -6.650
27.59, 1.241, -4.725
27.60, 1.240, -6.370
27.61, 1.239, -5.759
27.62, 1.238, -6.335
27.63, 1.237, -5.931
27.64, 1.236, -6.486
27.65, 1.235, -6.037
27.66, 1.234, -6.280
27.67, 1.233, -5.871
27.68, 1.232, -5.771
27.69, 1.231, -6.443
27.70, 1.230, -7.604
27.71, 1.229, -6.067
27.72, 1.228, -5.731
27.73, 1.227, -6.699
27.74, 1.226, -5.898
27.75, 1.225, -5.657
27.76, 1.224, -7.195
27.77, 1.223, -5.585
27.78, 1.222, -5.730
27.79, 1.221, -5.409
27.80, 1.220, -7.176
27.81, 1.219, -5.542
27.82, 1.218, -4.732
27.83, 1.217, -6.269
27.84, 1.216, -5.906
27.85, 1.215, -4.915
27.86, 1.214, -4.694
27.87, 1.213, -6.171
27.88, 1.212, -5.186
27.89, 1.211, -5.740
27.90, 1.210, -5.408
27.91, 1.209, -4.153
27.92, 1.208, -5.569
27.93, 1.207, -5.537
27.94, 1.206, -6.929
27.95, 1.205, -4.336
27.96, 1.204, -4.046
27.97, 1.203, -4.082
27.98, 1.202, -5.938
27.99, 1.201, -5.045
28.00, 1.200, -5.131
28.01, 1.199, -4.155
28.02, 1.198, -5.163
28.03, 1.197, -6.371
28.04, 1.196, -5.186
28.05, 1.195, -4.301
28.06, 1.194, -6.048
28.07, 1.193, -5.976
28.08, 1.192, -5.176
28.09, 1.191, -6.213
28.10, 1.190, -3.863
28.11, 1.189, -5.981
28.12, 1.188, -5.231
28.13, 1.187, -6.030
28.14, 1.186, -3.723
28.15, 1.185, -4.680
28.16, 1.184, -5.052
28.17, 1.183, -4.531
28.18, 1.182, -5.821
28.19, 1.181, -4.518
28.20, 1.180, -3.234
28.21, 1.179, -4.254
28.22, 1.178, -3.778
28.23, 1.177, -4.957
28.24, 1.176, -6.562
28.25, 1.175, -6.121
28.26, 1.174, -4.192
28.27, 1.173, -3.773
28.28, 1.172, -5.564
28.29, 1.171, -5.091
28.30, 1.170, -5.838
28.31, 1.169, -4.948
28.32, 1.168, -4.320
28.33, 1.167, -3.877
28.34, 1.166, -4.337
28.35, 1.165, -4.029
28.36, 1.164, -3.951
28.37, 1.163, -5.247
28.38, 1.162, -5.241
28.39, 1.161, -4.645
28.40, 1.160, -6.007
28.41, 1.159, -5.887
28.42, 1.158, -4.309
28.43, 1.157, -4.773
28.44, 1.156, -5.270
28.45, 1.155, -6.605
28.46, 1.154, -5.296
28.47, 1.153, -5.117
28.48, 1.152, -4.843
28.49, 1.151, -5.263
28.50, 1.150, -6.409
28.51, 1.149, -3.950
28.52, 1.148, -4.546
28.53, 1.147, -4.955
28.54, 1.146, -6.215
28.55, 1.145, -6.283
28.56, 1.144, -4.474
28.57, 1.143, -4.047
28.58, 1.142, -5.470
28.59, 1.141, -5.606
28.60, 1.140, -4.125
28.61, 1.139, -4.052
28.62, 1.138, -5.054
28.63, 1.137, -4.784
28.64, 1.136, -4.070
28.65, 1.135, -4.703
28.66, 1.134, -4.522
28.67, 1.133, -4.432
28.68, 1.132, -4.673
28.69, 1.131, -4.816
28.70, 1.130, -5.329
28.71, 1.129, -5.357
28.72, 1.128, -3.336
28.73, 1.127, -4.703
28.74, 1.126, -4.288
28.75, 1.125, -5.858
28.76, 1.124, -4.738
28.77, 1.123, -4.219
28.78, 1.122, -4.581
28.79, 1.121, -4.259
28.80, 1.120, -5.051
28.81, 1.119, -3.619
28.82, 1.118, -5.969
28.83, 1.117, -5.521
28.84, 1.116, -4.507
28.85, 1.115, -4.705
28.86, 1.114, -5.407
28.87, 1.113, -4.378
28.88, 1.112, -3.632
28.89, 1.111, -5.777
28.90, 1.110, -6.793
28.91, 1.109, -4.244
28.92, 1.108, -4.929
28.93, 1.107, -6.667
28.94, 1.106, -4.167
28.95, 1.105, -4.420
28.96, 1.104, -4.749
28.97, 1.103, -4.250
28.98, 1.102, -4.590
28.99, 1.101, -4.157
29.00, 1.100, -6.347
29.01, 1.099, -4.241
29.02, 1.098, -3.641
29.03, 1.097, -4.794
29.04, 1.096, -5.170
29.05, 1.095, -4.754
29.06, 1.094, -6.029
29.07, 1.093, -3.646
29.08, 1.092, -4.112
29.09, 1.091, -4.068
29.10, 1.090, -4.541
29.11, 1.089, -3.896
29.12, 1.088, -3.976
29.13, 1.087, -4.939
29.14, 1.086, -6.167
29.15, 1.085, -5.778
29.16, 1.084, -4.913
29.17, 1.083, -2.892
29.18, 1.082, -5.358
29.19, 1.081, -4.384
29.20, 1.080, -5.129
29.21, 1.079, -5.286
29.22, 1.078, -2.575
29.23, 1.077, -5.498
29.24, 1.076, -3.472
29.25, 1.075, -4.154
29.26, 1.074, -4.274
29.27, 1.073, -4.113
29.28, 1.072, -5.668
29.29, 1.071, -5.413
29.30, 1.070, -5.814
29.31, 1.069, -4.397
29.32, 1.068, -6.301
29.33, 1.067, -3.913
29.34, 1.066, -5.330
29.35, 1.065, -5.952
29.36, 1.064, -3.992
29.37, 1.063, -5.548
29.38, 1.062, -4.494
29.39, 1.061, -7.349
29.40, 1.060, -6.054
29.41, 1.059, -3.375
29.42, 1.058, -3.912
29.43, 1.057, -4.284
29.44, 1.056, -5.168
29.45, 1.055, -4.868
29.46, 1.054, -3.140
29.47, 1.053, -3.634
29.48, 1.052, -3.768
29.49, 1.051, -4.446
29.50, 1.050, -5.260
29.51, 1.049, -4.930
29.52, 1.048, -4.429
29.53, 1.047, -4.034
29.54, 1.046, -4.626
29.55, 1.045, -5.606
29.56, 1.044, -3.123
29.57, 1.043, -5.244
29.58, 1.042, -4.673
29.59, 1.041, -3.999
29.60, 1.040, -5.377
29.61, 1.039, -5.122
29.62, 1.038, -4.979
29.63, 1.037, -5.286
29.64, 1.036, -5.371
29.65, 1.035, -4.613
29.66, 1.034, -4.485
29.67, 1.033, -3.837
29.68, 1.032, -5.141
29.69, 1.031, -4.855
29.70, 1.030, -5.775
29.71, 1.029, -5.018
29.72, 1.028, -4.881
29.73, 1.027, -5.216
29.74, 1.026, -4.944
29.75, 1.025, -5.778
29.76, 1.024, -4.382
29.77, 1.023, -4.446
29.78, 1.022, -4.074
29.79, 1.021, -4.418
29.80, 1.020, -6.144
29.81, 1.019, -4.966
29.82, 1.018, -5.045
29.83, 1.017, -4.699
29.84, 1.016, -5.038
29.85, 1.015, -6.302
29.86, 1.014, -4.041
29.87, 1.013, -4.219
29.88, 1.012, -5.463
29.89, 1.011, -5.715
29.90, 1.010, -3.702
29.91, 1.009, -4.569
29.92, 1.008, -4.492
29.93, 1.007, -4.912
29.94, 1.006, -4.632
29.95, 1.005, -4.389
29.96, 1.004, -4.524
29.97, 1.003, -4.761
29.98, 1.002, -5.720
29.99, 1.001, -4.650
30.00, 1.000, -5.319
30.01, 0.9990, -6.035
30.02, 0.9980, -5.170
30.03, 0.9970, -4.785
30.04, 0.9960, -5.128
30.05, 0.9950, -3.277
30.06, 0.9940, -4.446
30.07, 0.9930, -4.694
30.08, 0.9920, -6.446
30.09, 0.9910, -4.567
30.10, 0.9900, -2.972
30.11, 0.9890, -4.368
30.12, 0.9880, -5.515
30.13, 0.9870, -4.188
30.14, 0.9860, -4.519
30.15, 0.9850, -4.472
30.16, 0.9840, -5.623
30.17, 0.9830, -6.014
30.18, 0.9820, -5.856
30.19, 0.9810, -4.291
30.20, 0.9800, -5.791
30.21, 0.9790, -4.795
30.22, 0.9780, -6.040
30.23, 0.9770, -5.995
30.24, 0.9760, -4.720
30.25, 0.9750, -6.005
30.26, 0.9740, -4.901
30.27, 0.9730, -5.718
30.28, 0.9720, -5.565
30.29, 0.9710, -4.005
30.30, 0.9700, -5.662
30.31, 0.9690, -4.760
30.32, 0.9680, -3.866
30.33, 0.9670, -5.352
30.34, 0.9660, -4.177
30.35, 0.9650, -3.610
30.36, 0.9640, -4.363
30.37, 0.9630, -4.421
30.38, 0.9620, -4.048
30.39, 0.9610, -4.191
30.40, 0.9600, -5.619
30.41, 0.9590, -4.053
30.42, 0.9580, -5.315
30.43, 0.9570, -4.649
30.44, 0.9560, -5.708
30.45, 0.9550, -4.864
30.46, 0.9540, -6.331
30.47, 0.9530, -4.615
30.48, 0.9520, -4.014
30.49, 0.9510, -5.184
30.50, 0.9500, -5.308
30.51, 0.9490, -4.766
30.52, 0.9480, -3.501
30.53, 0.9470, -5.205
30.54, 0.9460, -4.784
30.55, 0.9450, -6.408
30.56, 0.9440, -5.222
30.57, 0.9430, -4.846
30.58, 0.9420, -4.662
30.59, 0.9410, -4.574
30.60, 0.9400, -5.415
30.61, 0.9390, -4.880
30.62, 0.9380, -5.265
30.63, 0.9370, -4.181
30.64, 0.9360, -5.187
30.65, 0.9350, -5.300
30.66, 0.9340, -4.120
30.67, 0.9330, -3.912
30.68, 0.9320, -4.975
30.69, 0.9310, -6.113
30.70, 0.9300, -5.585
30.71, 0.9290, -3.153
30.72, 0.9280, -3.435
30.73, 0.9270, -3.932
30.74, 0.9260, -5.255
30.75, 0.9250, -4.544
30.76, 0.9240, -5.342
30.77, 0.9230, -4.113
30.78, 0.9220, -3.825
30.79, 0.9210, -4.830
30.80, 0.9200, -4.532
30.81, 0.9190, -5.484
30.82, 0.9180, -5.015
30.83, 0.9170, -4.606
30.84, 0.9160, -5.332
30.85, 0.9150, -6.399
30.86, 0.9140, -4.774
30.87, 0.9130, -3.698
30.88, 0.9120, -5.509
30.89, 0.9110, -4.041
30.90, 0.9100, -5.751
30.91, 0.9090, -5.409
30.92, 0.9080, -5.308
30.93, 0.9070, -3.005
30.94, 0.9060, -5.817
30.95, 0.9050, -6.248
30.96, 0.9040, -5.718
30.97, 0.9030, -5.241
30.98, 0.9020, -5.420
30.99, 0.9010, -6.216
31.00, 0.9000, -4.503
31.01, 0.8990, -4.454
31.02, 0.8980, -4.530
31.03, 0.8970, -4.850
31.04, 0.8960, -5.622
31.05, 0.8950, -3.549
31.06, 0.8940, -4.120
31.07, 0.8930, -4.085
31.08, 0.8920, -5.022
31.09, 0.8910, -5.346
31.10, 0.8900, -5.541
31.11, 0.8890, -4.545
31.12, 0.8880, -3.479
31.13, 0.8870, -5.163
31.14, 0.8860, -3.901
31.15, 0.8850, -5.057
31.16, 0.8840, -6.403
31.17, 0.8830, -4.992
31.18, 0.8820, -4.998
31.19, 0.8810, -4.442
31.20, 0.8800, -4.545
31.21, 0.8790, -3.605
31.22, 0.8780, -5.338
31.23, 0.8770, -4.779
31.24, 0.8760, -3.102
31.25, 0.8750, -4.366
31.26, 0.8740, -5.426
31.27, 0.8730, -4.831
31.28, 0.8720, -3.989
31.29, 0.8710, -3.829
31.30, 0.8700, -4.477
31.31, 0.8690, -5.316
31.32, 0.8680, -6.551
31.33, 0.8670, -3.254
31.34, 0.8660, -5.451
31.35, 0.8650, -4.701
31.36, 0.8640, -4.861
31.37, 0.8630, -4.636
31.38, 0.8620, -4.302
31.39, 0.8610, -4.971
31.40, 0.8600, -4.603
31.41, 0.8590, -5.340
31.42, 0.8580, -5.459
31.43, 0.8570, -4.878
31.44, 0.8560, -4.300
31.45, 0.8550, -5.479
31.46, 0.8540, -4.780
31.47, 0.8530, -5.125
31.48, 0.8520, -4.017
31.49, 0.8510, -4.687
31.50, 0.8500, -4.382
31.51, 0.8490, -5.265
31.52, 0.8480, -4.171
31.53, 0.8470, -4.427
31.54, 0.8460, -4.481
31.55, 0.8450, -4.555
31.56, 0.8440, -5.236
31.57, 0.8430, -4.022
31.58, 0.8420, -6.700
31.59, 0.8410, -5.789
31.60, 0.8400, -4.707
31.61, 0.8390, -5.181
31.62, 0.8380, -4.637
31.63, 0.8370, -4.578
31.64, 0.8360, -3.608
31.65, 0.8350, -4.779
31.66, 0.8340, -5.165
31.67, 0.8330, -6.166
31.68, 0.8320, -3.870
31.69, 0.8310, -4.166
31.70, 0.8300, -4.503
31.71, 0.8290, -3.744
31.72, 0.8280, -5.610
31.73, 0.8270, -3.360
31.74, 0.8260, -4.826
31.75, 0.8250, -4.217
31.76, 0.8240, -4.463
31.77, 0.8230, -5.797
31.78, 0.8220, -3.526
31.79, 0.8210, -4.622
31.80, 0.8200, -4.077
31.81, 0.8190, -5.539
31.82, 0.8180, -4.853
31.83, 0.8170, -4.110
31.84, 0.8160, -5.247
31.85, 0.8150, -4.974
31.86, 0.8140, -5.399
31.87, 0.8130, -4.841
31.88, 0.8120, -5.798
31.89, 0.8110, -4.638
31.90, 0.8100, -5.583
31.91, 0.8090, -5.255
31.92, 0.8080, -4.225
31.93, 0.8070, -6.157
31.94, 0.8060, -3.792
31.95, 0.8050, -6.246
31.96, 0.8040, -4.712
31.97, 0.8030, -4.129
31.98, 0.8020, -5.089
31.99, 0.8010, -4.564
32.00, 0.8000, -7.798
32.01, 0.7990, -4.667
32.02, 0.7980, -4.439
32.03, 0.7970, -4.769
32.04, 0.7960, -4.983
32.05, 0.7950, -5.514
32.06, 0.7940, -3.398
32.07, 0.7930, -3.496
32.08, 0.7920, -6.154
32.09, 0.7910, -4.584
32.10, 0.7900, -5.045
32.11, 0.7890, -4.467
32.12, 0.7880, -4.066
32.13, 0.7870, -5.309
32.14, 0.7860, -5.698
32.15, 0.7850, -4.258
32.16, 0.7840, -5.382
32.17, 0.7830, -4.176
32.18, 0.7820, -4.416
32.19, 0.7810, -6.951
32.20, 0.7800, -3.718
32.21, 0.7790, -4.798
32.22, 0.7780, -5.572
32.23, 0.7770, -6.499
32.24, 0.7760, -3.909
32.25, 0.7750, -4.254
32.26, 0.7740, -4.433
32.27, 0.7730, -5.317
32.28, 0.7720, -6.559
32.29, 0.7710, -4.157
32.30, 0.7700, -4.884
32.31, 0.7690, -6.555
32.32, 0.7680, -5.105
32.33, 0.7670, -5.993
32.34, 0.7660, -5.040
32.35, 0.7650, -4.899
32.36, 0.7640, -5.280
32.37, 0.7630, -6.263
32.38, 0.7620, -3.517
32.39, 0.7610, -5.930
32.40, 0.7600, -4.292
32.41, 0.7590, -4.441
32.42, 0.7580, -4.832
32.43, 0.7570, -4.530
32.44, 0.7560, -5.691
32.45, 0.7550, -5.784
32.46, 0.7540, -5.464
32.47, 0.7530, -5.008
32.48, 0.7520, -4.292
32.49, 0.7510, -5.203
32.50, 0.7500, -6.193
32.51, 0.7490, -4.020
32.52, 0.7480, -4.991
32.53, 0.7470, -4.879
32.54, 0.7460, -5.399
32.55, 0.7450, -6.145
32.56, 0.7440, -4.963
32.57, 0.7430, -5.087
32.58, 0.7420, -3.819
32.59, 0.7410, -5.617
32.60, 0.7400, -4.234
32.61, 0.7390, -4.600
32.62, 0.7380, -5.701
32.63, 0.7370, -4.651
32.64, 0.7360, -5.120
32.65, 0.7350, -3.987
32.66, 0.7340, -4.925
32.67, 0.7330, -5.611
32.68, 0.7320, -5.276
32.69, 0.7310, -4.969
32.70, 0.7300, -4.703
32.71, 0.7290, -4.781
32.72, 0.7280, -4.866
32.73, 0.7270, -5.559
32.74, 0.7260, -4.261
32.75, 0.7250, -4.335
32.76, 0.7240, -3.784
32.77, 0.7230, -5.002
32.78, 0.7220, -6.084
32.79, 0.7210, -3.936
32.80, 0.7200, -4.792
32.81, 0.7190, -5.146
32.82, 0.7180, -4.885
32.83, 0.7170, -4.725
32.84, 0.7160, -5.144
32.85, 0.7150, -5.810
32.86, 0.7140, -4.645
32.87, 0.7130, -4.687
32.88, 0.7120, -3.747
32.89, 0.7110, -4.860
32.90, 0.7100, -4.610
32.91, 0.7090, -4.249
32.92, 0.7080, -4.225
32.93, 0.7070, -3.415
32.94, 0.7060, -4.471
32.95, 0.7050, -5.111
32.96, 0.7040, -4.161
32.97, 0.7030, -3.993
32.98, 0.7020, -4.422
32.99, 0.7010, -5.410
33.00, 0.7000, -5.031
33.01, 0.6990, -3.617
33.02, 0.6980, -5.135
33.03, 0.6970, -5.212
33.04, 0.6960, -5.721
33.05, 0.6950, -3.756
33.06, 0.6940, -5.051
33.07, 0.6930, -4.464
33.08, 0.6920, -5.395
33.09, 0.6910, -5.340
33.10, 0.6900, -5.651
33.11, 0.6890, -5.012
33.12, 0.6880, -4.140
33.13, 0.6870, -4.253
33.14, 0.6860, -4.959
33.15, 0.6850, -4.686
33.16, 0.6840, -5.443
33.17, 0.6830, -4.522
33.18, 0.6820, -4.585
33.19, 0.6810, -4.101
33.20, 0.6800, -4.779
33.21, 0.6790, -4.611
33.22, 0.6780, -5.537
33.23, 0.6770, -6.054
33.24, 0.6760, -4.489
33.25, 0.6750, -4.388
33.26, 0.6740, -4.062
33.27, 0.6730, -3.595
33.28, 0.6720, -4.817
33.29, 0.6710, -4.051
33.30, 0.6700, -4.969
33.31, 0.6690, -5.179
33.32, 0.6680, -5.857
33.33, 0.6670, -5.178
33.34, 0.6660, -4.962
33.35, 0.6650, -4.980
33.36, 0.6640, -5.139
33.37, 0.6630, -5.067
33.38, 0.6620, -5.454
33.39, 0.6610, -4.886
33.40, 0.6600, -5.807
33.41, 0.6590, -4.955
33.42, 0.6580, -3.684
33.43, 0.6570, -5.109
33.44, 0.6560, -4.125
33.45, 0.6550, -4.905
33.46, 0.6540, -5.026
33.47, 0.6530, -3.827
33.48, 0.6520, -4.135
33.49, 0.6510, -4.200
33.50, 0.6500, -5.665
33.51, 0.6490, -6.242
33.52, 0.6480, -5.657
33.53, 0.6470, -5.038
33.54, 0.6460, -5.254
33.55, 0.6450, -4.716
33.56, 0.6440, -5.620
33.57, 0.6430, -5.493
33.58, 0.6420, -5.599
33.59, 0.6410, -4.003
33.60, 0.6400, -4.865
33.61, 0.6390, -6.066
33.62, 0.6380, -4.680
33.63, 0.6370, -3.676
33.64, 0.6360, -4.976
33.65, 0.6350, -4.151
33.66, 0.6340, -6.802
33.67, 0.6330, -3.749
33.68, 0.6320, -5.889
33.69, 0.6310, -4.779
33.70, 0.6300, -5.032
33.71, 0.6290, -5.590
33.72, 0.6280, -5.369
33.73, 0.6270, -3.804
33.74, 0.6260, -5.394
33.75, 0.6250, -5.190
33.76, 0.6240, -5.797
33.77, 0.6230, -5.163
33.78, 0.6220, -5.260
33.79, 0.6210, -3.907
33.80, 0.6200, -4.545
33.81, 0.6190, -5.311
33.82, 0.6180, -4.394
33.83, 0.6170, -4.971
33.84, 0.6160, -4.036
33.85, 0.6150, -4.920
33.86, 0.6140, -6.225
33.87, 0.6130, -3.824
33.88, 0.6120, -4.753
33.89, 0.6110, -5.366
33.90, 0.6100, -5.251
33.91, 0.6090, -5.987
33.92, 0.6080, -5.143
33.93, 0.6070, -5.567
33.94, 0.6060, -6.244
33.95, 0.6050, -5.675
33.96, 0.6040, -4.878
33.97, 0.6030, -5.240
33.98, 0.6020, -6.140
33.99, 0.6010, -4.069
34.00, 0.6000, -5.233
34.01, 0.5990, -4.909
34.02, 0.5980, -5.993
34.03, 0.5970, -4.401
34.04, 0.5960, -4.972
34.05, 0.5950, -3.629
34.06, 0.5940, -6.707
34.07, 0.5930, -3.679
34.08, 0.5920, -4.992
34.09, 0.5910, -5.249
34.10, 0.5900, -5.123
34.11, 0.5890, -4.975
34.12, 0.5880, -5.427
34.13, 0.5870, -4.753
34.14, 0.5860, -6.375
34.15, 0.5850, -4.104
34.16, 0.5840, -5.342
34.17, 0.5830, -4.864
34.18, 0.5820, -5.171
34.19, 0.5810, -3.913
34.20, 0.5800, -3.909
34.21, 0.5790, -5.210
34.22, 0.5780, -4.713
34.23, 0.5770, -4.604
34.24, 0.5760, -5.481
34.25, 0.5750, -4.384
34.26, 0.5740, -4.635
34.27, 0.5730, -5.573
34.28, 0.5720, -5.076
34.29, 0.5710, -5.365
34.30, 0.5700, -4.778
34.31, 0.5690, -4.007
34.32, 0.5680, -5.301
34.33, 0.5670, -6.701
34.34, 0.5660, -5.396
34.35, 0.5650, -6.332
34.36, 0.5640, -3.846
34.37, 0.5630, -4.486
34.38, 0.5620, -3.590
34.39, 0.5610, -5.057
34.40, 0.5600, -5.225
34.41, 0.5590, -4.747
34.42, 0.5580, -4.628
34.43, 0.5570, -4.505
34.44, 0.5560, -6.059
34.45, 0.5550, -4.480
34.46, 0.5540, -6.188
34.47, 0.5530, -5.059
34.48, 0.5520, -4.717
34.49, 0.5510, -4.869
34.50, 0.5500, -5.379
34.51, 0.5490, -3.395
34.52, 0.5480, -3.509
34.53, 0.5470, -5.530
34.54, 0.5460, -5.790
34.55, 0.5450, -4.257
34.56, 0.5440, -4.908
34.57, 0.5430, -4.086
34.58, 0.5420, -4.139
34.59, 0.5410, -5.630
34.60, 0.5400, -5.596
34.61, 0.5390, -5.426
34.62, 0.5380, -4.926
34.63, 0.5370, -6.019
34.64, 0.5360, -4.376
34.65, 0.5350, -5.064
34.66, 0.5340, -6.197
34.67, 0.5330, -5.569
34.68, 0.5320, -4.630
34.69, 0.5310, -5.592
34.70, 0.5300, -4.054
34.71, 0.5290, -3.991
34.72, 0.5280, -5.685
34.73, 0.5270, -6.753
34.74, 0.5260, -3.921
34.75, 0.5250, -3.724
34.76, 0.5240, -4.787
34.77, 0.5230, -6.256
34.78, 0.5220, -5.793
34.79, 0.5210, -5.113
34.80, 0.5200, -5.895
34.81, 0.5190, -5.948
34.82, 0.5180, -5.165
34.83, 0.5170, -5.189
34.84, 0.5160, -6.596
34.85, 0.5150, -5.160
34.86, 0.5140, -7.094
34.87, 0.5130, -4.029
34.88, 0.5120, -3.309
34.89, 0.5110, -3.264
34.90, 0.5100, -6.545
34.91, 0.5090, -4.689
34.92, 0.5080, -4.359
34.93, 0.5070, -5.233
34.94, 0.5060, -5.833
34.95, 0.5050, -4.659
34.96, 0.5040, -4.482
34.97, 0.5030, -4.103
34.98, 0.5020, -4.432
34.99, 0.5010, -4.616
35.00, 0.5000, -3.809
35.01, 0.4990, -5.002
35.02, 0.4980, -6.361
35.03, 0.4970, -5.072
35.04, 0.4960, -4.718
35.05, 0.4950, -5.380
35.06, 0.4940, -6.822
35.07, 0.4930, -5.613
35.08, 0.4920, -3.907
35.09, 0.4910, -4.183
35.10, 0.4900, -4.251
35.11, 0.4890, -4.178
35.12, 0.4880, -4.582
35.13, 0.4870, -4.137
35.14, 0.4860, -6.603
35.15, 0.4850, -5.762
35.16, 0.4840, -4.946
35.17, 0.4830, -4.759
35.18, 0.4820, -5.691
35.19, 0.4810, -5.148
35.20, 0.4800, -3.821
35.21, 0.4790, -4.731
35.22, 0.4780, -4.847
35.23, 0.4770, -5.214
35.24, 0.4760, -4.206
35.25, 0.4750, -5.205
35.26, 0.4740, -5.225
35.27, 0.4730, -6.602
35.28, 0.4720, -5.041
35.29, 0.4710, -4.776
35.30, 0.4700, -5.559
35.31, 0.4690, -5.195
35.32, 0.4680, -5.102
35.33, 0.4670, -4.704
35.34, 0.4660, -6.625
35.35, 0.4650, -5.938
35.36, 0.4640, -5.286
35.37, 0.4630, -5.271
35.38, 0.4620, -5.467
35.39, 0.4610, -4.804
35.40, 0.4600, -5.525
35.41, 0.4590, -3.986
35.42, 0.4580, -3.835
35.43, 0.4570, -5.352
35.44, 0.4560, -3.415
35.45, 0.4550, -3.093
35.46, 0.4540, -5.769
35.47, 0.4530, -6.119
35.48, 0.4520, -5.178
35.49, 0.4510, -3.303
35.50, 0.4500, -5.893
35.51, 0.4490, -5.862
35.52, 0.4480, -4.613
35.53, 0.4470, -4.865
35.54, 0.4460, -4.703
35.55, 0.4450, -6.760
35.56, 0.4440, -6.406
35.57, 0.4430, -3.786
35.58, 0.4420, -4.594
35.59, 0.4410, -5.836
35.60, 0.4400, -5.303
35.61, 0.4390, -5.236
35.62, 0.4380, -3.812
35.63, 0.4370, -5.990
35.64, 0.4360, -6.262
35.65, 0.4350, -6.155
35.66, 0.4340, -6.245
35.67, 0.4330, -5.189
35.68, 0.4320, -5.276
35.69, 0.4310, -5.412
35.70, 0.4300, -4.248
35.71, 0.4290, -4.404
35.72, 0.4280, -4.577
35.73, 0.4270, -6.579
35.74, 0.4260, -5.116
35.75, 0.4250, -5.824
35.76, 0.4240, -4.449
35.77, 0.4230, -5.791
35.78, 0.4220, -4.453
35.79, 0.4210, -4.043
35.80, 0.4200, -5.437
35.81, 0.4190, -5.175
35.82, 0.4180, -5.398
35.83, 0.4170, -3.964
35.84, 0.4160, -5.055
35.85, 0.4150, -5.878
35.86, 0.4140, -5.837
35.87, 0.4130, -4.876
35.88, 0.4120, -4.436
35.89, 0.4110, -5.390
35.90, 0.4100, -5.008
35.91, 0.4090, -5.256
35.92, 0.4080, -4.902
35.93, 0.4070, -4.528
35.94, 0.4060, -4.293
35.95, 0.4050, -3.776
35.96, 0.4040, -4.374
35.97, 0.4030, -4.910
35.98, 0.4020, -5.539
35.99, 0.4010, -7.761
36.00, 0.4000, -4.700
36.01, 0.3990, -6.037
36.02, 0.3980, -5.337
36.03, 0.3970, -5.115
36.04, 0.3960, -7.157
36.05, 0.3950, -4.824
36.06, 0.3940, -5.254
36.07, 0.3930, -6.006
36.08, 0.3920, -5.619
36.09, 0.3910, -5.559
36.10, 0.3900, -5.975
36.11, 0.3890, -5.263
36.12, 0.3880, -5.005
36.13, 0.3870, -6.545
36.14, 0.3860, -3.770
36.15, 0.3850, -5.336
36.16, 0.3840, -5.325
36.17, 0.3830, -5.479
36.18, 0.3820, -5.561
36.19, 0.3810, -5.362
36.20, 0.3800, -4.806
36.21, 0.3790, -5.759
36.22, 0.3780, -4.684
36.23, 0.3770, -5.533
36.24, 0.3760, -5.582
36.25, 0.3750, -5.340
36.26, 0.3740, -4.937
36.27, 0.3730, -5.776
36.28, 0.3720, -5.919
36.29, 0.3710, -6.113
36.30, 0.3700, -3.569
36.31, 0.3690, -4.869
36.32, 0.3680, -5.157
36.33, 0.3670, -6.055
36.34, 0.3660, -4.148
36.35, 0.3650, -4.789
36.36, 0.3640, -6.579
36.37, 0.3630, -5.741
36.38, 0.3620, -4.973
36.39, 0.3610, -5.063
36.40, 0.3600, -5.581
36.41, 0.3590, -5.446
36.42, 0.3580, -5.519
36.43, 0.3570, -4.590
36.44, 0.3560, -4.887
36.45, 0.3550, -5.035
36.46, 0.3540, -4.499
36.47, 0.3530, -6.076
36.48, 0.3520, -5.013
36.49, 0.3510, -5.662
36.50, 0.3500, -4.952
36.51, 0.3490, -6.180
36.52, 0.3480, -5.667
36.53, 0.3470, -7.314
36.54, 0.3460, -5.622
36.55, 0.3450, -5.869
36.56, 0.3440, -4.366
36.57, 0.3430, -5.743
36.58, 0.3420, -4.083
36.59, 0.3410, -4.137
36.60, 0.3400, -5.662
36.61, 0.3390, -5.807
36.62, 0.3380, -4.595
36.63, 0.3370, -5.325
36.64, 0.3360, -6.755
36.65, 0.3350, -5.556
36.66, 0.3340, -5.967
36.67, 0.3330, -4.037
36.68, 0.3320, -4.894
36.69, 0.3310, -6.383
36.70, 0.3300, -4.695
36.71, 0.3290, -3.518
36.72, 0.3280, -5.181
36.73, 0.3270, -5.056
36.74, 0.3260, -6.306
36.75, 0.3250, -5.126
36.76, 0.3240, -4.229
36.77, 0.3230, -5.445
36.78, 0.3220, -5.511
36.79, 0.3210, -5.495
36.80, 0.3200, -5.235
36.81, 0.3190, -4.593
36.82, 0.3180, -5.359
36.83, 0.3170, -3.116
36.84, 0.3160, -5.214
36.85, 0.3150, -4.480
36.86, 0.3140, -4.643
36.87, 0.3130, -5.732
36.88, 0.3120, -3.964
36.89, 0.3110, -6.613
36.90, 0.3100, -6.379
36.91, 0.3090, -5.859
36.92, 0.3080, -5.022
36.93, 0.3070, -4.152
36.94, 0.3060, -5.228
36.95, 0.3050, -5.650
36.96, 0.3040, -5.116
36.97, 0.3030, -4.302
36.98, 0.3020, -4.350
36.99, 0.3010, -4.976
37.00, 0.3000, -6.241
37.01, 0.2990, -4.981
37.02, 0.2980, -4.217
37.03, 0.2970, -4.287
37.04, 0.2960, -6.687
37.05, 0.2950, -5.691
37.06, 0.2940, -3.977
37.07, 0.2930, -5.697
37.08, 0.2920, -5.217
37.09, 0.2910, -6.189
37.10, 0.2900, -5.379
37.11, 0.2890, -5.171
37.12, 0.2880, -5.682
37.13, 0.2870, -5.840
37.14, 0.2860, -4.693
37.15, 0.2850, -3.572
37.16, 0.2840, -6.915
37.17, 0.2830, -5.340
37.18, 0.2820, -5.371
37.19, 0.2810, -5.484
37.20, 0.2800, -3.955
37.21, 0.2790, -5.896
37.22, 0.2780, -5.686
37.23, 0.2770, -5.707
37.24, 0.2760, -5.338
37.25, 0.2750, -5.720
37.26, 0.2740, -5.504
37.27, 0.2730, -5.896
37.28, 0.2720, -5.948
37.29, 0.2710, -5.962
37.30, 0.2700, -6.334
37.31, 0.2690, -5.912
37.32, 0.2680, -5.715
37.33, 0.2670, -5.125
37.34, 0.2660, -5.467
37.35, 0.2650, -7.203
37.36, 0.2640, -6.467
37.37, 0.2630, -3.502
37.38, 0.2620, -5.005
37.39, 0.2610, -6.222
37.40, 0.2600, -5.061
37.41, 0.2590, -5.794
37.42, 0.2580, -5.173
37.43, 0.2570, -5.369
37.44, 0.2560, -5.542
37.45, 0.2550, -5.653
37.46, 0.2540, -5.769
37.47, 0.2530, -6.209
37.48, 0.2520, -6.022
37.49, 0.2510, -5.508
37.50, 0.2500, -5.574
37.51, 0.2490, -5.773
37.52, 0.2480, -5.635
37.53, 0.2470, -6.703
37.54, 0.2460, -5.912
37.55, 0.2450, -4.887
37.56, 0.2440, -4.643
37.57, 0.2430, -5.498
37.58, 0.2420, -5.838
37.59, 0.2410, -5.153
37.60, 0.2400, -4.904
37.61, 0.2390, -6.403
37.62, 0.2380, -6.435
37.63, 0.2370, -5.753
37.64, 0.2360, -5.604
37.65, 0.2350, -5.313
37.66, 0.2340, -5.519
37.67, 0.2330, -5.931
37.68, 0.2320, -4.943
37.69, 0.2310, -6.494
37.70, 0.2300, -5.763
37.71, 0.2290, -6.339
37.72, 0.2280, -5.879
37.73, 0.2270, -6.363
37.74, 0.2260, -5.801
37.75, 0.2250, -5.637
37.76, 0.2240, -4.855
37.77, 0.2230, -5.057
37.78, 0.2220, -4.668
37.79, 0.2210, -6.684
37.80, 0.2200, -6.172
37.81, 0.2190, -5.617
37.82, 0.2180, -5.214
37.83, 0.2170, -5.141
37.84, 0.2160, -5.658
37.85, 0.2150, -6.044
37.86, 0.2140, -6.055
37.87, 0.2130, -4.803
37.88, 0.2120, -5.331
37.89, 0.2110, -7.235
37.90, 0.2100, -4.305
37.91, 0.2090, -5.640
37.92, 0.2080, -4.582
37.93, 0.2070, -5.534
37.94, 0.2060, -6.459
37.95, 0.2050, -5.673
37.96, 0.2040, -5.862
37.97, 0.2030, -5.315
37.98, 0.2020, -5.776
37.99, 0.2010, -4.885
38.00, 0.2000, -4.267
38.01, 0.1990, -5.192
38.02, 0.1980, -6.499
38.03, 0.1970, -3.611
38.04, 0.1960, -5.578
38.05, 0.1950, -5.378
38.06, 0.1940, -7.133
38.07, 0.1930, -5.254
38.08, 0.1920, -5.614
38.09, 0.1910, -6.388
38.10, 0.1900, -5.502
38.11, 0.1890, -6.300
38.12, 0.1880, -4.932
38.13, 0.1870, -4.752
38.14, 0.1860, -5.142
38.15, 0.1850, -5.262
38.16, 0.1840, -8.274
38.17, 0.1830, -5.830
38.18, 0.1820, -5.467
38.19, 0.1810, -5.870
38.20, 0.1800, -6.804
38.21, 0.1790, -5.669
38.22, 0.1780, -5.266
38.23, 0.1770, -6.817
38.24, 0.1760, -5.730
38.25, 0.1750, -6.447
38.26, 0.1740, -5.467
38.27, 0.1730, -5.229
38.28, 0.1720, -4.724
38.29, 0.1710, -5.415
38.30, 0.1700, -5.563
38.31, 0.1690, -4.506
38.32, 0.1680, -6.077
38.33, 0.1670, -5.833
38.34, 0.1660, -5.530
38.35, 0.1650, -5.254
38.36, 0.1640, -6.020
38.37, 0.1630, -6.519
38.38, 0.1620, -5.067
38.39, 0.1610, -5.364
38.40, 0.1600, -4.609
38.41, 0.1590, -5.265
38.42, 0.1580, -4.916
38.43, 0.1570, -5.526
38.44, 0.1560, -5.490
38.45, 0.1550, -6.162
38.46, 0.1540, -4.690
38.47, 0.1530, -5.798
38.48, 0.1520, -5.778
38.49, 0.1510, -6.527
38.50, 0.1500, -5.059
38.51, 0.1490, -5.200
38.52, 0.1480, -5.895
38.53, 0.1470, -5.398
38.54, 0.1460, -4.944
38.55, 0.1450, -4.318
38.56, 0.1440, -5.676
38.57, 0.1430, -6.173
38.58, 0.1420, -6.777
38.59, 0.1410, -4.928
38.60, 0.1400, -6.125
38.61, 0.1390, -5.365
38.62, 0.1380, -7.069
38.63, 0.1370, -5.833
38.64, 0.1360, -5.559
38.65, 0.1350, -4.978
38.66, 0.1340, -6.321
38.67, 0.1330, -6.245
38.68, 0.1320, -4.901
38.69, 0.1310, -5.959
38.70, 0.1300, -5.769
38.71, 0.1290, -6.451
38.72, 0.1280, -4.624
38.73, 0.1270, -5.888
38.74, 0.1260, -7.190
38.75, 0.1250, -5.953
38.76, 0.1240, -5.789
38.77, 0.1230, -6.632
38.78, 0.1220, -5.980
38.79, 0.1210, -5.294
38.80, 0.1200, -5.350
38.81, 0.1190, -6.223
38.82, 0.1180, -6.680
38.83, 0.1170, -4.932
38.84, 0.1160, -6.900
38.85, 0.1150, -3.986
38.86, 0.1140, -5.838
38.87, 0.1130, -5.756
38.88, 0.1120, -5.273
38.89, 0.1110, -6.630
38.90, 0.1100, -6.243
38.91, 0.1090, -7.642
38.92, 0.1080, -6.352
38.93, 0.1070, -4.974
38.94, 0.1060, -6.122
38.95, 0.1050, -6.381
38.96, 0.1040, -5.293
38.97, 0.1030, -5.544
38.98, 0.1020, -5.280
38.99, 0.1010, -5.772
39.00, 0.1000, -5.567
39.01, 0.09900, -5.289
39.02, 0.09800, -6.886
39.03, 0.09700, -5.639
39.04, 0.09600, -6.716
39.05, 0.09500, -4.758
39.06, 0.09400, -6.467
39.07, 0.09300, -6.046
39.08, 0.09200, -5.487
39.09, 0.09100, -5.142
39.10, 0.09000, -5.224
39.11, 0.08900, -5.505
39.12, 0.08800, -6.193
39.13, 0.08700, -6.354
39.14, 0.08600, -4.855
39.15, 0.08500, -6.297
39.16, 0.08400, -5.506
39.17, 0.08300, -6.186
39.18, 0.08200, -5.032
39.19, 0.08100, -5.985
39.20, 0.08000, -6.985
39.21, 0.07900, -5.402
39.22, 0.07800, -6.061
39.23, 0.07700, -5.586
39.24, 0.07600, -4.176
39.25, 0.07500, -5.360
39.26, 0.07400, -6.411
39.27, 0.07300, -4.860
39.28, 0.07200, -6.475
39.29, 0.07100, -6.119
39.30, 0.07000, -7.011
39.31, 0.06900, -5.107
39.32, 0.06800, -6.131
39.33, 0.06700, -5.419
39.34, 0.06600, -5.352
39.35, 0.06500, -5.605
39.36, 0.06400, -4.816
39.37, 0.06300, -4.743
39.38, 0.06200, -6.497
39.39, 0.06100, -5.291
39.40, 0.06000, -7.488
39.41, 0.05900, -4.838
39.42, 0.05800, -5.302
39.43, 0.05700, -5.577
39.44, 0.05600, -7.332
39.45, 0.05500, -5.226
39.46, 0.05400, -6.930
39.47, 0.05300, -5.080
39.48, 0.05200, -6.624
39.49, 0.05100, -7.017
39.50, 0.05000, -4.975
39.51, 0.04900, -5.415
39.52, 0.04800, -6.666
39.53, 0.04700, -5.321
39.54, 0.04600, -4.483
39.55, 0.04500, -6.691
39.56, 0.04400, -5.423
39.57, 0.04300, -5.261
39.58, 0.04200, -5.409
39.59, 0.04100, -5.468
39.60, 0.04000, -5.483
39.61, 0.03900, -6.597
39.62, 0.03800, -5.403
39.63, 0.03700, -4.373
39.64, 0.03600, -6.030
39.65, 0.03500, -7.437
39.66, 0.03400, -5.682
39.67, 0.03300, -6.233
39.68, 0.03200, -5.274
39.69, 0.03100, -5.700
39.70, 0.03000, -5.533
39.71, 0.02900, -4.517
39.72, 0.02800, -5.867
39.73, 0.02700, -6.082
39.74, 0.02600, -5.877
39.75, 0.02500, -5.805
39.76, 0.02400, -4.816
39.77, 0.02300, -5.181
39.78, 0.02200, -5.869
39.79, 0.02100, -6.679
39.80, 0.02000, -6.050
39.81, 0.01900, -5.598
39.82, 0.01800, -6.804
39.83, 0.01700, -7.348
39.84, 0.01600, -4.860
39.85, 0.01500, -6.664
39.86, 0.01400, -6.201
39.87, 0.01300, -6.783
39.88, 0.01200, -6.181
39.89, 0.01100, -6.209
39.90, 0.01000, -7.154
39.91, 0.009000, -6.413
39.92, 0.008000, -4.944
39.93, 0.007000, -6.158
39.94, 0.006000, -5.630
39.95, 0.005000, -5.611
39.96, 0.004000, -5.879
39.97, 0.003000, -5.205
39.98, 0.002000, -7.214
39.99, 0.001000, -7.795
40.00, 0.000, -4.351
