0.01000, 0.001000, -0.5008
0.02000, 0.002000, -0.9543
0.03000, 0.003000, -3.846
0.04000, 0.004000, -3.364
0.05000, 0.005000, -2.875
0.06000, 0.006000, -4.308
0.07000, 0.007000, -3.399
0.08000, 0.008000, -4.073
0.09000, 0.009000, -4.358
0.1000, 0.01000, -4.941
0.1100, 0.01100, -3.681
0.1200, 0.01200, -4.604
0.1300, 0.01300, -3.489
0.1400, 0.01400, -3.848
0.1500, 0.01500, -4.907
0.1600, 0.01600, -4.207
0.1700, 0.01700, -4.368
0.1800, 0.01800, -4.307
0.1900, 0.01900, -4.715
0.2000, 0.02000, -4.097
0.2100, 0.02100, -5.965
0.2200, 0.02200, -3.569
0.2300, 0.02300, -5.067
0.2400, 0.02400, -4.099
0.2500, 0.02500, -4.720
0.2600, 0.02600, -3.662
0.2700, 0.02700, -4.561
0.2800, 0.02800, -4.560
0.2900, 0.02900, -3.817
0.3000, 0.03000, -3.837
0.3100, 0.03100, -2.898
0.3200, 0.03200, -3.639
0.3300, 0.03300, -4.294
0.3400, 0.03400, -5.600
0.3500, 0.03500, -4.198
0.3600, 0.03600, -1.880
0.3700, 0.03700, -3.155
0.3800, 0.03800, -4.876
0.3900, 0.03900, -3.933
0.4000, 0.04000, -4.795
0.4100, 0.04100, -3.348
0.4200, 0.04200, -3.194
0.4300, 0.04300, -4.868
0.4400, 0.04400, -4.909
0.4500, 0.04500, -4.110
0.4600, 0.04600, -3.357
0.4700, 0.04700, -3.984
0.4800, 0.04800, -4.110
0.4900, 0.04900, -4.534
0.5000, 0.05000, -4.762
0.5100, 0.05100, -4.989
0.5200, 0.05200, -4.500
0.5300, 0.05300, -5.072
0.5400, 0.05400, -3.890
0.5500, 0.05500, -4.524
0.5600, 0.05600, -3.434
0.5700, 0.05700, -5.518
0.5800, 0.05800, -3.240
0.5900, 0.05900, -2.593
0.6000, 0.06000, -3.976
0.6100, 0.06100, -4.062
0.6200, 0.06200, -3.941
0.6300, 0.06300, -4.464
0.6400, 0.06400, -5.018
0.6500, 0.06500, -5.060
0.6600, 0.06600, -3.822
0.6700, 0.06700, -2.878
0.6800, 0.06800, -5.152
0.6900, 0.06900, -4.566
0.7000, 0.07000, -4.951
0.7100, 0.07100, -4.453
0.7200, 0.07200, -4.421
0.7300, 0.07300, -3.287
0.7400, 0.07400, -5.620
0.7500, 0.07500, -4.502
0.7600, 0.07600, -2.939
0.7700, 0.07700, -4.577
0.7800, 0.07800, -3.633
0.7900, 0.07900, -4.044
0.8000, 0.08000, -5.026
0.8100, 0.08100, -3.317
0.8200, 0.08200, -4.162
0.8300, 0.08300, -5.183
0.8400, 0.08400, -4.197
0.8500, 0.08500, -4.113
0.8600, 0.08600, -3.404
0.8700, 0.08700, -3.648
0.8800, 0.08800, -2.890
0.8900, 0.08900, -4.755
0.9000, 0.09000, -3.136
0.9100, 0.09100, -4.369
0.9200, 0.09200, -4.279
0.9300, 0.09300, -3.402
0.9400, 0.09400, -5.144
0.9500, 0.09500, -4.185
0.9600, 0.09600, -3.378
0.9700, 0.09700, -5.018
0.9800, 0.09800, -4.237
0.9900, 0.09900, -4.629
1.000, 0.1000, -2.157
1.010, 0.1010, -2.297
1.020, 0.1020, -5.247
1.030, 0.1030, -3.566
1.040, 0.1040, -2.606
1.050, 0.1050, -5.859
1.060, 0.1060, -3.916
1.070, 0.1070, -4.929
1.080, 0.1080, -4.872
1.090, 0.1090, -4.581
1.100, 0.1100, -2.647
1.110, 0.1110, -4.408
1.120, 0.1120, -3.997
1.130, 0.1130, -4.604
1.140, 0.1140, -3.274
1.150, 0.1150, -3.499
1.160, 0.1160, -3.847
1.170, 0.1170, -3.106
1.180, 0.1180, -4.431
1.190, 0.1190, -4.052
1.200, 0.1200, -3.491
1.210, 0.1210, -3.475
1.220, 0.1220, -3.394
1.230, 0.1230, -4.669
1.240, 0.1240, -3.634
1.250, 0.1250, -5.117
1.260, 0.1260, -4.130
1.270, 0.1270, -2.949
1.280, 0.1280, -4.552
1.290, 0.1290, -3.649
1.300, 0.1300, -3.199
1.310, 0.1310, -4.904
1.320, 0.1320, -5.339
1.330, 0.1330, -3.385
1.340, 0.1340, -4.153
1.350, 0.1350, -5.709
1.360, 0.1360, -2.543
1.370, 0.1370, -4.491
1.380, 0.1380, -3.346
1.390, 0.1390, -3.265
1.400, 0.1400, -2.701
1.410, 0.1410, -3.238
1.420, 0.1420, -5.137
1.430, 0.1430, -3.277
1.440, 0.1440, -3.552
1.450, 0.1450, -3.441
1.460, 0.1460, -2.296
1.470, 0.1470, -3.604
1.480, 0.1480, -3.579
1.490, 0.1490, -2.671
1.500, 0.1500, -4.518
1.510, 0.1510, -2.860
1.520, 0.1520, -3.711
1.530, 0.1530, -3.651
1.540, 0.1540, -2.829
1.550, 0.1550, -2.581
1.560, 0.1560, -3.631
1.570, 0.1570, -1.891
1.580, 0.1580, -2.205
1.590, 0.1590, -2.168
1.600, 0.1600, -3.142
1.610, 0.1610, -4.186
1.620, 0.1620, -3.438
1.630, 0.1630, -3.428
1.640, 0.1640, -2.922
1.650, 0.1650, -2.269
1.660, 0.1660, -0.8862
1.670, 0.1670, -2.577
1.680, 0.1680, -2.727
1.690, 0.1690, -1.803
1.700, 0.1700, -2.343
1.710, 0.1710, -1.562
1.720, 0.1720, -0.8973
1.730, 0.1730, -3.828
1.740, 0.1740, -1.956
1.750, 0.1750, -2.772
1.760, 0.1760, -3.288
1.770, 0.1770, -2.605
1.780, 0.1780, -3.247
1.790, 0.1790, -0.8561
1.800, 0.1800, -2.005
1.810, 0.1810, -1.633
1.820, 0.1820, -1.196
1.830, 0.1830, 0.03337
1.840, 0.1840, -1.438
1.850, 0.1850, -2.804
1.860, 0.1860, -0.4467
1.870, 0.1870, -1.113
1.880, 0.1880, -1.286
1.890, 0.1890, -1.525
1.900, 0.1900, -3.514
1.910, 0.1910, -0.7631
1.920, 0.1920, -1.596
1.930, 0.1930, -1.333
1.940, 0.1940, -1.318
1.950, 0.1950, -1.388
1.960, 0.1960, -1.307
1.970, 0.1970, -1.712
1.980, 0.1980, -0.7529
1.990, 0.1990, 0.004450
2.000, 0.2000, -0.2573
2.010, 0.2010, -1.974
2.020, 0.2020, -0.7266
2.030, 0.2030, 0.2696
2.040, 0.2040, 0.3027
2.050, 0.2050, 0.2159
2.060, 0.2060, -1.055
2.070, 0.2070, -0.7517
2.080, 0.2080, -0.06318
2.090, 0.2090, -2.792
2.100, 0.2100, 0.1418
2.110, 0.2110, 1.188
2.120, 0.2120, -1.108
2.130, 0.2130, -0.6534
2.140, 0.2140, -0.2881
2.150, 0.2150, -0.3826
2.160, 0.2160, -2.101
2.170, 0.2170, -0.08752
2.180, 0.2180, -0.3750
2.190, 0.2190, -0.09656
2.200, 0.2200, -0.5895
2.210, 0.2210, -0.6886
2.220, 0.2220, -0.6719
2.230, 0.2230, 0.3234
2.240, 0.2240, -0.3245
2.250, 0.2250, -0.06903
2.260, 0.2260, -0.7523
2.270, 0.2270, -1.397
2.280, 0.2280, -0.4864
2.290, 0.2290, -1.206
2.300, 0.2300, -0.5122
2.310, 0.2310, -2.762
2.320, 0.2320, -1.707
2.330, 0.2330, 0.2722
2.340, 0.2340, -1.451
2.350, 0.2350, -0.8832
2.360, 0.2360, -0.1339
2.370, 0.2370, -0.5961
2.380, 0.2380, -0.4431
2.390, 0.2390, -0.7793
2.400, 0.2400, -1.161
2.410, 0.2410, -2.903
2.420, 0.2420, -1.586
2.430, 0.2430, -2.258
2.440, 0.2440, -1.583
2.450, 0.2450, -2.701
2.460, 0.2460, -1.553
2.470, 0.2470, -1.991
2.480, 0.2480, -2.125
2.490, 0.2490, -2.597
2.500, 0.2500, -2.877
2.510, 0.2510, -2.272
2.520, 0.2520, -2.295
2.530, 0.2530, -1.822
2.540, 0.2540, -2.231
2.550, 0.2550, -3.521
2.560, 0.2560, -2.753
2.570, 0.2570, -3.843
2.580, 0.2580, -1.999
2.590, 0.2590, -1.897
2.600, 0.2600, -4.916
2.610, 0.2610, -3.757
2.620, 0.2620, -2.547
2.630, 0.2630, -4.596
2.640, 0.2640, -2.521
2.650, 0.2650, -3.031
2.660, 0.2660, -5.630
2.670, 0.2670, -3.454
2.680, 0.2680, -3.334
2.690, 0.2690, -5.472
2.700, 0.2700, -3.931
2.710, 0.2710, -4.161
2.720, 0.2720, -3.806
2.730, 0.2730, -3.504
2.740, 0.2740, -3.148
2.750, 0.2750, -3.333
2.760, 0.2760, -2.803
2.770, 0.2770, -3.669
2.780, 0.2780, -4.132
2.790, 0.2790, -3.047
2.800, 0.2800, -3.369
2.810, 0.2810, -5.211
2.820, 0.2820, -4.524
2.830, 0.2830, -4.010
2.840, 0.2840, -4.523
2.850, 0.2850, -3.508
2.860, 0.2860, -5.242
2.870, 0.2870, -3.641
2.880, 0.2880, -3.905
2.890, 0.2890, -2.432
2.900, 0.2900, -3.877
2.910, 0.2910, -4.112
2.920, 0.2920, -3.371
2.930, 0.2930, -3.945
2.940, 0.2940, -2.428
2.950, 0.2950, -4.391
2.960, 0.2960, -5.097
2.970, 0.2970, -2.132
2.980, 0.2980, -3.705
2.990, 0.2990, -4.466
3.000, 0.3000, -3.971
3.010, 0.3010, -3.898
3.020, 0.3020, -3.611
3.030, 0.3030, -3.691
3.040, 0.3040, -2.859
3.050, 0.3050, -6.006
3.060, 0.3060, -5.070
3.070, 0.3070, -4.778
3.080, 0.3080, -3.562
3.090, 0.3090, -3.860
3.100, 0.3100, -4.103
3.110, 0.3110, -4.013
3.120, 0.3120, -4.950
3.130, 0.3130, -4.622
3.140, 0.3140, -5.712
3.150, 0.3150, -4.924
3.160, 0.3160, -4.339
3.170, 0.3170, -4.567
3.180, 0.3180, -3.203
3.190, 0.3190, -3.014
3.200, 0.3200, -3.948
3.210, 0.3210, -4.681
3.220, 0.3220, -3.847
3.230, 0.3230, -3.961
3.240, 0.3240, -3.958
3.250, 0.3250, -3.847
3.260, 0.3260, -5.734
3.270, 0.3270, -3.036
3.280, 0.3280, -3.239
3.290, 0.3290, -3.558
3.300, 0.3300, -5.520
3.310, 0.3310, -4.650
3.320, 0.3320, -3.967
3.330, 0.3330, -4.131
3.340, 0.3340, -4.128
3.350, 0.3350, -6.271
3.360, 0.3360, -3.108
3.370, 0.3370, -5.278
3.380, 0.3380, -3.547
3.390, 0.3390, -4.975
3.400, 0.3400, -4.701
3.410, 0.3410, -4.773
3.420, 0.3420, -3.826
3.430, 0.3430, -4.358
3.440, 0.3440, -4.612
3.450, 0.3450, -3.670
3.460, 0.3460, -5.208
3.470, 0.3470, -5.457
3.480, 0.3480, -3.516
3.490, 0.3490, -4.457
3.500, 0.3500, -5.103
3.510, 0.3510, -4.337
3.520, 0.3520, -5.310
3.530, 0.3530, -4.648
3.540, 0.3540, -4.720
3.550, 0.3550, -3.950
3.560, 0.3560, -4.788
3.570, 0.3570, -5.024
3.580, 0.3580, -5.165
3.590, 0.3590, -3.755
3.600, 0.3600, -4.300
3.610, 0.3610, -2.459
3.620, 0.3620, -2.499
3.630, 0.3630, -5.453
3.640, 0.3640, -3.556
3.650, 0.3650, -4.617
3.660, 0.3660, -4.101
3.670, 0.3670, -5.308
3.680, 0.3680, -5.485
3.690, 0.3690, -4.401
3.700, 0.3700, -4.083
3.710, 0.3710, -3.063
3.720, 0.3720, -4.122
3.730, 0.3730, -3.634
3.740, 0.3740, -4.375
3.750, 0.3750, -3.694
3.760, 0.3760, -4.105
3.770, 0.3770, -4.724
3.780, 0.3780, -3.636
3.790, 0.3790, -4.005
3.800, 0.3800, -3.978
3.810, 0.3810, -4.095
3.820, 0.3820, -5.011
3.830, 0.3830, -4.138
3.840, 0.3840, -4.889
3.850, 0.3850, -4.449
3.860, 0.3860, -3.428
3.870, 0.3870, -4.598
3.880, 0.3880, -4.843
3.890, 0.3890, -4.161
3.900, 0.3900, -3.874
3.910, 0.3910, -4.580
3.920, 0.3920, -4.813
3.930, 0.3930, -3.085
3.940, 0.3940, -4.686
3.950, 0.3950, -3.981
3.960, 0.3960, -4.255
3.970, 0.3970, -5.421
3.980, 0.3980, -4.943
3.990, 0.3990, -3.189
4.000, 0.4000, -5.179
4.010, 0.4010, -3.045
4.020, 0.4020, -3.420
4.030, 0.4030, -3.818
4.040, 0.4040, -4.053
4.050, 0.4050, -3.985
4.060, 0.4060, -5.285
4.070, 0.4070, -3.703
4.080, 0.4080, -4.057
4.090, 0.4090, -4.210
4.100, 0.4100, -4.140
4.110, 0.4110, -4.405
4.120, 0.4120, -4.263
4.130, 0.4130, -2.719
4.140, 0.4140, -6.200
4.150, 0.4150, -4.614
4.160, 0.4160, -5.829
4.170, 0.4170, -4.479
4.180, 0.4180, -5.080
4.190, 0.4190, -4.519
4.200, 0.4200, -3.667
4.210, 0.4210, -4.227
4.220, 0.4220, -4.211
4.230, 0.4230, -4.855
4.240, 0.4240, -3.973
4.250, 0.4250, -5.552
4.260, 0.4260, -4.370
4.270, 0.4270, -3.815
4.280, 0.4280, -5.076
4.290, 0.4290, -4.393
4.300, 0.4300, -3.331
4.310, 0.4310, -4.899
4.320, 0.4320, -4.428
4.330, 0.4330, -4.615
4.340, 0.4340, -4.473
4.350, 0.4350, -3.591
4.360, 0.4360, -3.291
4.370, 0.4370, -4.655
4.380, 0.4380, -3.569
4.390, 0.4390, -4.656
4.400, 0.4400, -4.044
4.410, 0.4410, -4.052
4.420, 0.4420, -4.651
4.430, 0.4430, -5.235
4.440, 0.4440, -4.384
4.450, 0.4450, -4.813
4.460, 0.4460, -4.630
4.470, 0.4470, -3.978
4.480, 0.4480, -4.703
4.490, 0.4490, -3.891
4.500, 0.4500, -3.954
4.510, 0.4510, -3.458
4.520, 0.4520, -4.072
4.530, 0.4530, -4.670
4.540, 0.4540, -4.080
4.550, 0.4550, -3.912
4.560, 0.4560, -4.957
4.570, 0.4570, -4.788
4.580, 0.4580, -2.758
4.590, 0.4590, -5.603
4.600, 0.4600, -3.656
4.610, 0.4610, -3.826
4.620, 0.4620, -3.511
4.630, 0.4630, -4.418
4.640, 0.4640, -3.977
4.650, 0.4650, -4.603
4.660, 0.4660, -4.315
4.670, 0.4670, -4.805
4.680, 0.4680, -3.240
4.690, 0.4690, -3.590
4.700, 0.4700, -3.723
4.710, 0.4710, -3.488
4.720, 0.4720, -5.266
4.730, 0.4730, -4.478
4.740, 0.4740, -5.442
4.750, 0.4750, -5.036
4.760, 0.4760, -4.557
4.770, 0.4770, -4.313
4.780, 0.4780, -5.703
4.790, 0.4790, -4.252
4.800, 0.4800, -4.067
4.810, 0.4810, -3.797
4.820, 0.4820, -4.336
4.830, 0.4830, -4.731
4.840, 0.4840, -3.139
4.850, 0.4850, -4.022
4.860, 0.4860, -4.100
4.870, 0.4870, -4.219
4.880, 0.4880, -3.704
4.890, 0.4890, -3.729
4.900, 0.4900, -4.086
4.910, 0.4910, -3.783
4.920, 0.4920, -3.873
4.930, 0.4930, -4.211
4.940, 0.4940, -3.857
4.950, 0.4950, -4.842
4.960, 0.4960, -4.485
4.970, 0.4970, -4.839
4.980, 0.4980, -3.163
4.990, 0.4990, -4.554
5.000, 0.5000, -3.481
5.010, 0.5010, -3.682
5.020, 0.5020, -3.493
5.030, 0.5030, -4.842
5.040, 0.5040, -5.479
5.050, 0.5050, -4.306
5.060, 0.5060, -4.639
5.070, 0.5070, -3.959
5.080, 0.5080, -5.667
5.090, 0.5090, -4.680
5.100, 0.5100, -3.892
5.110, 0.5110, -4.099
5.120, 0.5120, -4.287
5.130, 0.5130, -4.083
5.140, 0.5140, -4.780
5.150, 0.5150, -3.938
5.160, 0.5160, -4.325
5.170, 0.5170, -3.494
5.180, 0.5180, -4.195
5.190, 0.5190, -5.235
5.200, 0.5200, -5.104
5.210, 0.5210, -2.185
5.220, 0.5220, -3.734
5.230, 0.5230, -4.210
5.240, 0.5240, -4.343
5.250, 0.5250, -4.364
5.260, 0.5260, -4.153
5.270, 0.5270, -4.977
5.280, 0.5280, -3.660
5.290, 0.5290, -5.478
5.300, 0.5300, -2.558
5.310, 0.5310, -4.921
5.320, 0.5320, -3.709
5.330, 0.5330, -3.491
5.340, 0.5340, -5.845
5.350, 0.5350, -4.955
5.360, 0.5360, -3.519
5.370, 0.5370, -4.869
5.380, 0.5380, -4.857
5.390, 0.5390, -3.078
5.400, 0.5400, -4.158
5.410, 0.5410, -4.022
5.420, 0.5420, -5.477
5.430, 0.5430, -4.060
5.440, 0.5440, -3.871
5.450, 0.5450, -2.817
5.460, 0.5460, -2.949
5.470, 0.5470, -2.986
5.480, 0.5480, -3.219
5.490, 0.5490, -4.997
5.500, 0.5500, -4.488
5.510, 0.5510, -4.730
5.520, 0.5520, -4.730
5.530, 0.5530, -2.780
5.540, 0.5540, -4.466
5.550, 0.5550, -4.195
5.560, 0.5560, -3.360
5.570, 0.5570, -4.030
5.580, 0.5580, -4.738
5.590, 0.5590, -3.649
5.600, 0.5600, -5.260
5.610, 0.5610, -4.695
5.620, 0.5620, -3.936
5.630, 0.5630, -3.680
5.640, 0.5640, -3.727
5.650, 0.5650, -4.410
5.660, 0.5660, -4.324
5.670, 0.5670, -4.368
5.680, 0.5680, -3.106
5.690, 0.5690, -4.086
5.700, 0.5700, -4.707
5.710, 0.5710, -3.833
5.720, 0.5720, -3.775
5.730, 0.5730, -3.831
5.740, 0.5740, -4.037
5.750, 0.5750, -4.039
5.760, 0.5760, -2.785
5.770, 0.5770, -3.776
5.780, 0.5780, -4.435
5.790, 0.5790, -5.005
5.800, 0.5800, -4.630
5.810, 0.5810, -6.130
5.820, 0.5820, -4.189
5.830, 0.5830, -5.518
5.840, 0.5840, -4.195
5.850, 0.5850, -2.478
5.860, 0.5860, -5.601
5.870, 0.5870, -3.452
5.880, 0.5880, -3.889
5.890, 0.5890, -4.520
5.900, 0.5900, -3.724
5.910, 0.5910, -3.825
5.920, 0.5920, -4.123
5.930, 0.5930, -2.518
5.940, 0.5940, -4.312
5.950, 0.5950, -5.869
5.960, 0.5960, -4.052
5.970, 0.5970, -2.976
5.980, 0.5980, -3.792
5.990, 0.5990, -3.703
6.000, 0.6000, -3.832
6.010, 0.6010, -5.007
6.020, 0.6020, -3.900
6.030, 0.6030, -4.922
6.040, 0.6040, -4.302
6.050, 0.6050, -3.878
6.060, 0.6060, -4.878
6.070, 0.6070, -4.434
6.080, 0.6080, -4.214
6.090, 0.6090, -5.252
6.100, 0.6100, -4.239
6.110, 0.6110, -2.860
6.120, 0.6120, -4.706
6.130, 0.6130, -3.798
6.140, 0.6140, -4.715
6.150, 0.6150, -4.774
6.160, 0.6160, -4.008
6.170, 0.6170, -3.361
6.180, 0.6180, -4.116
6.190, 0.6190, -4.978
6.200, 0.6200, -3.719
6.210, 0.6210, -4.065
6.220, 0.6220, -4.435
6.230, 0.6230, -4.020
6.240, 0.6240, -4.987
6.250, 0.6250, -4.634
6.260, 0.6260, -4.263
6.270, 0.6270, -5.121
6.280, 0.6280, -4.116
6.290, 0.6290, -6.583
6.300, 0.6300, -4.169
6.310, 0.6310, -4.206
6.320, 0.6320, -5.127
6.330, 0.6330, -3.454
6.340, 0.6340, -4.077
6.350, 0.6350, -4.859
6.360, 0.6360, -2.812
6.370, 0.6370, -4.319
6.380, 0.6380, -5.130
6.390, 0.6390, -3.067
6.400, 0.6400, -4.816
6.410, 0.6410, -4.772
6.420, 0.6420, -4.261
6.430, 0.6430, -5.098
6.440, 0.6440, -4.452
6.450, 0.6450, -3.795
6.460, 0.6460, -4.991
6.470, 0.6470, -5.164
6.480, 0.6480, -4.944
6.490, 0.6490, -4.807
6.500, 0.6500, -5.027
6.510, 0.6510, -4.309
6.520, 0.6520, -4.899
6.530, 0.6530, -4.883
6.540, 0.6540, -3.911
6.550, 0.6550, -5.106
6.560, 0.6560, -3.123
6.570, 0.6570, -6.276
6.580, 0.6580, -3.631
6.590, 0.6590, -4.640
6.600, 0.6600, -4.798
6.610, 0.6610, -3.705
6.620, 0.6620, -4.227
6.630, 0.6630, -3.935
6.640, 0.6640, -3.727
6.650, 0.6650, -4.416
6.660, 0.6660, -4.565
6.670, 0.6670, -3.631
6.680, 0.6680, -4.825
6.690, 0.6690, -4.103
6.700, 0.6700, -2.962
6.710, 0.6710, -4.990
6.720, 0.6720, -4.490
6.730, 0.6730, -3.922
6.740, 0.6740, -3.399
6.750, 0.6750, -3.968
6.760, 0.6760, -4.855
6.770, 0.6770, -6.335
6.780, 0.6780, -4.382
6.790, 0.6790, -4.772
6.800, 0.6800, -5.794
6.810, 0.6810, -4.162
6.820, 0.6820, -5.028
6.830, 0.6830, -4.369
6.840, 0.6840, -3.649
6.850, 0.6850, -4.498
6.860, 0.6860, -3.420
6.870, 0.6870, -4.016
6.880, 0.6880, -4.502
6.890, 0.6890, -4.649
6.900, 0.6900, -3.444
6.910, 0.6910, -3.448
6.920, 0.6920, -4.357
6.930, 0.6930, -4.027
6.940, 0.6940, -4.640
6.950, 0.6950, -3.838
6.960, 0.6960, -3.079
6.970, 0.6970, -3.495
6.980, 0.6980, -2.938
6.990, 0.6990, -4.632
7.000, 0.7000, -4.148
7.010, 0.7010, -4.515
7.020, 0.7020, -4.782
7.030, 0.7030, -4.004
7.040, 0.7040, -3.622
7.050, 0.7050, -2.669
7.060, 0.7060, -3.741
7.070, 0.7070, -4.502
7.080, 0.7080, -4.967
7.090, 0.7090, -3.307
7.100, 0.7100, -3.667
7.110, 0.7110, -3.472
7.120, 0.7120, -4.331
7.130, 0.7130, -4.899
7.140, 0.7140, -4.013
7.150, 0.7150, -6.192
7.160, 0.7160, -3.195
7.170, 0.7170, -4.468
7.180, 0.7180, -4.980
7.190, 0.7190, -3.317
7.200, 0.7200, -3.276
7.210, 0.7210, -4.282
7.220, 0.7220, -4.745
7.230, 0.7230, -4.132
7.240, 0.7240, -5.347
7.250, 0.7250, -4.583
7.260, 0.7260, -3.831
7.270, 0.7270, -3.741
7.280, 0.7280, -3.670
7.290, 0.7290, -3.967
7.300, 0.7300, -6.017
7.310, 0.7310, -5.120
7.320, 0.7320, -5.318
7.330, 0.7330, -4.355
7.340, 0.7340, -4.059
7.350, 0.7350, -3.501
7.360, 0.7360, -4.633
7.370, 0.7370, -5.078
7.380, 0.7380, -3.881
7.390, 0.7390, -4.763
7.400, 0.7400, -4.466
7.410, 0.7410, -3.936
7.420, 0.7420, -4.536
7.430, 0.7430, -3.286
7.440, 0.7440, -4.186
7.450, 0.7450, -4.043
7.460, 0.7460, -3.903
7.470, 0.7470, -4.078
7.480, 0.7480, -3.754
7.490, 0.7490, -3.613
7.500, 0.7500, -5.165
7.510, 0.7510, -4.559
7.520, 0.7520, -4.624
7.530, 0.7530, -4.289
7.540, 0.7540, -2.853
7.550, 0.7550, -4.267
7.560, 0.7560, -3.951
7.570, 0.7570, -3.002
7.580, 0.7580, -4.423
7.590, 0.7590, -5.172
7.600, 0.7600, -3.491
7.610, 0.7610, -4.422
7.620, 0.7620, -3.098
7.630, 0.7630, -4.424
7.640, 0.7640, -2.457
7.650, 0.7650, -5.254
7.660, 0.7660, -5.090
7.670, 0.7670, -4.089
7.680, 0.7680, -4.241
7.690, 0.7690, -5.330
7.700, 0.7700, -3.857
7.710, 0.7710, -3.564
7.720, 0.7720, -3.865
7.730, 0.7730, -5.140
7.740, 0.7740, -4.719
7.750, 0.7750, -2.951
7.760, 0.7760, -3.994
7.770, 0.7770, -3.703
7.780, 0.7780, -3.746
7.790, 0.7790, -4.333
7.800, 0.7800, -4.323
7.810, 0.7810, -4.078
7.820, 0.7820, -4.309
7.830, 0.7830, -2.487
7.840, 0.7840, -4.156
7.850, 0.7850, -3.699
7.860, 0.7860, -3.502
7.870, 0.7870, -3.882
7.880, 0.7880, -2.584
7.890, 0.7890, -4.440
7.900, 0.7900, -3.244
7.910, 0.7910, -3.632
7.920, 0.7920, -4.224
7.930, 0.7930, -3.821
7.940, 0.7940, -3.356
7.950, 0.7950, -5.504
7.960, 0.7960, -3.395
7.970, 0.7970, -4.026
7.980, 0.7980, -4.637
7.990, 0.7990, -4.221
8.000, 0.8000, -2.587
8.010, 0.8010, -5.781
8.020, 0.8020, -4.032
8.030, 0.8030, -4.778
8.040, 0.8040, -4.740
8.050, 0.8050, -3.731
8.060, 0.8060, -4.926
8.070, 0.8070, -4.100
8.080, 0.8080, -2.725
8.090, 0.8090, -5.120
8.100, 0.8100, -4.990
8.110, 0.8110, -3.650
8.120, 0.8120, -5.160
8.130, 0.8130, -3.679
8.140, 0.8140, -3.150
8.150, 0.8150, -3.945
8.160, 0.8160, -3.781
8.170, 0.8170, -3.049
8.180, 0.8180, -4.000
8.190, 0.8190, -4.877
8.200, 0.8200, -4.646
8.210, 0.8210, -4.345
8.220, 0.8220, -3.552
8.230, 0.8230, -5.191
8.240, 0.8240, -3.051
8.250, 0.8250, -3.686
8.260, 0.8260, -4.544
8.270, 0.8270, -3.745
8.280, 0.8280, -3.152
8.290, 0.8290, -4.543
8.300, 0.8300, -3.449
8.310, 0.8310, -4.059
8.320, 0.8320, -3.960
8.330, 0.8330, -3.148
8.340, 0.8340, -3.646
8.350, 0.8350, -4.547
8.360, 0.8360, -3.726
8.370, 0.8370, -4.410
8.380, 0.8380, -3.744
8.390, 0.8390, -4.060
8.400, 0.8400, -2.668
8.410, 0.8410, -4.099
8.420, 0.8420, -3.807
8.430, 0.8430, -2.814
8.440, 0.8440, -3.697
8.450, 0.8450, -4.312
8.460, 0.8460, -5.320
8.470, 0.8470, -3.748
8.480, 0.8480, -2.994
8.490, 0.8490, -5.211
8.500, 0.8500, -4.640
8.510, 0.8510, -4.713
8.520, 0.8520, -4.706
8.530, 0.8530, -4.348
8.540, 0.8540, -2.965
8.550, 0.8550, -4.976
8.560, 0.8560, -4.223
8.570, 0.8570, -4.260
8.580, 0.8580, -3.473
8.590, 0.8590, -3.705
8.600, 0.8600, -4.251
8.610, 0.8610, -4.056
8.620, 0.8620, -3.956
8.630, 0.8630, -3.466
8.640, 0.8640, -5.067
8.650, 0.8650, -4.456
8.660, 0.8660, -3.905
8.670, 0.8670, -5.164
8.680, 0.8680, -2.749
8.690, 0.8690, -4.421
8.700, 0.8700, -4.245
8.710, 0.8710, -4.208
8.720, 0.8720, -3.723
8.730, 0.8730, -4.304
8.740, 0.8740, -3.889
8.750, 0.8750, -3.713
8.760, 0.8760, -3.048
8.770, 0.8770, -4.584
8.780, 0.8780, -4.199
8.790, 0.8790, -3.871
8.800, 0.8800, -4.150
8.810, 0.8810, -2.725
8.820, 0.8820, -2.792
8.830, 0.8830, -4.606
8.840, 0.8840, -3.988
8.850, 0.8850, -3.064
8.860, 0.8860, -4.095
8.870, 0.8870, -3.862
8.880, 0.8880, -2.457
8.890, 0.8890, -3.547
8.900, 0.8900, -3.110
8.910, 0.8910, -3.727
8.920, 0.8920, -3.486
8.930, 0.8930, -3.320
8.940, 0.8940, -4.206
8.950, 0.8950, -3.494
8.960, 0.8960, -5.450
8.970, 0.8970, -3.378
8.980, 0.8980, -3.392
8.990, 0.8990, -3.376
9.000, 0.9000, -4.234
9.010, 0.9010, -1.351
9.020, 0.9020, -3.636
9.030, 0.9030, -2.664
9.040, 0.9040, -2.451
9.050, 0.9050, -3.426
9.060, 0.9060, -3.415
9.070, 0.9070, -5.170
9.080, 0.9080, -4.725
9.090, 0.9090, -4.310
9.100, 0.9100, -3.112
9.110, 0.9110, -2.213
9.120, 0.9120, -4.711
9.130, 0.9130, -1.255
9.140, 0.9140, -2.268
9.150, 0.9150, -3.750
9.160, 0.9160, -4.142
9.170, 0.9170, -4.903
9.180, 0.9180, -3.305
9.190, 0.9190, -4.591
9.200, 0.9200, -3.845
9.210, 0.9210, -3.757
9.220, 0.9220, -3.502
9.230, 0.9230, -2.462
9.240, 0.9240, -5.191
9.250, 0.9250, -4.888
9.260, 0.9260, -4.988
9.270, 0.9270, -2.558
9.280, 0.9280, -3.938
9.290, 0.9290, -4.100
9.300, 0.9300, -2.926
9.310, 0.9310, -5.279
9.320, 0.9320, -3.191
9.330, 0.9330, -3.854
9.340, 0.9340, -3.680
9.350, 0.9350, -3.626
9.360, 0.9360, -4.056
9.370, 0.9370, -4.231
9.380, 0.9380, -4.218
9.390, 0.9390, -3.930
9.400, 0.9400, -4.067
9.410, 0.9410, -4.460
9.420, 0.9420, -4.201
9.430, 0.9430, -4.736
9.440, 0.9440, -3.600
9.450, 0.9450, -3.192
9.460, 0.9460, -5.013
9.470, 0.9470, -5.198
9.480, 0.9480, -3.716
9.490, 0.9490, -4.505
9.500, 0.9500, -4.379
9.510, 0.9510, -3.382
9.520, 0.9520, -4.254
9.530, 0.9530, -4.463
9.540, 0.9540, -3.152
9.550, 0.9550, -2.186
9.560, 0.9560, -3.603
9.570, 0.9570, -2.648
9.580, 0.9580, -4.266
9.590, 0.9590, -5.028
9.600, 0.9600, -3.993
9.610, 0.9610, -3.060
9.620, 0.9620, -4.036
9.630, 0.9630, -4.029
9.640, 0.9640, -4.057
9.650, 0.9650, -5.228
9.660, 0.9660, -4.562
9.670, 0.9670, -3.597
9.680, 0.9680, -4.301
9.690, 0.9690, -3.518
9.700, 0.9700, -3.749
9.710, 0.9710, -2.229
9.720, 0.9720, -5.743
9.730, 0.9730, -3.152
9.740, 0.9740, -3.330
9.750, 0.9750, -3.392
9.760, 0.9760, -2.925
9.770, 0.9770, -3.837
9.780, 0.9780, -4.545
9.790, 0.9790, -2.139
9.800, 0.9800, -4.716
9.810, 0.9810, -2.476
9.820, 0.9820, -3.998
9.830, 0.9830, -2.725
9.840, 0.9840, -4.771
9.850, 0.9850, -3.917
9.860, 0.9860, -2.705
9.870, 0.9870, -3.129
9.880, 0.9880, -2.853
9.890, 0.9890, -3.568
9.900, 0.9900, -3.854
9.910, 0.9910, -6.212
9.920, 0.9920, -2.844
9.930, 0.9930, -3.191
9.940, 0.9940, -3.365
9.950, 0.9950, -3.547
9.960, 0.9960, -4.931
9.970, 0.9970, -4.039
9.980, 0.9980, -2.498
9.990, 0.9990, -2.643
10.00, 1.000, -2.808
10.01, 1.001, -3.140
10.02, 1.002, -3.313
10.03, 1.003, -2.319
10.04, 1.004, -3.346
10.05, 1.005, -5.894
10.06, 1.006, -4.533
10.07, 1.007, -4.106
10.08, 1.008, -4.557
10.09, 1.009, -3.635
10.10, 1.010, -4.644
10.11, 1.011, -5.029
10.12, 1.012, -3.953
10.13, 1.013, -3.563
10.14, 1.014, -4.812
10.15, 1.015, -3.422
10.16, 1.016, -4.075
10.17, 1.017, -3.480
10.18, 1.018, -3.937
10.19, 1.019, -3.148
10.20, 1.020, -3.733
10.21, 1.021, -4.662
10.22, 1.022, -3.455
10.23, 1.023, -4.693
10.24, 1.024, -4.178
10.25, 1.025, -2.242
10.26, 1.026, -6.247
10.27, 1.027, -3.588
10.28, 1.028, -2.985
10.29, 1.029, -3.388
10.30, 1.030, -2.899
10.31, 1.031, -3.192
10.32, 1.032, -4.189
10.33, 1.033, -2.474
10.34, 1.034, -2.617
10.35, 1.035, -3.354
10.36, 1.036, -4.200
10.37, 1.037, -2.706
10.38, 1.038, -3.338
10.39, 1.039, -2.841
10.40, 1.040, -2.541
10.41, 1.041, -3.007
10.42, 1.042, -3.238
10.43, 1.043, -3.322
10.44, 1.044, -2.383
10.45, 1.045, -2.344
10.46, 1.046, -3.480
10.47, 1.047, -3.664
10.48, 1.048, -3.473
10.49, 1.049, -1.719
10.50, 1.050, -2.654
10.51, 1.051, -2.328
10.52, 1.052, -2.815
10.53, 1.053, -2.441
10.54, 1.054, -3.592
10.55, 1.055, -1.830
10.56, 1.056, -4.131
10.57, 1.057, -2.532
10.58, 1.058, -3.207
10.59, 1.059, -3.495
10.60, 1.060, -2.509
10.61, 1.061, -4.797
10.62, 1.062, -2.021
10.63, 1.063, -1.713
10.64, 1.064, -3.661
10.65, 1.065, -3.784
10.66, 1.066, -2.725
10.67, 1.067, -1.818
10.68, 1.068, -3.753
10.69, 1.069, -1.586
10.70, 1.070, -4.146
10.71, 1.071, -2.728
10.72, 1.072, -2.134
10.73, 1.073, -4.361
10.74, 1.074, -2.174
10.75, 1.075, -1.636
10.76, 1.076, -1.954
10.77, 1.077, -1.405
10.78, 1.078, 0.4515
10.79, 1.079, -2.106
10.80, 1.080, -0.9962
10.81, 1.081, -2.177
10.82, 1.082, -1.599
10.83, 1.083, -1.364
10.84, 1.084, -0.3699
10.85, 1.085, -3.008
10.86, 1.086, -2.504
10.87, 1.087, -1.134
10.88, 1.088, -2.894
10.89, 1.089, -1.468
10.90, 1.090, -2.349
10.91, 1.091, -0.8902
10.92, 1.092, 0.1117
10.93, 1.093, -1.502
10.94, 1.094, -1.333
10.95, 1.095, -1.091
10.96, 1.096, -0.9126
10.97, 1.097, -1.302
10.98, 1.098, 0.8345
10.99, 1.099, -0.2626
11.00, 1.100, -1.273
11.01, 1.101, -1.207
11.02, 1.102, 0.6558
11.03, 1.103, -0.003360
11.04, 1.104, 0.8630
11.05, 1.105, 0.03013
11.06, 1.106, 1.166
11.07, 1.107, -0.3448
11.08, 1.108, -0.2595
11.09, 1.109, 1.166
11.10, 1.110, 0.7291
11.11, 1.111, -1.298
11.12, 1.112, 1.756
11.13, 1.113, -0.7849
11.14, 1.114, 1.469
11.15, 1.115, 1.305
11.16, 1.116, 1.495
11.17, 1.117, 2.119
11.18, 1.118, 1.843
11.19, 1.119, 1.543
11.20, 1.120, 1.510
11.21, 1.121, 1.807
11.22, 1.122, 2.591
11.23, 1.123, 2.910
11.24, 1.124, 2.101
11.25, 1.125, 3.142
11.26, 1.126, 2.884
11.27, 1.127, 1.332
11.28, 1.128, 1.893
11.29, 1.129, 3.947
11.30, 1.130, 2.305
11.31, 1.131, 2.931
11.32, 1.132, 4.352
11.33, 1.133, 4.228
11.34, 1.134, 3.345
11.35, 1.135, 3.331
11.36, 1.136, 4.886
11.37, 1.137, 4.675
11.38, 1.138, 4.912
11.39, 1.139, 4.085
11.40, 1.140, 4.127
11.41, 1.141, 5.223
11.42, 1.142, 4.885
11.43, 1.143, 6.213
11.44, 1.144, 4.795
11.45, 1.145, 6.345
11.46, 1.146, 5.366
11.47, 1.147, 7.174
11.48, 1.148, 5.086
11.49, 1.149, 6.763
11.50, 1.150, 4.251
11.51, 1.151, 6.247
11.52, 1.152, 7.402
11.53, 1.153, 6.281
11.54, 1.154, 7.518
11.55, 1.155, 7.718
11.56, 1.156, 6.866
11.57, 1.157, 7.125
11.58, 1.158, 8.512
11.59, 1.159, 6.971
11.60, 1.160, 7.781
11.61, 1.161, 8.618
11.62, 1.162, 7.926
11.63, 1.163, 9.051
11.64, 1.164, 11.09
11.65, 1.165, 9.364
11.66, 1.166, 9.914
11.67, 1.167, 8.958
11.68, 1.168, 9.408
11.69, 1.169, 9.456
11.70, 1.170, 11.03
11.71, 1.171, 9.793
11.72, 1.172, 9.901
11.73, 1.173, 11.46
11.74, 1.174, 10.78
11.75, 1.175, 8.938
11.76, 1.176, 10.69
11.77, 1.177, 9.747
11.78, 1.178, 11.68
11.79, 1.179, 10.97
11.80, 1.180, 9.798
11.81, 1.181, 11.93
11.82, 1.182, 12.36
11.83, 1.183, 10.96
11.84, 1.184, 10.96
11.85, 1.185, 9.352
11.86, 1.186, 12.42
11.87, 1.187, 13.20
11.88, 1.188, 11.06
11.89, 1.189, 12.42
11.90, 1.190, 12.54
11.91, 1.191, 11.65
11.92, 1.192, 11.53
11.93, 1.193, 12.99
11.94, 1.194, 11.86
11.95, 1.195, 10.96
11.96, 1.196, 12.53
11.97, 1.197, 11.26
11.98, 1.198, 12.04
11.99, 1.199, 13.98
12.00, 1.200, 11.88
12.01, 1.201, 11.63
12.02, 1.202, 11.93
12.03, 1.203, 10.58
12.04, 1.204, 12.34
12.05, 1.205, 12.85
12.06, 1.206, 12.54
12.07, 1.207, 13.28
12.08, 1.208, 13.03
12.09, 1.209, 12.91
12.10, 1.210, 12.49
12.11, 1.211, 11.78
12.12, 1.212, 10.60
12.13, 1.213, 12.11
12.14, 1.214, 13.45
12.15, 1.215, 11.49
12.16, 1.216, 12.64
12.17, 1.217, 12.34
12.18, 1.218, 10.33
12.19, 1.219, 12.11
12.20, 1.220, 11.86
12.21, 1.221, 11.50
12.22, 1.222, 11.43
12.23, 1.223, 11.87
12.24, 1.224, 12.77
12.25, 1.225, 10.85
12.26, 1.226, 11.32
12.27, 1.227, 10.51
12.28, 1.228, 11.70
12.29, 1.229, 12.15
12.30, 1.230, 11.85
12.31, 1.231, 10.82
12.32, 1.232, 9.988
12.33, 1.233, 11.90
12.34, 1.234, 11.95
12.35, 1.235, 11.67
12.36, 1.236, 11.46
12.37, 1.237, 10.96
12.38, 1.238, 11.47
12.39, 1.239, 10.12
12.40, 1.240, 10.58
12.41, 1.241, 11.64
12.42, 1.242, 10.01
12.43, 1.243, 10.85
12.44, 1.244, 10.51
12.45, 1.245, 9.005
12.46, 1.246, 10.49
12.47, 1.247, 11.32
12.48, 1.248, 9.146
12.49, 1.249, 10.22
12.50, 1.250, 11.25
12.51, 1.251, 9.166
12.52, 1.252, 9.496
12.53, 1.253, 8.697
12.54, 1.254, 8.479
12.55, 1.255, 9.075
12.56, 1.256, 8.360
12.57, 1.257, 9.419
12.58, 1.258, 10.34
12.59, 1.259, 8.972
12.60, 1.260, 9.446
12.61, 1.261, 10.68
12.62, 1.262, 8.726
12.63, 1.263, 10.22
12.64, 1.264, 10.08
12.65, 1.265, 7.336
12.66, 1.266, 9.475
12.67, 1.267, 7.791
12.68, 1.268, 9.290
12.69, 1.269, 8.752
12.70, 1.270, 8.815
12.71, 1.271, 8.690
12.72, 1.272, 7.587
12.73, 1.273, 8.394
12.74, 1.274, 8.614
12.75, 1.275, 8.987
12.76, 1.276, 8.882
12.77, 1.277, 7.674
12.78, 1.278, 8.344
12.79, 1.279, 7.340
12.80, 1.280, 9.209
12.81, 1.281, 8.795
12.82, 1.282, 8.914
12.83, 1.283, 8.815
12.84, 1.284, 8.370
12.85, 1.285, 7.910
12.86, 1.286, 9.228
12.87, 1.287, 9.344
12.88, 1.288, 8.166
12.89, 1.289, 9.225
12.90, 1.290, 8.807
12.91, 1.291, 7.908
12.92, 1.292, 8.046
12.93, 1.293, 9.472
12.94, 1.294, 7.111
12.95, 1.295, 9.046
12.96, 1.296, 7.870
12.97, 1.297, 8.373
12.98, 1.298, 7.116
12.99, 1.299, 9.089
13.00, 1.300, 7.721
13.01, 1.301, 8.997
13.02, 1.302, 8.429
13.03, 1.303, 8.689
13.04, 1.304, 7.580
13.05, 1.305, 8.944
13.06, 1.306, 7.354
13.07, 1.307, 8.816
13.08, 1.308, 7.787
13.09, 1.309, 7.383
13.10, 1.310, 8.810
13.11, 1.311, 8.668
13.12, 1.312, 7.511
13.13, 1.313, 8.640
13.14, 1.314, 8.971
13.15, 1.315, 7.882
13.16, 1.316, 9.353
13.17, 1.317, 8.498
13.18, 1.318, 9.043
13.19, 1.319, 9.291
13.20, 1.320, 7.832
13.21, 1.321, 9.151
13.22, 1.322, 8.620
13.23, 1.323, 8.730
13.24, 1.324, 8.442
13.25, 1.325, 9.293
13.26, 1.326, 9.191
13.27, 1.327, 7.659
13.28, 1.328, 8.711
13.29, 1.329, 7.100
13.30, 1.330, 8.459
13.31, 1.331, 9.874
13.32, 1.332, 8.271
13.33, 1.333, 9.256
13.34, 1.334, 7.992
13.35, 1.335, 8.821
13.36, 1.336, 9.106
13.37, 1.337, 9.479
13.38, 1.338, 9.030
13.39, 1.339, 9.960
13.40, 1.340, 10.21
13.41, 1.341, 10.42
13.42, 1.342, 12.08
13.43, 1.343, 10.04
13.44, 1.344, 9.109
13.45, 1.345, 10.44
13.46, 1.346, 10.77
13.47, 1.347, 10.32
13.48, 1.348, 9.911
13.49, 1.349, 10.20
13.50, 1.350, 9.020
13.51, 1.351, 10.05
13.52, 1.352, 10.11
13.53, 1.353, 9.546
13.54, 1.354, 8.308
13.55, 1.355, 9.153
13.56, 1.356, 9.191
13.57, 1.357, 10.46
13.58, 1.358, 10.99
13.59, 1.359, 9.940
13.60, 1.360, 10.60
13.61, 1.361, 10.73
13.62, 1.362, 10.62
13.63, 1.363, 9.808
13.64, 1.364, 9.710
13.65, 1.365, 9.208
13.66, 1.366, 9.220
13.67, 1.367, 9.834
13.68, 1.368, 10.31
13.69, 1.369, 8.790
13.70, 1.370, 10.31
13.71, 1.371, 10.63
13.72, 1.372, 11.91
13.73, 1.373, 11.68
13.74, 1.374, 10.88
13.75, 1.375, 14.76
13.76, 1.376, 11.30
13.77, 1.377, 13.77
13.78, 1.378, 13.02
13.79, 1.379, 12.76
13.80, 1.380, 13.53
13.81, 1.381, 14.72
13.82, 1.382, 13.31
13.83, 1.383, 12.60
13.84, 1.384, 12.08
13.85, 1.385, 12.19
13.86, 1.386, 12.95
13.87, 1.387, 12.84
13.88, 1.388, 12.76
13.89, 1.389, 12.23
13.90, 1.390, 12.68
13.91, 1.391, 13.40
13.92, 1.392, 12.92
13.93, 1.393, 14.17
13.94, 1.394, 12.51
13.95, 1.395, 14.27
13.96, 1.396, 13.94
13.97, 1.397, 13.71
13.98, 1.398, 13.54
13.99, 1.399, 14.69
14.00, 1.400, 15.51
14.01, 1.401, 14.14
14.02, 1.402, 15.41
14.03, 1.403, 16.40
14.04, 1.404, 14.18
14.05, 1.405, 16.50
14.06, 1.406, 17.04
14.07, 1.407, 16.86
14.08, 1.408, 18.00
14.09, 1.409, 17.20
14.10, 1.410, 18.28
14.11, 1.411, 19.30
14.12, 1.412, 19.69
14.13, 1.413, 20.90
14.14, 1.414, 20.52
14.15, 1.415, 22.71
14.16, 1.416, 22.35
14.17, 1.417, 23.55
14.18, 1.418, 25.39
14.19, 1.419, 24.77
14.20, 1.420, 24.09
14.21, 1.421, 24.28
14.22, 1.422, 25.83
14.23, 1.423, 25.86
14.24, 1.424, 26.97
14.25, 1.425, 28.19
14.26, 1.426, 29.03
14.27, 1.427, 29.52
14.28, 1.428, 31.52
14.29, 1.429, 30.73
14.30, 1.430, 33.26
14.31, 1.431, 34.45
14.32, 1.432, 34.25
14.33, 1.433, 37.25
14.34, 1.434, 40.26
14.35, 1.435, 39.75
14.36, 1.436, 40.51
14.37, 1.437, 43.82
14.38, 1.438, 45.64
14.39, 1.439, 45.16
14.40, 1.440, 46.05
14.41, 1.441, 46.04
14.42, 1.442, 47.83
14.43, 1.443, 49.59
14.44, 1.444, 50.95
14.45, 1.445, 51.24
14.46, 1.446, 53.94
14.47, 1.447, 53.47
14.48, 1.448, 54.58
14.49, 1.449, 58.14
14.50, 1.450, 59.78
14.51, 1.451, 60.82
14.52, 1.452, 61.81
14.53, 1.453, 64.35
14.54, 1.454, 64.99
14.55, 1.455, 65.88
14.56, 1.456, 66.33
14.57, 1.457, 67.41
14.58, 1.458, 68.10
14.59, 1.459, 69.57
14.60, 1.460, 68.70
14.61, 1.461, 71.18
14.62, 1.462, 74.53
14.63, 1.463, 73.17
14.64, 1.464, 74.11
14.65, 1.465, 75.71
14.66, 1.466, 78.19
14.67, 1.467, 79.06
14.68, 1.468, 80.50
14.69, 1.469, 83.29
14.70, 1.470, 82.84
14.71, 1.471, 84.22
14.72, 1.472, 85.64
14.73, 1.473, 86.89
14.74, 1.474, 88.26
14.75, 1.475, 90.80
14.76, 1.476, 93.04
14.77, 1.477, 93.18
14.78, 1.478, 93.76
14.79, 1.479, 96.16
14.80, 1.480, 98.07
14.81, 1.481, 98.18
14.82, 1.482, 100.2
14.83, 1.483, 101.8
14.84, 1.484, 100.4
14.85, 1.485, 102.5
14.86, 1.486, 104.9
14.87, 1.487, 103.5
14.88, 1.488, 105.9
14.89, 1.489, 108.5
14.90, 1.490, 109.7
14.91, 1.491, 110.5
14.92, 1.492, 113.3
14.93, 1.493, 112.0
14.94, 1.494, 115.7
14.95, 1.495, 117.6
14.96, 1.496, 117.3
14.97, 1.497, 119.3
14.98, 1.498, 122.3
14.99, 1.499, 121.1
15.00, 1.500, 124.0
15.01, 1.501, 124.4
15.02, 1.502, 124.4
15.03, 1.503, 125.5
15.04, 1.504, 128.4
15.05, 1.505, 128.6
15.06, 1.506, 131.0
15.07, 1.507, 131.5
15.08, 1.508, 132.7
15.09, 1.509, 133.5
15.10, 1.510, 135.9
15.11, 1.511, 137.0
15.12, 1.512, 138.5
15.13, 1.513, 140.1
15.14, 1.514, 142.9
15.15, 1.515, 141.6
15.16, 1.516, 145.5
15.17, 1.517, 145.3
15.18, 1.518, 146.4
15.19, 1.519, 149.1
15.20, 1.520, 148.7
15.21, 1.521, 150.5
15.22, 1.522, 152.3
15.23, 1.523, 154.4
15.24, 1.524, 157.5
15.25, 1.525, 156.9
15.26, 1.526, 158.8
15.27, 1.527, 161.3
15.28, 1.528, 161.9
15.29, 1.529, 163.9
15.30, 1.530, 165.2
15.31, 1.531, 164.9
15.32, 1.532, 167.4
15.33, 1.533, 168.6
15.34, 1.534, 171.4
15.35, 1.535, 169.8
15.36, 1.536, 173.6
15.37, 1.537, 173.8
15.38, 1.538, 175.2
15.39, 1.539, 175.9
15.40, 1.540, 179.5
15.41, 1.541, 181.1
15.42, 1.542, 182.3
15.43, 1.543, 184.0
15.44, 1.544, 186.9
15.45, 1.545, 185.1
15.46, 1.546, 189.9
15.47, 1.547, 192.4
15.48, 1.548, 193.2
15.49, 1.549, 193.8
15.50, 1.550, 196.8
15.51, 1.551, 197.4
15.52, 1.552, 198.3
15.53, 1.553, 200.8
15.54, 1.554, 202.5
15.55, 1.555, 202.0
15.56, 1.556, 204.9
15.57, 1.557, 206.2
15.58, 1.558, 206.8
15.59, 1.559, 208.8
15.60, 1.560, 212.4
15.61, 1.561, 213.1
15.62, 1.562, 214.5
15.63, 1.563, 216.5
15.64, 1.564, 216.6
15.65, 1.565, 219.2
15.66, 1.566, 219.6
15.67, 1.567, 221.3
15.68, 1.568, 224.0
15.69, 1.569, 226.2
15.70, 1.570, 227.8
15.71, 1.571, 229.3
15.72, 1.572, 230.7
15.73, 1.573, 231.0
15.74, 1.574, 233.3
15.75, 1.575, 235.5
15.76, 1.576, 238.1
15.77, 1.577, 238.5
15.78, 1.578, 240.3
15.79, 1.579, 242.8
15.80, 1.580, 243.5
15.81, 1.581, 244.1
15.82, 1.582, 247.0
15.83, 1.583, 247.7
15.84, 1.584, 250.4
15.85, 1.585, 251.8
15.86, 1.586, 254.2
15.87, 1.587, 257.1
15.88, 1.588, 259.1
15.89, 1.589, 258.5
15.90, 1.590, 262.2
15.91, 1.591, 262.6
15.92, 1.592, 262.9
15.93, 1.593, 264.9
15.94, 1.594, 268.3
15.95, 1.595, 270.0
15.96, 1.596, 269.2
15.97, 1.597, 274.2
15.98, 1.598, 272.8
15.99, 1.599, 276.3
16.00, 1.600, 277.1
16.01, 1.601, 279.2
16.02, 1.602, 280.7
16.03, 1.603, 281.9
16.04, 1.604, 282.9
16.05, 1.605, 285.2
16.06, 1.606, 288.0
16.07, 1.607, 289.1
16.08, 1.608, 290.9
16.09, 1.609, 293.4
16.10, 1.610, 294.1
16.11, 1.611, 295.3
16.12, 1.612, 297.0
16.13, 1.613, 298.0
16.14, 1.614, 301.1
16.15, 1.615, 304.7
16.16, 1.616, 301.7
16.17, 1.617, 305.0
16.18, 1.618, 307.0
16.19, 1.619, 308.4
16.20, 1.620, 310.9
16.21, 1.621, 314.2
16.22, 1.622, 313.7
16.23, 1.623, 316.4
16.24, 1.624, 316.7
16.25, 1.625, 318.1
16.26, 1.626, 320.0
16.27, 1.627, 322.8
16.28, 1.628, 324.3
16.29, 1.629, 324.5
16.30, 1.630, 328.4
16.31, 1.631, 330.3
16.32, 1.632, 331.8
16.33, 1.633, 331.8
16.34, 1.634, 334.4
16.35, 1.635, 336.3
16.36, 1.636, 338.6
16.37, 1.637, 339.8
16.38, 1.638, 342.0
16.39, 1.639, 344.4
16.40, 1.640, 346.2
16.41, 1.641, 346.4
16.42, 1.642, 348.4
16.43, 1.643, 350.3
16.44, 1.644, 351.4
16.45, 1.645, 354.2
16.46, 1.646, 356.4
16.47, 1.647, 357.5
16.48, 1.648, 359.8
16.49, 1.649, 361.6
16.50, 1.650, 361.8
16.51, 1.651, 362.9
16.52, 1.652, 365.9
16.53, 1.653, 366.3
16.54, 1.654, 368.0
16.55, 1.655, 372.4
16.56, 1.656, 372.0
16.57, 1.657, 374.5
16.58, 1.658, 375.5
16.59, 1.659, 376.5
16.60, 1.660, 379.3
16.61, 1.661, 381.5
16.62, 1.662, 383.8
16.63, 1.663, 385.1
16.64, 1.664, 387.1
16.65, 1.665, 388.5
16.66, 1.666, 391.0
16.67, 1.667, 392.4
16.68, 1.668, 395.2
16.69, 1.669, 397.9
16.70, 1.670, 398.2
16.71, 1.671, 400.2
16.72, 1.672, 403.2
16.73, 1.673, 404.0
16.74, 1.674, 405.0
16.75, 1.675, 407.4
16.76, 1.676, 409.2
16.77, 1.677, 410.1
16.78, 1.678, 414.2
16.79, 1.679, 414.3
16.80, 1.680, 416.6
16.81, 1.681, 419.2
16.82, 1.682, 421.2
16.83, 1.683, 423.6
16.84, 1.684, 425.3
16.85, 1.685, 426.3
16.86, 1.686, 428.8
16.87, 1.687, 430.3
16.88, 1.688, 431.2
16.89, 1.689, 432.4
16.90, 1.690, 432.7
16.91, 1.691, 435.0
16.92, 1.692, 438.8
16.93, 1.693, 438.6
16.94, 1.694, 441.7
16.95, 1.695, 443.0
16.96, 1.696, 444.7
16.97, 1.697, 447.6
16.98, 1.698, 447.4
16.99, 1.699, 450.2
17.00, 1.700, 452.4
17.01, 1.701, 453.4
17.02, 1.702, 454.7
17.03, 1.703, 458.6
17.04, 1.704, 458.8
17.05, 1.705, 459.9
17.06, 1.706, 461.8
17.07, 1.707, 464.6
17.08, 1.708, 466.4
17.09, 1.709, 468.5
17.10, 1.710, 468.5
17.11, 1.711, 473.4
17.12, 1.712, 473.9
17.13, 1.713, 474.8
17.14, 1.714, 479.7
17.15, 1.715, 478.5
17.16, 1.716, 483.1
17.17, 1.717, 485.0
17.18, 1.718, 486.9
17.19, 1.719, 488.8
17.20, 1.720, 489.0
17.21, 1.721, 490.7
17.22, 1.722, 493.6
17.23, 1.723, 494.5
17.24, 1.724, 497.4
17.25, 1.725, 498.7
17.26, 1.726, 502.1
17.27, 1.727, 503.9
17.28, 1.728, 505.7
17.29, 1.729, 506.9
17.30, 1.730, 508.0
17.31, 1.731, 509.5
17.32, 1.732, 511.5
17.33, 1.733, 515.6
17.34, 1.734, 516.4
17.35, 1.735, 519.4
17.36, 1.736, 519.6
17.37, 1.737, 520.6
17.38, 1.738, 524.0
17.39, 1.739, 526.6
17.40, 1.740, 526.6
17.41, 1.741, 527.7
17.42, 1.742, 529.9
17.43, 1.743, 531.4
17.44, 1.744, 535.3
17.45, 1.745, 536.2
17.46, 1.746, 536.9
17.47, 1.747, 539.9
17.48, 1.748, 541.7
17.49, 1.749, 541.7
17.50, 1.750, 545.9
17.51, 1.751, 547.8
17.52, 1.752, 545.6
17.53, 1.753, 548.0
17.54, 1.754, 549.1
17.55, 1.755, 551.8
17.56, 1.756, 554.5
17.57, 1.757, 556.4
17.58, 1.758, 559.4
17.59, 1.759, 560.4
17.60, 1.760, 561.7
17.61, 1.761, 564.2
17.62, 1.762, 566.8
17.63, 1.763, 567.3
17.64, 1.764, 571.0
17.65, 1.765, 570.5
17.66, 1.766, 574.5
17.67, 1.767, 574.0
17.68, 1.768, 576.1
17.69, 1.769, 578.6
17.70, 1.770, 579.8
17.71, 1.771, 581.0
17.72, 1.772, 584.2
17.73, 1.773, 584.0
17.74, 1.774, 587.1
17.75, 1.775, 589.2
17.76, 1.776, 591.0
17.77, 1.777, 593.9
17.78, 1.778, 594.1
17.79, 1.779, 596.3
17.80, 1.780, 598.6
17.81, 1.781, 598.5
17.82, 1.782, 602.1
17.83, 1.783, 602.4
17.84, 1.784, 603.7
17.85, 1.785, 607.4
17.86, 1.786, 608.7
17.87, 1.787, 610.5
17.88, 1.788, 613.3
17.89, 1.789, 611.9
17.90, 1.790, 615.0
17.91, 1.791, 619.1
17.92, 1.792, 618.6
17.93, 1.793, 623.3
17.94, 1.794, 621.1
17.95, 1.795, 625.3
17.96, 1.796, 627.7
17.97, 1.797, 630.3
17.98, 1.798, 631.6
17.99, 1.799, 632.5
18.00, 1.800, 635.7
18.01, 1.801, 638.5
18.02, 1.802, 639.3
18.03, 1.803, 640.5
18.04, 1.804, 643.5
18.05, 1.805, 642.8
18.06, 1.806, 646.7
18.07, 1.807, 649.3
18.08, 1.808, 648.9
18.09, 1.809, 652.1
18.10, 1.810, 654.8
18.11, 1.811, 655.5
18.12, 1.812, 657.3
18.13, 1.813, 660.1
18.14, 1.814, 659.5
18.15, 1.815, 662.2
18.16, 1.816, 663.0
18.17, 1.817, 666.0
18.18, 1.818, 665.4
18.19, 1.819, 669.3
18.20, 1.820, 670.1
18.21, 1.821, 672.9
18.22, 1.822, 673.6
18.23, 1.823, 676.1
18.24, 1.824, 676.6
18.25, 1.825, 681.2
18.26, 1.826, 679.9
18.27, 1.827, 683.8
18.28, 1.828, 685.3
18.29, 1.829, 687.4
18.30, 1.830, 688.7
18.31, 1.831, 687.4
18.32, 1.832, 691.8
18.33, 1.833, 695.2
18.34, 1.834, 694.6
18.35, 1.835, 697.6
18.36, 1.836, 700.6
18.37, 1.837, 703.5
18.38, 1.838, 702.8
18.39, 1.839, 705.5
18.40, 1.840, 708.8
18.41, 1.841, 709.9
18.42, 1.842, 712.8
18.43, 1.843, 712.6
18.44, 1.844, 716.7
18.45, 1.845, 717.9
18.46, 1.846, 717.4
18.47, 1.847, 720.8
18.48, 1.848, 722.2
18.49, 1.849, 721.6
18.50, 1.850, 727.6
18.51, 1.851, 727.6
18.52, 1.852, 731.6
18.53, 1.853, 733.3
18.54, 1.854, 732.8
18.55, 1.855, 736.8
18.56, 1.856, 738.7
18.57, 1.857, 739.6
18.58, 1.858, 741.9
18.59, 1.859, 742.4
18.60, 1.860, 745.3
18.61, 1.861, 745.0
18.62, 1.862, 747.7
18.63, 1.863, 748.8
18.64, 1.864, 751.4
18.65, 1.865, 754.8
18.66, 1.866, 753.9
18.67, 1.867, 756.9
18.68, 1.868, 759.7
18.69, 1.869, 760.5
18.70, 1.870, 763.9
18.71, 1.871, 765.4
18.72, 1.872, 766.9
18.73, 1.873, 769.1
18.74, 1.874, 769.7
18.75, 1.875, 770.4
18.76, 1.876, 773.4
18.77, 1.877, 773.0
18.78, 1.878, 775.5
18.79, 1.879, 778.5
18.80, 1.880, 779.0
18.81, 1.881, 782.7
18.82, 1.882, 783.6
18.83, 1.883, 785.5
18.84, 1.884, 788.4
18.85, 1.885, 791.5
18.86, 1.886, 790.7
18.87, 1.887, 794.8
18.88, 1.888, 796.1
18.89, 1.889, 797.0
18.90, 1.890, 799.8
18.91, 1.891, 800.7
18.92, 1.892, 802.1
18.93, 1.893, 803.5
18.94, 1.894, 805.0
18.95, 1.895, 808.2
18.96, 1.896, 810.4
18.97, 1.897, 811.7
18.98, 1.898, 812.6
18.99, 1.899, 816.6
19.00, 1.900, 816.1
19.01, 1.901, 817.3
19.02, 1.902, 819.7
19.03, 1.903, 820.5
19.04, 1.904, 825.7
19.05, 1.905, 824.5
19.06, 1.906, 827.8
19.07, 1.907, 830.6
19.08, 1.908, 830.7
19.09, 1.909, 832.4
19.10, 1.910, 834.6
19.11, 1.911, 836.3
19.12, 1.912, 838.6
19.13, 1.913, 838.9
19.14, 1.914, 842.3
19.15, 1.915, 844.7
19.16, 1.916, 845.3
19.17, 1.917, 847.1
19.18, 1.918, 849.1
19.19, 1.919, 849.6
19.20, 1.920, 852.8
19.21, 1.921, 854.1
19.22, 1.922, 855.7
19.23, 1.923, 858.7
19.24, 1.924, 858.3
19.25, 1.925, 863.4
19.26, 1.926, 862.8
19.27, 1.927, 863.8
19.28, 1.928, 865.5
19.29, 1.929, 866.4
19.30, 1.930, 870.0
19.31, 1.931, 873.3
19.32, 1.932, 875.5
19.33, 1.933, 876.2
19.34, 1.934, 878.5
19.35, 1.935, 879.9
19.36, 1.936, 880.9
19.37, 1.937, 883.0
19.38, 1.938, 886.5
19.39, 1.939, 885.2
19.40, 1.940, 886.8
19.41, 1.941, 887.1
19.42, 1.942, 890.9
19.43, 1.943, 891.4
19.44, 1.944, 893.6
19.45, 1.945, 897.8
19.46, 1.946, 897.4
19.47, 1.947, 900.9
19.48, 1.948, 902.9
19.49, 1.949, 903.9
19.50, 1.950, 906.6
19.51, 1.951, 908.2
19.52, 1.952, 909.9
19.53, 1.953, 910.4
19.54, 1.954, 912.2
19.55, 1.955, 912.0
19.56, 1.956, 914.1
19.57, 1.957, 917.6
19.58, 1.958, 919.0
19.59, 1.959, 920.1
19.60, 1.960, 921.3
19.61, 1.961, 923.0
19.62, 1.962, 927.0
19.63, 1.963, 928.3
19.64, 1.964, 929.2
19.65, 1.965, 930.1
19.66, 1.966, 934.1
19.67, 1.967, 934.0
19.68, 1.968, 937.0
19.69, 1.969, 941.6
19.70, 1.970, 940.3
19.71, 1.971, 944.4
19.72, 1.972, 945.4
19.73, 1.973, 947.2
19.74, 1.974, 947.9
19.75, 1.975, 949.4
19.76, 1.976, 952.2
19.77, 1.977, 953.9
19.78, 1.978, 955.6
19.79, 1.979, 956.1
19.80, 1.980, 956.5
19.81, 1.981, 959.2
19.82, 1.982, 958.5
19.83, 1.983, 959.3
19.84, 1.984, 959.7
19.85, 1.985, 960.7
19.86, 1.986, 959.6
19.87, 1.987, 960.4
19.88, 1.988, 960.0
19.89, 1.989, 960.6
19.90, 1.990, 958.7
19.91, 1.991, 960.5
19.92, 1.992, 959.0
19.93, 1.993, 960.5
19.94, 1.994, 960.3
19.95, 1.995, 959.7
19.96, 1.996, 959.5
19.97, 1.997, 960.4
19.98, 1.998, 960.1
19.99, 1.999, 959.9
20.00, 2.000, 960.8
20.01, 1.999, 959.8
20.02, 1.998, 958.8
20.03, 1.997, 958.8
20.04, 1.996, 959.4
20.05, 1.995, 957.6
20.06, 1.994, 959.3
20.07, 1.993, 959.2
20.08, 1.992, 959.4
20.09, 1.991, 958.7
20.10, 1.990, 960.0
20.11, 1.989, 958.5
20.12, 1.988, 959.0
20.13, 1.987, 957.4
20.14, 1.986, 959.3
20.15, 1.985, 958.7
20.16, 1.984, 958.7
20.17, 1.983, 957.6
20.18, 1.982, 959.5
20.19, 1.981, 957.1
20.20, 1.980, 955.8
20.21, 1.979, 955.7
20.22, 1.978, 952.2
20.23, 1.977, 951.0
20.24, 1.976, 950.2
20.25, 1.975, 947.9
20.26, 1.974, 946.5
20.27, 1.973, 945.6
20.28, 1.972, 941.5
20.29, 1.971, 941.5
20.30, 1.970, 938.3
20.31, 1.969, 935.8
20.32, 1.968, 935.4
20.33, 1.967, 933.5
20.34, 1.966, 930.9
20.35, 1.965, 930.9
20.36, 1.964, 927.6
20.37, 1.963, 924.4
20.38, 1.962, 923.8
20.39, 1.961, 924.3
20.40, 1.960, 921.9
20.41, 1.959, 921.2
20.42, 1.958, 916.8
20.43, 1.957, 914.8
20.44, 1.956, 914.5
20.45, 1.955, 910.8
20.46, 1.954, 909.0
20.47, 1.953, 908.9
20.48, 1.952, 905.8
20.49, 1.951, 904.9
20.50, 1.950, 900.3
20.51, 1.949, 898.4
20.52, 1.948, 897.1
20.53, 1.947, 893.3
20.54, 1.946, 895.1
20.55, 1.945, 892.4
20.56, 1.944, 890.2
20.57, 1.943, 889.0
20.58, 1.942, 886.6
20.59, 1.941, 884.5
20.60, 1.940, 883.0
20.61, 1.939, 879.4
20.62, 1.938, 880.3
20.63, 1.937, 879.5
20.64, 1.936, 877.0
20.65, 1.935, 873.7
20.66, 1.934, 874.9
20.67, 1.933, 871.4
20.68, 1.932, 871.0
20.69, 1.931, 866.3
20.70, 1.930, 865.6
20.71, 1.929, 862.9
20.72, 1.928, 860.9
20.73, 1.927, 858.9
20.74, 1.926, 857.2
20.75, 1.925, 855.2
20.76, 1.924, 854.7
20.77, 1.923, 852.0
20.78, 1.922, 849.2
20.79, 1.921, 851.4
20.80, 1.920, 846.2
20.81, 1.919, 846.2
20.82, 1.918, 844.6
20.83, 1.917, 841.0
20.84, 1.916, 840.9
20.85, 1.915, 837.1
20.86, 1.914, 835.1
20.87, 1.913, 834.1
20.88, 1.912, 831.0
20.89, 1.911, 829.6
20.90, 1.910, 828.1
20.91, 1.909, 824.4
20.92, 1.908, 824.3
20.93, 1.907, 821.7
20.94, 1.906, 819.1
20.95, 1.905, 819.7
20.96, 1.904, 815.2
20.97, 1.903, 815.1
20.98, 1.902, 811.2
20.99, 1.901, 808.3
21.00, 1.900, 809.7
21.01, 1.899, 807.0
21.02, 1.898, 804.3
21.03, 1.897, 803.2
21.04, 1.896, 800.7
21.05, 1.895, 798.8
21.06, 1.894, 797.9
21.07, 1.893, 795.6
21.08, 1.892, 793.8
21.09, 1.891, 792.9
21.10, 1.890, 790.4
21.11, 1.889, 788.8
21.12, 1.888, 786.4
21.13, 1.887, 784.4
21.14, 1.886, 782.7
21.15, 1.885, 779.8
21.16, 1.884, 778.4
21.17, 1.883, 776.1
21.18, 1.882, 775.8
21.19, 1.881, 774.5
21.20, 1.880, 771.5
21.21, 1.879, 769.4
21.22, 1.878, 768.4
21.23, 1.877, 765.6
21.24, 1.876, 762.3
21.25, 1.875, 763.9
21.26, 1.874, 762.2
21.27, 1.873, 759.2
21.28, 1.872, 758.4
21.29, 1.871, 754.0
21.30, 1.870, 754.2
21.31, 1.869, 749.9
21.32, 1.868, 748.5
21.33, 1.867, 747.3
21.34, 1.866, 745.0
21.35, 1.865, 741.5
21.36, 1.864, 739.7
21.37, 1.863, 739.0
21.38, 1.862, 736.9
21.39, 1.861, 734.9
21.40, 1.860, 732.7
21.41, 1.859, 731.2
21.42, 1.858, 729.8
21.43, 1.857, 727.2
21.44, 1.856, 725.6
21.45, 1.855, 722.6
21.46, 1.854, 720.8
21.47, 1.853, 719.9
21.48, 1.852, 718.4
21.49, 1.851, 715.8
21.50, 1.850, 711.9
21.51, 1.849, 710.2
21.52, 1.848, 710.7
21.53, 1.847, 709.0
21.54, 1.846, 705.6
21.55, 1.845, 703.1
21.56, 1.844, 705.2
21.57, 1.843, 701.0
21.58, 1.842, 698.7
21.59, 1.841, 696.4
21.60, 1.840, 693.4
21.61, 1.839, 693.9
21.62, 1.838, 691.3
21.63, 1.837, 688.5
21.64, 1.836, 689.6
21.65, 1.835, 684.1
21.66, 1.834, 684.0
21.67, 1.833, 682.0
21.68, 1.832, 679.7
21.69, 1.831, 678.8
21.70, 1.830, 674.6
21.71, 1.829, 669.9
21.72, 1.828, 671.5
21.73, 1.827, 668.0
21.74, 1.826, 667.5
21.75, 1.825, 666.5
21.76, 1.824, 662.9
21.77, 1.823, 660.5
21.78, 1.822, 660.1
21.79, 1.821, 655.7
21.80, 1.820, 655.0
21.81, 1.819, 653.4
21.82, 1.818, 650.2
21.83, 1.817, 649.9
21.84, 1.816, 646.7
21.85, 1.815, 644.1
21.86, 1.814, 643.5
21.87, 1.813, 641.8
21.88, 1.812, 639.6
21.89, 1.811, 638.6
21.90, 1.810, 635.7
21.91, 1.809, 634.0
21.92, 1.808, 633.2
21.93, 1.807, 629.8
21.94, 1.806, 629.4
21.95, 1.805, 626.9
21.96, 1.804, 623.1
21.97, 1.803, 621.4
21.98, 1.802, 621.5
21.99, 1.801, 616.1
22.00, 1.800, 613.9
22.01, 1.799, 613.4
22.02, 1.798, 612.2
22.03, 1.797, 610.2
22.04, 1.796, 608.7
22.05, 1.795, 605.5
22.06, 1.794, 603.4
22.07, 1.793, 601.9
22.08, 1.792, 601.2
22.09, 1.791, 601.0
22.10, 1.790, 596.7
22.11, 1.789, 596.2
22.12, 1.788, 595.2
22.13, 1.787, 590.7
22.14, 1.786, 588.2
22.15, 1.785, 587.4
22.16, 1.784, 583.7
22.17, 1.783, 581.7
22.18, 1.782, 581.7
22.19, 1.781, 578.3
22.20, 1.780, 575.5
22.21, 1.779, 574.3
22.22, 1.778, 572.6
22.23, 1.777, 571.8
22.24, 1.776, 568.4
22.25, 1.775, 567.1
22.26, 1.774, 565.9
22.27, 1.773, 562.3
22.28, 1.772, 560.6
22.29, 1.771, 557.8
22.30, 1.770, 556.3
22.31, 1.769, 554.9
22.32, 1.768, 551.4
22.33, 1.767, 549.7
22.34, 1.766, 548.9
22.35, 1.765, 544.5
22.36, 1.764, 545.2
22.37, 1.763, 540.5
22.38, 1.762, 539.6
22.39, 1.761, 537.7
22.40, 1.760, 535.4
22.41, 1.759, 534.0
22.42, 1.758, 529.4
22.43, 1.757, 527.0
22.44, 1.756, 526.0
22.45, 1.755, 524.9
22.46, 1.754, 522.0
22.47, 1.753, 521.2
22.48, 1.752, 519.8
22.49, 1.751, 515.3
22.50, 1.750, 517.1
22.51, 1.749, 517.2
22.52, 1.748, 512.3
22.53, 1.747, 511.4
22.54, 1.746, 508.4
22.55, 1.745, 506.3
22.56, 1.744, 504.8
22.57, 1.743, 502.4
22.58, 1.742, 500.8
22.59, 1.741, 498.3
22.60, 1.740, 491.8
22.61, 1.739, 492.6
22.62, 1.738, 489.0
22.63, 1.737, 486.2
22.64, 1.736, 484.8
22.65, 1.735, 481.7
22.66, 1.734, 481.1
22.67, 1.733, 479.1
22.68, 1.732, 475.2
22.69, 1.731, 473.7
22.70, 1.730, 472.5
22.71, 1.729, 470.9
22.72, 1.728, 468.5
22.73, 1.727, 466.4
22.74, 1.726, 464.4
22.75, 1.725, 460.9
22.76, 1.724, 459.8
22.77, 1.723, 456.1
22.78, 1.722, 454.8
22.79, 1.721, 453.7
22.80, 1.720, 449.5
22.81, 1.719, 447.7
22.82, 1.718, 446.2
22.83, 1.717, 445.0
22.84, 1.716, 444.5
22.85, 1.715, 441.7
22.86, 1.714, 439.1
22.87, 1.713, 437.8
22.88, 1.712, 432.8
22.89, 1.711, 431.2
22.90, 1.710, 430.7
22.91, 1.709, 428.2
22.92, 1.708, 426.3
22.93, 1.707, 424.8
22.94, 1.706, 421.1
22.95, 1.705, 418.9
22.96, 1.704, 417.3
22.97, 1.703, 415.8
22.98, 1.702, 413.9
22.99, 1.701, 410.4
23.00, 1.700, 408.0
23.01, 1.699, 407.4
23.02, 1.698, 402.2
23.03, 1.697, 400.2
23.04, 1.696, 399.0
23.05, 1.695, 394.5
23.06, 1.694, 394.3
23.07, 1.693, 393.3
23.08, 1.692, 389.9
23.09, 1.691, 387.7
23.10, 1.690, 384.7
23.11, 1.689, 382.3
23.12, 1.688, 382.5
23.13, 1.687, 381.6
23.14, 1.686, 376.7
23.15, 1.685, 374.2
23.16, 1.684, 372.8
23.17, 1.683, 369.8
23.18, 1.682, 370.2
23.19, 1.681, 365.3
23.20, 1.680, 364.6
23.21, 1.679, 362.3
23.22, 1.678, 360.5
23.23, 1.677, 356.9
23.24, 1.676, 357.0
23.25, 1.675, 353.5
23.26, 1.674, 351.9
23.27, 1.673, 350.2
23.28, 1.672, 346.3
23.29, 1.671, 344.6
23.30, 1.670, 341.3
23.31, 1.669, 341.3
23.32, 1.668, 339.2
23.33, 1.667, 337.5
23.34, 1.666, 333.8
23.35, 1.665, 331.7
23.36, 1.664, 330.6
23.37, 1.663, 328.2
23.38, 1.662, 325.3
23.39, 1.661, 322.4
23.40, 1.660, 320.2
23.41, 1.659, 320.5
23.42, 1.658, 316.5
23.43, 1.657, 315.4
23.44, 1.656, 312.3
23.45, 1.655, 308.3
23.46, 1.654, 307.3
23.47, 1.653, 305.6
23.48, 1.652, 302.0
23.49, 1.651, 300.0
23.50, 1.650, 298.3
23.51, 1.649, 298.1
23.52, 1.648, 294.1
23.53, 1.647, 292.0
23.54, 1.646, 289.5
23.55, 1.645, 286.7
23.56, 1.644, 285.0
23.57, 1.643, 281.6
23.58, 1.642, 281.1
23.59, 1.641, 278.4
23.60, 1.640, 276.8
23.61, 1.639, 274.2
23.62, 1.638, 274.2
23.63, 1.637, 271.0
23.64, 1.636, 269.4
23.65, 1.635, 268.5
23.66, 1.634, 263.3
23.67, 1.633, 262.4
23.68, 1.632, 260.0
23.69, 1.631, 257.9
23.70, 1.630, 256.5
23.71, 1.629, 254.5
23.72, 1.628, 251.9
23.73, 1.627, 249.3
23.74, 1.626, 247.0
23.75, 1.625, 246.3
23.76, 1.624, 245.0
23.77, 1.623, 243.8
23.78, 1.622, 240.2
23.79, 1.621, 238.4
23.80, 1.620, 236.5
23.81, 1.619, 233.2
23.82, 1.618, 231.4
23.83, 1.617, 228.9
23.84, 1.616, 228.5
23.85, 1.615, 224.5
23.86, 1.614, 223.4
23.87, 1.613, 221.4
23.88, 1.612, 218.0
23.89, 1.611, 215.9
23.90, 1.610, 215.7
23.91, 1.609, 212.5
23.92, 1.608, 212.0
23.93, 1.607, 208.1
23.94, 1.606, 205.9
23.95, 1.605, 203.6
23.96, 1.604, 203.3
23.97, 1.603, 199.3
23.98, 1.602, 198.8
23.99, 1.601, 198.5
24.00, 1.600, 196.0
24.01, 1.599, 193.3
24.02, 1.598, 191.0
24.03, 1.597, 189.2
24.04, 1.596, 188.7
24.05, 1.595, 186.9
24.06, 1.594, 185.5
24.07, 1.593, 182.4
24.08, 1.592, 180.6
24.09, 1.591, 179.1
24.10, 1.590, 177.7
24.11, 1.589, 175.7
24.12, 1.588, 171.8
24.13, 1.587, 170.7
24.14, 1.586, 168.4
24.15, 1.585, 167.5
24.16, 1.584, 165.0
24.17, 1.583, 164.7
24.18, 1.582, 161.8
24.19, 1.581, 160.1
24.20, 1.580, 157.5
24.21, 1.579, 155.7
24.22, 1.578, 156.6
24.23, 1.577, 152.2
24.24, 1.576, 148.9
24.25, 1.575, 149.7
24.26, 1.574, 147.5
24.27, 1.573, 146.1
24.28, 1.572, 142.2
24.29, 1.571, 142.0
24.30, 1.570, 139.3
24.31, 1.569, 138.3
24.32, 1.568, 136.6
24.33, 1.567, 134.4
24.34, 1.566, 133.2
24.35, 1.565, 129.9
24.36, 1.564, 130.3
24.37, 1.563, 130.2
24.38, 1.562, 127.0
24.39, 1.561, 124.8
24.40, 1.560, 123.4
24.41, 1.559, 122.3
24.42, 1.558, 121.1
24.43, 1.557, 119.9
24.44, 1.556, 116.8
24.45, 1.555, 114.5
24.46, 1.554, 114.8
24.47, 1.553, 111.0
24.48, 1.552, 109.6
24.49, 1.551, 110.9
24.50, 1.550, 107.9
24.51, 1.549, 106.2
24.52, 1.548, 106.0
24.53, 1.547, 103.7
24.54, 1.546, 103.0
24.55, 1.545, 101.6
24.56, 1.544, 98.45
24.57, 1.543, 98.39
24.58, 1.542, 98.02
24.59, 1.541, 94.45
24.60, 1.540, 93.39
24.61, 1.539, 92.74
24.62, 1.538, 91.63
24.63, 1.537, 89.59
24.64, 1.536, 90.33
24.65, 1.535, 88.09
24.66, 1.534, 85.35
24.67, 1.533, 86.23
24.68, 1.532, 82.83
24.69, 1.531, 81.68
24.70, 1.530, 79.91
24.71, 1.529, 79.46
24.72, 1.528, 75.44
24.73, 1.527, 76.24
24.74, 1.526, 76.23
24.75, 1.525, 72.54
24.76, 1.524, 71.94
24.77, 1.523, 70.75
24.78, 1.522, 69.77
24.79, 1.521, 68.85
24.80, 1.520, 69.14
24.81, 1.519, 66.75
24.82, 1.518, 63.75
24.83, 1.517, 64.46
24.84, 1.516, 64.44
24.85, 1.515, 62.57
24.86, 1.514, 62.04
24.87, 1.513, 60.67
24.88, 1.512, 59.60
24.89, 1.511, 58.86
24.90, 1.510, 56.99
24.91, 1.509, 56.49
24.92, 1.508, 54.66
24.93, 1.507, 52.67
24.94, 1.506, 51.64
24.95, 1.505, 52.08
24.96, 1.504, 51.24
24.97, 1.503, 50.58
24.98, 1.502, 48.57
24.99, 1.501, 48.09
25.00, 1.500, 50.95
25.01, 1.499, 48.56
25.02, 1.498, 47.98
25.03, 1.497, 46.46
25.04, 1.496, 45.39
25.05, 1.495, 44.93
25.06, 1.494, 43.97
25.07, 1.493, 43.94
25.08, 1.492, 42.18
25.09, 1.491, 41.84
25.10, 1.490, 40.58
25.11, 1.489, 37.93
25.12, 1.488, 38.86
25.13, 1.487, 39.11
25.14, 1.486, 36.51
25.15, 1.485, 37.12
25.16, 1.484, 37.51
25.17, 1.483, 35.36
25.18, 1.482, 34.98
25.19, 1.481, 34.19
25.20, 1.480, 32.87
25.21, 1.479, 32.45
25.22, 1.478, 32.66
25.23, 1.477, 31.33
25.24, 1.476, 31.87
25.25, 1.475, 29.41
25.26, 1.474, 28.68
25.27, 1.473, 28.89
25.28, 1.472, 28.69
25.29, 1.471, 28.28
25.30, 1.470, 25.47
25.31, 1.469, 25.06
25.32, 1.468, 27.21
25.33, 1.467, 25.13
25.34, 1.466, 24.36
25.35, 1.465, 23.41
25.36, 1.464, 22.96
25.37, 1.463, 22.98
25.38, 1.462, 21.87
25.39, 1.461, 22.53
25.40, 1.460, 21.02
25.41, 1.459, 21.08
25.42, 1.458, 20.85
25.43, 1.457, 20.09
25.44, 1.456, 19.80
25.45, 1.455, 20.22
25.46, 1.454, 18.41
25.47, 1.453, 17.94
25.48, 1.452, 18.45
25.49, 1.451, 17.45
25.50, 1.450, 15.68
25.51, 1.449, 17.70
25.52, 1.448, 15.70
25.53, 1.447, 14.95
25.54, 1.446, 16.21
25.55, 1.445, 13.08
25.56, 1.444, 13.47
25.57, 1.443, 14.28
25.58, 1.442, 12.91
25.59, 1.441, 13.11
25.60, 1.440, 13.13
25.61, 1.439, 12.34
25.62, 1.438, 12.25
25.63, 1.437, 11.86
25.64, 1.436, 11.86
25.65, 1.435, 11.26
25.66, 1.434, 12.02
25.67, 1.433, 10.58
25.68, 1.432, 9.634
25.69, 1.431, 10.81
25.70, 1.430, 9.980
25.71, 1.429, 10.34
25.72, 1.428, 10.29
25.73, 1.427, 7.833
25.74, 1.426, 10.10
25.75, 1.425, 10.06
25.76, 1.424, 9.333
25.77, 1.423, 8.774
25.78, 1.422, 7.751
25.79, 1.421, 7.383
25.80, 1.420, 7.980
25.81, 1.419, 6.754
25.82, 1.418, 7.485
25.83, 1.417, 6.527
25.84, 1.416, 8.142
25.85, 1.415, 6.508
25.86, 1.414, 6.381
25.87, 1.413, 5.922
25.88, 1.412, 5.700
25.89, 1.411, 5.554
25.90, 1.410, 7.126
25.91, 1.409, 3.585
25.92, 1.408, 4.947
25.93, 1.407, 6.033
25.94, 1.406, 4.104
25.95, 1.405, 4.043
25.96, 1.404, 3.091
25.97, 1.403, 5.243
25.98, 1.402, 3.650
25.99, 1.401, 4.254
26.00, 1.400, 3.961
26.01, 1.399, 1.889
26.02, 1.398, 4.365
26.03, 1.397, 3.025
26.04, 1.396, 1.750
26.05, 1.395, 1.655
26.06, 1.394, 3.760
26.07, 1.393, 2.098
26.08, 1.392, 2.713
26.09, 1.391, 2.637
26.10, 1.390, 2.507
26.11, 1.389, 1.250
26.12, 1.388, 2.366
26.13, 1.387, 1.006
26.14, 1.386, 2.748
26.15, 1.385, 1.295
26.16, 1.384, 1.333
26.17, 1.383, 0.5808
26.18, 1.382, -0.08362
26.19, 1.381, 2.144
26.20, 1.380, -1.164
26.21, 1.379, 0.1678
26.22, 1.378, 2.032
26.23, 1.377, 1.423
26.24, 1.376, 0.6109
26.25, 1.375, 1.171
26.26, 1.374, -0.4392
26.27, 1.373, 1.579
26.28, 1.372, 0.6042
26.29, 1.371, 0.2056
26.30, 1.370, -0.2812
26.31, 1.369, 0.4218
26.32, 1.368, -0.5952
26.33, 1.367, -1.675
26.34, 1.366, 0.3912
26.35, 1.365, 0.2420
26.36, 1.364, -1.031
26.37, 1.363, -0.9893
26.38, 1.362, -1.022
26.39, 1.361, 1.739
26.40, 1.360, -0.4706
26.41, 1.359, -1.500
26.42, 1.358, -1.647
26.43, 1.357, -1.562
26.44, 1.356, -1.730
26.45, 1.355, -3.825
26.46, 1.354, -1.112
26.47, 1.353, -1.233
26.48, 1.352, -2.924
26.49, 1.351, -2.851
26.50, 1.350, -1.217
26.51, 1.349, -3.102
26.52, 1.348, -1.686
26.53, 1.347, -2.320
26.54, 1.346, -2.082
26.55, 1.345, -2.676
26.56, 1.344, -4.571
26.57, 1.343, -1.403
26.58, 1.342, -0.6589
26.59, 1.341, -3.685
26.60, 1.340, -4.026
26.61, 1.339, -3.876
26.62, 1.338, -3.821
26.63, 1.337, -4.319
26.64, 1.336, -2.714
26.65, 1.335, -4.962
26.66, 1.334, -6.329
26.67, 1.333, -4.688
26.68, 1.332, -3.801
26.69, 1.331, -4.901
26.70, 1.330, -5.048
26.71, 1.329, -7.083
26.72, 1.328, -7.191
26.73, 1.327, -3.521
26.74, 1.326, -7.568
26.75, 1.325, -6.233
26.76, 1.324, -6.120
26.77, 1.323, -6.404
26.78, 1.322, -5.729
26.79, 1.321, -5.936
26.80, 1.320, -6.218
26.81, 1.319, -6.807
26.82, 1.318, -7.577
26.83, 1.317, -7.625
26.84, 1.316, -7.060
26.85, 1.315, -6.433
26.86, 1.314, -5.932
26.87, 1.313, -5.941
26.88, 1.312, -4.310
26.89, 1.311, -5.820
26.90, 1.310, -3.637
26.91, 1.309, -4.968
26.92, 1.308, -5.178
26.93, 1.307, -4.649
26.94, 1.306, -4.560
26.95, 1.305, -4.017
26.96, 1.304, -4.639
26.97, 1.303, -5.776
26.98, 1.302, -4.591
26.99, 1.301, -3.420
27.00, 1.300, -3.907
27.01, 1.299, -3.422
27.02, 1.298, -3.733
27.03, 1.297, -4.863
27.04, 1.296, -3.832
27.05, 1.295, -4.894
27.06, 1.294, -4.835
27.07, 1.293, -3.842
27.08, 1.292, -4.464
27.09, 1.291, -3.032
27.10, 1.290, -2.184
27.11, 1.289, -3.637
27.12, 1.288, -3.460
27.13, 1.287, -4.070
27.14, 1.286, -3.936
27.15, 1.285, -4.396
27.16, 1.284, -3.538
27.17, 1.283, -4.081
27.18, 1.282, -4.242
27.19, 1.281, -3.055
27.20, 1.280, -4.680
27.21, 1.279, -6.656
27.22, 1.278, -4.669
27.23, 1.277, -4.775
27.24, 1.276, -4.606
27.25, 1.275, -4.070
27.26, 1.274, -5.056
27.27, 1.273, -5.844
27.28, 1.272, -4.979
27.29, 1.271, -4.524
27.30, 1.270, -4.422
27.31, 1.269, -5.698
27.32, 1.268, -6.042
27.33, 1.267, -6.149
27.34, 1.266, -4.346
27.35, 1.265, -4.888
27.36, 1.264, -4.514
27.37, 1.263, -4.282
27.38, 1.262, -5.185
27.39, 1.261, -5.565
27.40, 1.260, -3.667
27.41, 1.259, -5.582
27.42, 1.258, -5.689
27.43, 1.257, -5.867
27.44, 1.256, -4.855
27.45, 1.255, -5.529
27.46, 1.254, -5.229
27.47, 1.253, -3.767
27.48, 1.252, -5.487
27.49, 1.251, -6.872
27.50, 1.250, -6.051
27.51, 1.249, -4.568
27.52, 1.248, -4.245
27.53, 1.247, -5.198
27.54, 1.246, -4.118
27.55, 1.245, -4.709
27.56, 1.244, -5.343
27.57, 1.243, -4.128
27.58, 1.242, -5.050
27.59, 1.241, -5.731
27.60, 1.240, -5.360
27.61, 1.239, -3.755
27.62, 1.238, -3.938
27.63, 1.237, -6.400
27.64, 1.236, -4.897
27.65, 1.235, -5.444
27.66, 1.234, -3.854
27.67, 1.233, -5.523
27.68, 1.232, -5.639
27.69, 1.231, -6.627
27.70, 1.230, -5.372
27.71, 1.229, -4.016
27.72, 1.228, -5.218
27.73, 1.227, -4.545
27.74, 1.226, -4.820
27.75, 1.225, -5.203
27.76, 1.224, -5.154
27.77, 1.223, -4.206
27.78, 1.222, -4.811
27.79, 1.221, -5.103
27.80, 1.220, -4.256
27.81, 1.219, -3.556
27.82, 1.218, -5.745
27.83, 1.217, -3.891
27.84, 1.216, -3.993
27.85, 1.215, -4.383
27.86, 1.214, -4.620
27.87, 1.213, -3.801
27.88, 1.212, -4.636
27.89, 1.211, -4.719
27.90, 1.210, -4.341
27.91, 1.209, -5.367
27.92, 1.208, -6.388
27.93, 1.207, -4.853
27.94, 1.206, -5.249
27.95, 1.205, -3.556
27.96, 1.204, -3.905
27.97, 1.203, -4.997
27.98, 1.202, -4.755
27.99, 1.201, -4.310
28.00, 1.200, -4.798
28.01, 1.199, -5.892
28.02, 1.198, -4.721
28.03, 1.197, -3.855
28.04, 1.196, -5.774
28.05, 1.195, -4.576
28.06, 1.194, -5.115
28.07, 1.193, -5.538
28.08, 1.192, -6.149
28.09, 1.191, -3.581
28.10, 1.190, -5.703
28.11, 1.189, -4.586
28.12, 1.188, -3.641
28.13, 1.187, -5.166
28.14, 1.186, -2.814
28.15, 1.185, -4.361
28.16, 1.184, -5.352
28.17, 1.183, -4.381
28.18, 1.182, -3.652
28.19, 1.181, -3.920
28.20, 1.180, -4.755
28.21, 1.179, -5.480
28.22, 1.178, -4.137
28.23, 1.177, -4.858
28.24, 1.176, -4.581
28.25, 1.175, -2.981
28.26, 1.174, -5.273
28.27, 1.173, -3.099
28.28, 1.172, -3.340
28.29, 1.171, -3.726
28.30, 1.170, -3.786
28.31, 1.169, -4.738
28.32, 1.168, -3.361
28.33, 1.167, -5.603
28.34, 1.166, -3.362
28.35, 1.165, -4.337
28.36, 1.164, -4.838
28.37, 1.163, -4.202
28.38, 1.162, -6.593
28.39, 1.161, -2.515
28.40, 1.160, -5.049
28.41, 1.159, -5.513
28.42, 1.158, -3.641
28.43, 1.157, -4.464
28.44, 1.156, -4.069
28.45, 1.155, -5.497
28.46, 1.154, -5.743
28.47, 1.153, -5.353
28.48, 1.152, -5.076
28.49, 1.151, -4.669
28.50, 1.150, -5.751
28.51, 1.149, -4.391
28.52, 1.148, -4.724
28.53, 1.147, -4.628
28.54, 1.146, -4.606
28.55, 1.145, -2.808
28.56, 1.144, -4.118
28.57, 1.143, -5.309
28.58, 1.142, -4.721
28.59, 1.141, -4.077
28.60, 1.140, -4.494
28.61, 1.139, -5.855
28.62, 1.138, -5.372
28.63, 1.137, -4.189
28.64, 1.136, -5.167
28.65, 1.135, -5.730
28.66, 1.134, -4.260
28.67, 1.133, -6.283
28.68, 1.132, -4.435
28.69, 1.131, -4.344
28.70, 1.130, -5.751
28.71, 1.129, -4.548
28.72, 1.128, -4.652
28.73, 1.127, -3.738
28.74, 1.126, -4.471
28.75, 1.125, -4.208
28.76, 1.124, -5.357
28.77, 1.123, -4.066
28.78, 1.122, -3.574
28.79, 1.121, -4.727
28.80, 1.120, -5.211
28.81, 1.119, -3.069
28.82, 1.118, -4.089
28.83, 1.117, -4.703
28.84, 1.116, -5.098
28.85, 1.115, -3.718
28.86, 1.114, -5.782
28.87, 1.113, -5.153
28.88, 1.112, -4.188
28.89, 1.111, -4.091
28.90, 1.110, -4.497
28.91, 1.109, -4.732
28.92, 1.108, -4.649
28.93, 1.107, -5.032
28.94, 1.106, -6.126
28.95, 1.105, -4.219
28.96, 1.104, -4.964
28.97, 1.103, -4.156
28.98, 1.102, -5.505
28.99, 1.101, -3.822
29.00, 1.100, -6.056
29.01, 1.099, -4.966
29.02, 1.098, -6.194
29.03, 1.097, -4.284
29.04, 1.096, -4.676
29.05, 1.095, -4.409
29.06, 1.094, -5.937
29.07, 1.093, -5.410
29.08, 1.092, -5.007
29.09, 1.091, -3.889
29.10, 1.090, -4.739
29.11, 1.089, -5.246
29.12, 1.088, -5.215
29.13, 1.087, -4.628
29.14, 1.086, -4.352
29.15, 1.085, -4.906
29.16, 1.084, -4.204
29.17, 1.083, -4.659
29.18, 1.082, -4.147
29.19, 1.081, -3.870
29.20, 1.080, -6.237
29.21, 1.079, -4.614
29.22, 1.078, -5.248
29.23, 1.077, -5.462
29.24, 1.076, -4.917
29.25, 1.075, -3.422
29.26, 1.074, -5.156
29.27, 1.073, -4.173
29.28, 1.072, -4.193
29.29, 1.071, -4.356
29.30, 1.070, -4.723
29.31, 1.069, -4.697
29.32, 1.068, -3.442
29.33, 1.067, -5.800
29.34, 1.066, -4.704
29.35, 1.065, -6.378
29.36, 1.064, -6.261
29.37, 1.063, -4.116
29.38, 1.062, -6.471
29.39, 1.061, -6.029
29.40, 1.060, -4.481
29.41, 1.059, -4.087
29.42, 1.058, -5.565
29.43, 1.057, -5.032
29.44, 1.056, -3.928
29.45, 1.055, -4.012
29.46, 1.054, -3.728
29.47, 1.053, -4.110
29.48, 1.052, -3.521
29.49, 1.051, -4.721
29.50, 1.050, -4.484
29.51, 1.049, -4.779
29.52, 1.048, -5.563
29.53, 1.047, -3.523
29.54, 1.046, -5.040
29.55, 1.045, -5.356
29.56, 1.044, -5.337
29.57, 1.043, -5.587
29.58, 1.042, -5.692
29.59, 1.041, -4.501
29.60, 1.040, -5.829
29.61, 1.039, -4.839
29.62, 1.038, -5.578
29.63, 1.037, -5.026
29.64, 1.036, -4.101
29.65, 1.035, -5.867
29.66, 1.034, -4.158
29.67, 1.033, -4.482
29.68, 1.032, -4.611
29.69, 1.031, -2.906
29.70, 1.030, -4.221
29.71, 1.029, -5.233
29.72, 1.028, -4.002
29.73, 1.027, -4.835
29.74, 1.026, -5.718
29.75, 1.025, -5.434
29.76, 1.024, -4.870
29.77, 1.023, -5.050
29.78, 1.022, -5.148
29.79, 1.021, -4.713
29.80, 1.020, -4.296
29.81, 1.019, -5.246
29.82, 1.018, -3.860
29.83, 1.017, -4.885
29.84, 1.016, -5.007
29.85, 1.015, -5.596
29.86, 1.014, -2.781
29.87, 1.013, -5.758
29.88, 1.012, -5.673
29.89, 1.011, -5.812
29.90, 1.010, -4.478
29.91, 1.009, -4.963
29.92, 1.008, -4.561
29.93, 1.007, -3.757
29.94, 1.006, -4.676
29.95, 1.005, -5.685
29.96, 1.004, -4.890
29.97, 1.003, -4.536
29.98, 1.002, -5.309
29.99, 1.001, -4.738
30.00, 1.000, -4.498
30.01, 0.9990, -4.563
30.02, 0.9980, -5.230
30.03, 0.9970, -4.165
30.04, 0.9960, -5.103
30.05, 0.9950, -4.294
30.06, 0.9940, -4.916
30.07, 0.9930, -5.348
30.08, 0.9920, -3.003
30.09, 0.9910, -5.665
30.10, 0.9900, -4.881
30.11, 0.9890, -4.938
30.12, 0.9880, -4.701
30.13, 0.9870, -6.347
30.14, 0.9860, -4.737
30.15, 0.9850, -4.301
30.16, 0.9840, -4.644
30.17, 0.9830, -4.881
30.18, 0.9820, -4.805
30.19, 0.9810, -5.083
30.20, 0.9800, -5.735
30.21, 0.9790, -6.089
30.22, 0.9780, -4.684
30.23, 0.9770, -5.509
30.24, 0.9760, -4.738
30.25, 0.9750, -4.346
30.26, 0.9740, -5.450
30.27, 0.9730, -4.468
30.28, 0.9720, -3.774
30.29, 0.9710, -4.245
30.30, 0.9700, -4.912
30.31, 0.9690, -3.926
30.32, 0.9680, -4.344
30.33, 0.9670, -3.434
30.34, 0.9660, -2.650
30.35, 0.9650, -4.616
30.36, 0.9640, -4.137
30.37, 0.9630, -3.628
30.38, 0.9620, -4.650
30.39, 0.9610, -4.771
30.40, 0.9600, -4.297
30.41, 0.9590, -4.694
30.42, 0.9580, -3.688
30.43, 0.9570, -5.756
30.44, 0.9560, -5.008
30.45, 0.9550, -5.351
30.46, 0.9540, -4.749
30.47, 0.9530, -4.482
30.48, 0.9520, -4.998
30.49, 0.9510, -4.506
30.50, 0.9500, -4.545
30.51, 0.9490, -4.276
30.52, 0.9480, -4.695
30.53, 0.9470, -4.191
30.54, 0.9460, -4.986
30.55, 0.9450, -4.813
30.56, 0.9440, -6.066
30.57, 0.9430, -4.212
30.58, 0.9420, -4.158
30.59, 0.9410, -5.756
30.60, 0.9400, -5.445
30.61, 0.9390, -3.996
30.62, 0.9380, -3.701
30.63, 0.9370, -4.968
30.64, 0.9360, -4.326
30.65, 0.9350, -2.444
30.66, 0.9340, -6.856
30.67, 0.9330, -3.535
30.68, 0.9320, -4.156
30.69, 0.9310, -5.643
30.70, 0.9300, -5.319
30.71, 0.9290, -5.489
30.72, 0.9280, -4.766
30.73, 0.9270, -5.975
30.74, 0.9260, -4.510
30.75, 0.9250, -4.609
30.76, 0.9240, -4.744
30.77, 0.9230, -4.617
30.78, 0.9220, -5.014
30.79, 0.9210, -4.621
30.80, 0.9200, -3.045
30.81, 0.9190, -4.178
30.82, 0.9180, -5.002
30.83, 0.9170, -5.574
30.84, 0.9160, -2.842
30.85, 0.9150, -4.617
30.86, 0.9140, -4.434
30.87, 0.9130, -3.914
30.88, 0.9120, -4.287
30.89, 0.9110, -3.215
30.90, 0.9100, -3.805
30.91, 0.9090, -3.844
30.92, 0.9080, -4.531
30.93, 0.9070, -3.770
30.94, 0.9060, -3.911
30.95, 0.9050, -4.527
30.96, 0.9040, -5.103
30.97, 0.9030, -4.400
30.98, 0.9020, -4.699
30.99, 0.9010, -5.728
31.00, 0.9000, -5.086
31.01, 0.8990, -3.388
31.02, 0.8980, -5.363
31.03, 0.8970, -3.789
31.04, 0.8960, -4.161
31.05, 0.8950, -5.628
31.06, 0.8940, -4.479
31.07, 0.8930, -5.067
31.08, 0.8920, -4.855
31.09, 0.8910, -4.637
31.10, 0.8900, -4.690
31.11, 0.8890, -5.995
31.12, 0.8880, -5.946
31.13, 0.8870, -5.319
31.14, 0.8860, -5.744
31.15, 0.8850, -4.920
31.16, 0.8840, -5.337
31.17, 0.8830, -5.487
31.18, 0.8820, -4.244
31.19, 0.8810, -4.371
31.20, 0.8800, -3.600
31.21, 0.8790, -4.632
31.22, 0.8780, -2.843
31.23, 0.8770, -3.925
31.24, 0.8760, -3.772
31.25, 0.8750, -3.408
31.26, 0.8740, -3.216
31.27, 0.8730, -5.690
31.28, 0.8720, -3.617
31.29, 0.8710, -4.882
31.30, 0.8700, -5.444
31.31, 0.8690, -5.377
31.32, 0.8680, -5.053
31.33, 0.8670, -3.924
31.34, 0.8660, -4.546
31.35, 0.8650, -3.771
31.36, 0.8640, -4.171
31.37, 0.8630, -5.321
31.38, 0.8620, -4.412
31.39, 0.8610, -5.212
31.40, 0.8600, -4.348
31.41, 0.8590, -4.210
31.42, 0.8580, -4.381
31.43, 0.8570, -4.841
31.44, 0.8560, -5.144
31.45, 0.8550, -5.568
31.46, 0.8540, -4.551
31.47, 0.8530, -5.383
31.48, 0.8520, -3.709
31.49, 0.8510, -6.199
31.50, 0.8500, -5.516
31.51, 0.8490, -5.406
31.52, 0.8480, -4.745
31.53, 0.8470, -5.365
31.54, 0.8460, -4.298
31.55, 0.8450, -5.061
31.56, 0.8440, -4.366
31.57, 0.8430, -3.868
31.58, 0.8420, -5.612
31.59, 0.8410, -3.374
31.60, 0.8400, -3.841
31.61, 0.8390, -5.520
31.62, 0.8380, -3.527
31.63, 0.8370, -4.383
31.64, 0.8360, -4.729
31.65, 0.8350, -3.572
31.66, 0.8340, -4.432
31.67, 0.8330, -5.218
31.68, 0.8320, -4.097
31.69, 0.8310, -4.356
31.70, 0.8300, -4.536
31.71, 0.8290, -4.502
31.72, 0.8280, -3.631
31.73, 0.8270, -4.048
31.74, 0.8260, -4.056
31.75, 0.8250, -7.214
31.76, 0.8240, -5.785
31.77, 0.8230, -2.495
31.78, 0.8220, -3.833
31.79, 0.8210, -5.212
31.80, 0.8200, -3.806
31.81, 0.8190, -4.379
31.82, 0.8180, -4.831
31.83, 0.8170, -4.925
31.84, 0.8160, -5.126
31.85, 0.8150, -5.648
31.86, 0.8140, -4.139
31.87, 0.8130, -4.026
31.88, 0.8120, -5.586
31.89, 0.8110, -4.817
31.90, 0.8100, -3.757
31.91, 0.8090, -4.998
31.92, 0.8080, -5.380
31.93, 0.8070, -3.118
31.94, 0.8060, -5.609
31.95, 0.8050, -5.525
31.96, 0.8040, -4.030
31.97, 0.8030, -4.899
31.98, 0.8020, -4.785
31.99, 0.8010, -4.788
32.00, 0.8000, -5.923
32.01, 0.7990, -4.979
32.02, 0.7980, -5.472
32.03, 0.7970, -4.784
32.04, 0.7960, -5.028
32.05, 0.7950, -4.983
32.06, 0.7940, -5.037
32.07, 0.7930, -3.791
32.08, 0.7920, -5.032
32.09, 0.7910, -3.954
32.10, 0.7900, -5.360
32.11, 0.7890, -4.315
32.12, 0.7880, -4.267
32.13, 0.7870, -3.945
32.14, 0.7860, -4.147
32.15, 0.7850, -4.446
32.16, 0.7840, -3.820
32.17, 0.7830, -6.254
32.18, 0.7820, -4.820
32.19, 0.7810, -5.453
32.20, 0.7800, -4.110
32.21, 0.7790, -4.408
32.22, 0.7780, -4.480
32.23, 0.7770, -5.601
32.24, 0.7760, -4.933
32.25, 0.7750, -3.517
32.26, 0.7740, -5.327
32.27, 0.7730, -5.919
32.28, 0.7720, -3.893
32.29, 0.7710, -4.500
32.30, 0.7700, -3.506
32.31, 0.7690, -5.602
32.32, 0.7680, -5.453
32.33, 0.7670, -4.450
32.34, 0.7660, -4.213
32.35, 0.7650, -5.499
32.36, 0.7640, -5.977
32.37, 0.7630, -4.728
32.38, 0.7620, -4.708
32.39, 0.7610, -4.819
32.40, 0.7600, -5.003
32.41, 0.7590, -5.297
32.42, 0.7580, -4.327
32.43, 0.7570, -4.124
32.44, 0.7560, -5.642
32.45, 0.7550, -4.942
32.46, 0.7540, -3.516
32.47, 0.7530, -4.506
32.48, 0.7520, -6.682
32.49, 0.7510, -4.552
32.50, 0.7500, -4.027
32.51, 0.7490, -4.413
32.52, 0.7480, -5.279
32.53, 0.7470, -3.434
32.54, 0.7460, -5.634
32.55, 0.7450, -4.009
32.56, 0.7440, -5.901
32.57, 0.7430, -6.018
32.58, 0.7420, -5.068
32.59, 0.7410, -3.688
32.60, 0.7400, -5.217
32.61, 0.7390, -6.442
32.62, 0.7380, -4.678
32.63, 0.7370, -3.882
32.64, 0.7360, -4.606
32.65, 0.7350, -3.242
32.66, 0.7340, -4.772
32.67, 0.7330, -4.729
32.68, 0.7320, -5.489
32.69, 0.7310, -5.740
32.70, 0.7300, -4.655
32.71, 0.7290, -5.534
32.72, 0.7280, -4.615
32.73, 0.7270, -5.031
32.74, 0.7260, -5.210
32.75, 0.7250, -4.745
32.76, 0.7240, -6.274
32.77, 0.7230, -3.534
32.78, 0.7220, -5.480
32.79, 0.7210, -5.010
32.80, 0.7200, -4.319
32.81, 0.7190, -3.545
32.82, 0.7180, -4.761
32.83, 0.7170, -4.241
32.84, 0.7160, -3.541
32.85, 0.7150, -5.426
32.86, 0.7140, -5.044
32.87, 0.7130, -4.195
32.88, 0.7120, -4.502
32.89, 0.7110, -4.652
32.90, 0.7100, -5.104
32.91, 0.7090, -4.540
32.92, 0.7080, -6.278
32.93, 0.7070, -5.348
32.94, 0.7060, -4.771
32.95, 0.7050, -5.172
32.96, 0.7040, -6.003
32.97, 0.7030, -4.190
32.98, 0.7020, -4.561
32.99, 0.7010, -4.964
33.00, 0.7000, -4.457
33.01, 0.6990, -4.595
33.02, 0.6980, -4.366
33.03, 0.6970, -3.904
33.04, 0.6960, -5.391
33.05, 0.6950, -3.774
33.06, 0.6940, -4.316
33.07, 0.6930, -5.698
33.08, 0.6920, -3.992
33.09, 0.6910, -5.430
33.10, 0.6900, -5.202
33.11, 0.6890, -5.052
33.12, 0.6880, -3.875
33.13, 0.6870, -4.683
33.14, 0.6860, -5.188
33.15, 0.6850, -4.060
33.16, 0.6840, -4.976
33.17, 0.6830, -4.375
33.18, 0.6820, -4.058
33.19, 0.6810, -4.608
33.20, 0.6800, -5.004
33.21, 0.6790, -5.132
33.22, 0.6780, -4.749
33.23, 0.6770, -4.649
33.24, 0.6760, -5.114
33.25, 0.6750, -3.929
33.26, 0.6740, -5.176
33.27, 0.6730, -5.787
33.28, 0.6720, -7.016
33.29, 0.6710, -5.074
33.30, 0.6700, -5.168
33.31, 0.6690, -4.708
33.32, 0.6680, -4.078
33.33, 0.6670, -4.961
33.34, 0.6660, -4.926
33.35, 0.6650, -6.136
33.36, 0.6640, -5.435
33.37, 0.6630, -5.368
33.38, 0.6620, -3.839
33.39, 0.6610, -4.912
33.40, 0.6600, -3.730
33.41, 0.6590, -5.960
33.42, 0.6580, -3.556
33.43, 0.6570, -5.529
33.44, 0.6560, -4.481
33.45, 0.6550, -5.268
33.46, 0.6540, -5.147
33.47, 0.6530, -4.203
33.48, 0.6520, -6.062
33.49, 0.6510, -5.838
33.50, 0.6500, -6.048
33.51, 0.6490, -4.908
33.52, 0.6480, -5.003
33.53, 0.6470, -4.780
33.54, 0.6460, -7.248
33.55, 0.6450, -4.378
33.56, 0.6440, -4.591
33.57, 0.6430, -4.777
33.58, 0.6420, -4.850
33.59, 0.6410, -3.784
33.60, 0.6400, -4.772
33.61, 0.6390, -5.536
33.62, 0.6380, -4.957
33.63, 0.6370, -4.873
33.64, 0.6360, -5.414
33.65, 0.6350, -4.855
33.66, 0.6340, -5.522
33.67, 0.6330, -5.744
33.68, 0.6320, -4.643
33.69, 0.6310, -4.965
33.70, 0.6300, -2.981
33.71, 0.6290, -5.496
33.72, 0.6280, -5.487
33.73, 0.6270, -4.306
33.74, 0.6260, -4.145
33.75, 0.6250, -5.608
33.76, 0.6240, -6.021
33.77, 0.6230, -5.031
33.78, 0.6220, -4.248
33.79, 0.6210, -4.376
33.80, 0.6200, -5.642
33.81, 0.6190, -5.228
33.82, 0.6180, -5.444
33.83, 0.6170, -5.318
33.84, 0.6160, -4.418
33.85, 0.6150, -6.264
33.86, 0.6140, -4.925
33.87, 0.6130, -4.495
33.88, 0.6120, -5.294
33.89, 0.6110, -5.430
33.90, 0.6100, -5.996
33.91, 0.6090, -5.098
33.92, 0.6080, -4.993
33.93, 0.6070, -5.474
33.94, 0.6060, -5.750
33.95, 0.6050, -5.780
33.96, 0.6040, -5.157
33.97, 0.6030, -6.637
33.98, 0.6020, -3.413
33.99, 0.6010, -5.197
34.00, 0.6000, -5.700
34.01, 0.5990, -5.087
34.02, 0.5980, -5.445
34.03, 0.5970, -3.541
34.04, 0.5960, -5.101
34.05, 0.5950, -4.606
34.06, 0.5940, -6.228
34.07, 0.5930, -5.842
34.08, 0.5920, -5.211
34.09, 0.5910, -5.856
34.10, 0.5900, -7.103
34.11, 0.5890, -5.169
34.12, 0.5880, -5.397
34.13, 0.5870, -4.224
34.14, 0.5860, -5.378
34.15, 0.5850, -4.346
34.16, 0.5840, -5.988
34.17, 0.5830, -5.655
34.18, 0.5820, -5.178
34.19, 0.5810, -3.659
34.20, 0.5800, -5.346
34.21, 0.5790, -5.772
34.22, 0.5780, -5.498
34.23, 0.5770, -5.414
34.24, 0.5760, -6.256
34.25, 0.5750, -5.259
34.26, 0.5740, -3.655
34.27, 0.5730, -3.586
34.28, 0.5720, -4.029
34.29, 0.5710, -4.188
34.30, 0.5700, -5.276
34.31, 0.5690, -4.864
34.32, 0.5680, -3.934
34.33, 0.5670, -6.334
34.34, 0.5660, -7.059
34.35, 0.5650, -4.320
34.36, 0.5640, -5.261
34.37, 0.5630, -3.742
34.38, 0.5620, -3.919
34.39, 0.5610, -5.061
34.40, 0.5600, -4.969
34.41, 0.5590, -4.011
34.42, 0.5580, -5.249
34.43, 0.5570, -5.504
34.44, 0.5560, -4.354
34.45, 0.5550, -4.422
34.46, 0.5540, -5.743
34.47, 0.5530, -6.062
34.48, 0.5520, -5.264
34.49, 0.5510, -5.082
34.50, 0.5500, -3.478
34.51, 0.5490, -4.431
34.52, 0.5480, -4.389
34.53, 0.5470, -4.387
34.54, 0.5460, -5.943
34.55, 0.5450, -4.256
34.56, 0.5440, -4.831
34.57, 0.5430, -5.141
34.58, 0.5420, -4.031
34.59, 0.5410, -5.135
34.60, 0.5400, -4.851
34.61, 0.5390, -5.554
34.62, 0.5380, -4.614
34.63, 0.5370, -4.730
34.64, 0.5360, -4.682
34.65, 0.5350, -4.206
34.66, 0.5340, -6.209
34.67, 0.5330, -6.037
34.68, 0.5320, -5.107
34.69, 0.5310, -5.141
34.70, 0.5300, -6.059
34.71, 0.5290, -4.686
34.72, 0.5280, -4.388
34.73, 0.5270, -4.597
34.74, 0.5260, -3.112
34.75, 0.5250, -5.995
34.76, 0.5240, -3.483
34.77, 0.5230, -4.675
34.78, 0.5220, -5.554
34.79, 0.5210, -5.755
34.80, 0.5200, -5.266
34.81, 0.5190, -6.549
34.82, 0.5180, -5.264
34.83, 0.5170, -5.265
34.84, 0.5160, -4.757
34.85, 0.5150, -7.312
34.86, 0.5140, -4.769
34.87, 0.5130, -4.954
34.88, 0.5120, -5.858
34.89, 0.5110, -4.685
34.90, 0.5100, -4.153
34.91, 0.5090, -4.474
34.92, 0.5080, -4.293
34.93, 0.5070, -3.510
34.94, 0.5060, -6.076
34.95, 0.5050, -4.598
34.96, 0.5040, -3.442
34.97, 0.5030, -5.423
34.98, 0.5020, -3.605
34.99, 0.5010, -6.031
35.00, 0.5000, -6.361
35.01, 0.4990, -4.781
35.02, 0.4980, -4.737
35.03, 0.4970, -3.988
35.04, 0.4960, -4.563
35.05, 0.4950, -4.525
35.06, 0.4940, -3.991
35.07, 0.4930, -7.120
35.08, 0.4920, -4.587
35.09, 0.4910, -4.456
35.10, 0.4900, -6.116
35.11, 0.4890, -4.546
35.12, 0.4880, -4.328
35.13, 0.4870, -6.140
35.14, 0.4860, -5.421
35.15, 0.4850, -6.067
35.16, 0.4840, -5.560
35.17, 0.4830, -4.968
35.18, 0.4820, -4.679
35.19, 0.4810, -6.145
35.20, 0.4800, -3.508
35.21, 0.4790, -4.227
35.22, 0.4780, -4.798
35.23, 0.4770, -5.294
35.24, 0.4760, -4.572
35.25, 0.4750, -6.157
35.26, 0.4740, -4.581
35.27, 0.4730, -4.782
35.28, 0.4720, -5.578
35.29, 0.4710, -5.310
35.30, 0.4700, -5.365
35.31, 0.4690, -6.023
35.32, 0.4680, -5.051
35.33, 0.4670, -5.342
35.34, 0.4660, -4.459
35.35, 0.4650, -5.177
35.36, 0.4640, -3.610
35.37, 0.4630, -5.606
35.38, 0.4620, -4.325
35.39, 0.4610, -5.955
35.40, 0.4600, -4.935
35.41, 0.4590, -4.191
35.42, 0.4580, -5.218
35.43, 0.4570, -5.637
35.44, 0.4560, -4.792
35.45, 0.4550, -4.454
35.46, 0.4540, -4.044
35.47, 0.4530, -5.294
35.48, 0.4520, -3.090
35.49, 0.4510, -5.757
35.50, 0.4500, -6.896
35.51, 0.4490, -5.774
35.52, 0.4480, -4.943
35.53, 0.4470, -4.776
35.54, 0.4460, -4.920
35.55, 0.4450, -6.407
35.56, 0.4440, -6.315
35.57, 0.4430, -4.059
35.58, 0.4420, -3.888
35.59, 0.4410, -5.173
35.60, 0.4400, -5.365
35.61, 0.4390, -4.058
35.62, 0.4380, -6.045
35.63, 0.4370, -5.989
35.64, 0.4360, -3.088
35.65, 0.4350, -5.600
35.66, 0.4340, -7.340
35.67, 0.4330, -3.879
35.68, 0.4320, -5.256
35.69, 0.4310, -4.634
35.70, 0.4300, -4.958
35.71, 0.4290, -3.833
35.72, 0.4280, -4.692
35.73, 0.4270, -6.255
35.74, 0.4260, -3.660
35.75, 0.4250, -4.867
35.76, 0.4240, -5.527
35.77, 0.4230, -5.043
35.78, 0.4220, -3.594
35.79, 0.4210, -4.550
35.80, 0.4200, -4.743
35.81, 0.4190, -3.973
35.82, 0.4180, -4.220
35.83, 0.4170, -6.416
35.84, 0.4160, -4.466
35.85, 0.4150, -4.214
35.86, 0.4140, -5.611
35.87, 0.4130, -4.867
35.88, 0.4120, -5.298
35.89, 0.4110, -5.165
35.90, 0.4100, -3.763
35.91, 0.4090, -4.710
35.92, 0.4080, -5.707
35.93, 0.4070, -4.155
35.94, 0.4060, -4.956
35.95, 0.4050, -5.206
35.96, 0.4040, -5.064
35.97, 0.4030, -5.544
35.98, 0.4020, -5.730
35.99, 0.4010, -4.374
36.00, 0.4000, -5.310
36.01, 0.3990, -5.823
36.02, 0.3980, -4.615
36.03, 0.3970, -5.968
36.04, 0.3960, -5.812
36.05, 0.3950, -6.965
36.06, 0.3940, -4.659
36.07, 0.3930, -5.052
36.08, 0.3920, -5.082
36.09, 0.3910, -7.148
36.10, 0.3900, -4.164
36.11, 0.3890, -4.531
36.12, 0.3880, -6.131
36.13, 0.3870, -5.557
36.14, 0.3860, -4.581
36.15, 0.3850, -5.198
36.16, 0.3840, -5.205
36.17, 0.3830, -3.625
36.18, 0.3820, -6.009
36.19, 0.3810, -5.714
36.20, 0.3800, -3.262
36.21, 0.3790, -5.926
36.22, 0.3780, -4.824
36.23, 0.3770, -4.951
36.24, 0.3760, -4.909
36.25, 0.3750, -5.654
36.26, 0.3740, -4.884
36.27, 0.3730, -5.649
36.28, 0.3720, -5.552
36.29, 0.3710, -4.669
36.30, 0.3700, -4.821
36.31, 0.3690, -6.042
36.32, 0.3680, -4.773
36.33, 0.3670, -3.794
36.34, 0.3660, -5.037
36.35, 0.3650, -4.722
36.36, 0.3640, -4.715
36.37, 0.3630, -5.797
36.38, 0.3620, -4.842
36.39, 0.3610, -5.586
36.40, 0.3600, -5.005
36.41, 0.3590, -4.868
36.42, 0.3580, -5.789
36.43, 0.3570, -4.690
36.44, 0.3560, -4.753
36.45, 0.3550, -5.692
36.46, 0.3540, -5.904
36.47, 0.3530, -6.530
36.48, 0.3520, -5.186
36.49, 0.3510, -5.680
36.50, 0.3500, -5.947
36.51, 0.3490, -5.082
36.52, 0.3480, -4.918
36.53, 0.3470, -5.488
36.54, 0.3460, -5.082
36.55, 0.3450, -5.180
36.56, 0.3440, -4.423
36.57, 0.3430, -4.910
36.58, 0.3420, -5.162
36.59, 0.3410, -4.087
36.60, 0.3400, -4.903
36.61, 0.3390, -5.193
36.62, 0.3380, -5.070
36.63, 0.3370, -5.113
36.64, 0.3360, -5.363
36.65, 0.3350, -5.454
36.66, 0.3340, -4.957
36.67, 0.3330, -5.313
36.68, 0.3320, -5.126
36.69, 0.3310, -3.749
36.70, 0.3300, -5.342
36.71, 0.3290, -4.548
36.72, 0.3280, -4.965
36.73, 0.3270, -4.766
36.74, 0.3260, -4.715
36.75, 0.3250, -5.096
36.76, 0.3240, -5.553
36.77, 0.3230, -4.892
36.78, 0.3220, -4.366
36.79, 0.3210, -6.296
36.80, 0.3200, -5.918
36.81, 0.3190, -6.472
36.82, 0.3180, -5.618
36.83, 0.3170, -7.226
36.84, 0.3160, -3.976
36.85, 0.3150, -5.105
36.86, 0.3140, -4.850
36.87, 0.3130, -5.682
36.88, 0.3120, -5.927
36.89, 0.3110, -3.836
36.90, 0.3100, -6.817
36.91, 0.3090, -5.517
36.92, 0.3080, -5.457
36.93, 0.3070, -7.247
36.94, 0.3060, -5.273
36.95, 0.3050, -5.277
36.96, 0.3040, -5.046
36.97, 0.3030, -5.523
36.98, 0.3020, -5.185
36.99, 0.3010, -5.722
37.00, 0.3000, -6.279
37.01, 0.2990, -5.708
37.02, 0.2980, -4.046
37.03, 0.2970, -5.125
37.04, 0.2960, -4.412
37.05, 0.2950, -4.037
37.06, 0.2940, -4.317
37.07, 0.2930, -4.909
37.08, 0.2920, -5.410
37.09, 0.2910, -5.237
37.10, 0.2900, -4.236
37.11, 0.2890, -4.404
37.12, 0.2880, -5.732
37.13, 0.2870, -4.994
37.14, 0.2860, -5.300
37.15, 0.2850, -5.610
37.16, 0.2840, -5.599
37.17, 0.2830, -4.427
37.18, 0.2820, -5.183
37.19, 0.2810, -5.116
37.20, 0.2800, -4.585
37.21, 0.2790, -5.433
37.22, 0.2780, -4.384
37.23, 0.2770, -5.779
37.24, 0.2760, -5.472
37.25, 0.2750, -4.126
37.26, 0.2740, -5.185
37.27, 0.2730, -3.999
37.28, 0.2720, -6.090
37.29, 0.2710, -4.987
37.30, 0.2700, -6.078
37.31, 0.2690, -5.835
37.32, 0.2680, -4.788
37.33, 0.2670, -4.836
37.34, 0.2660, -5.076
37.35, 0.2650, -5.521
37.36, 0.2640, -5.172
37.37, 0.2630, -7.063
37.38, 0.2620, -5.908
37.39, 0.2610, -4.865
37.40, 0.2600, -5.487
37.41, 0.2590, -6.180
37.42, 0.2580, -4.512
37.43, 0.2570, -4.773
37.44, 0.2560, -5.688
37.45, 0.2550, -5.628
37.46, 0.2540, -4.460
37.47, 0.2530, -4.210
37.48, 0.2520, -5.495
37.49, 0.2510, -4.614
37.50, 0.2500, -5.351
37.51, 0.2490, -5.095
37.52, 0.2480, -6.072
37.53, 0.2470, -6.163
37.54, 0.2460, -5.509
37.55, 0.2450, -5.073
37.56, 0.2440, -5.628
37.57, 0.2430, -6.411
37.58, 0.2420, -5.034
37.59, 0.2410, -4.532
37.60, 0.2400, -5.298
37.61, 0.2390, -5.675
37.62, 0.2380, -4.681
37.63, 0.2370, -4.941
37.64, 0.2360, -5.785
37.65, 0.2350, -3.813
37.66, 0.2340, -4.605
37.67, 0.2330, -4.729
37.68, 0.2320, -4.367
37.69, 0.2310, -6.169
37.70, 0.2300, -6.723
37.71, 0.2290, -5.062
37.72, 0.2280, -5.939
37.73, 0.2270, -5.581
37.74, 0.2260, -4.452
37.75, 0.2250, -6.940
37.76, 0.2240, -5.488
37.77, 0.2230, -5.008
37.78, 0.2220, -6.745
37.79, 0.2210, -5.482
37.80, 0.2200, -4.744
37.81, 0.2190, -4.733
37.82, 0.2180, -5.522
37.83, 0.2170, -5.008
37.84, 0.2160, -5.150
37.85, 0.2150, -6.081
37.86, 0.2140, -4.929
37.87, 0.2130, -4.854
37.88, 0.2120, -5.808
37.89, 0.2110, -7.383
37.90, 0.2100, -5.772
37.91, 0.2090, -5.607
37.92, 0.2080, -6.017
37.93, 0.2070, -5.430
37.94, 0.2060, -4.692
37.95, 0.2050, -5.108
37.96, 0.2040, -5.366
37.97, 0.2030, -5.030
37.98, 0.2020, -6.257
37.99, 0.2010, -5.522
38.00, 0.2000, -5.121
38.01, 0.1990, -5.537
38.02, 0.1980, -5.652
38.03, 0.1970, -6.066
38.04, 0.1960, -5.400
38.05, 0.1950, -5.791
38.06, 0.1940, -5.131
38.07, 0.1930, -4.706
38.08, 0.1920, -5.490
38.09, 0.1910, -4.807
38.10, 0.1900, -4.768
38.11, 0.1890, -5.396
38.12, 0.1880, -4.876
38.13, 0.1870, -5.253
38.14, 0.1860, -5.593
38.15, 0.1850, -4.503
38.16, 0.1840, -5.915
38.17, 0.1830, -7.027
38.18, 0.1820, -6.377
38.19, 0.1810, -5.917
38.20, 0.1800, -6.740
38.21, 0.1790, -5.715
38.22, 0.1780, -5.481
38.23, 0.1770, -5.263
38.24, 0.1760, -6.263
38.25, 0.1750, -4.995
38.26, 0.1740, -5.450
38.27, 0.1730, -5.751
38.28, 0.1720, -5.855
38.29, 0.1710, -5.562
38.30, 0.1700, -4.610
38.31, 0.1690, -6.530
38.32, 0.1680, -5.676
38.33, 0.1670, -5.357
38.34, 0.1660, -5.293
38.35, 0.1650, -5.164
38.36, 0.1640, -4.586
38.37, 0.1630, -4.759
38.38, 0.1620, -5.163
38.39, 0.1610, -6.437
38.40, 0.1600, -6.063
38.41, 0.1590, -4.461
38.42, 0.1580, -5.180
38.43, 0.1570, -6.237
38.44, 0.1560, -5.051
38.45, 0.1550, -6.019
38.46, 0.1540, -5.949
38.47, 0.1530, -4.371
38.48, 0.1520, -3.177
38.49, 0.1510, -5.100
38.50, 0.1500, -6.020
38.51, 0.1490, -4.595
38.52, 0.1480, -6.345
38.53, 0.1470, -5.202
38.54, 0.1460, -5.159
38.55, 0.1450, -4.889
38.56, 0.1440, -5.844
38.57, 0.1430, -5.177
38.58, 0.1420, -6.393
38.59, 0.1410, -6.099
38.60, 0.1400, -5.924
38.61, 0.1390, -5.534
38.62, 0.1380, -6.180
38.63, 0.1370, -6.531
38.64, 0.1360, -5.454
38.65, 0.1350, -5.402
38.66, 0.1340, -7.308
38.67, 0.1330, -5.311
38.68, 0.1320, -4.418
38.69, 0.1310, -5.729
38.70, 0.1300, -4.910
38.71, 0.1290, -5.666
38.72, 0.1280, -6.606
38.73, 0.1270, -6.019
38.74, 0.1260, -5.094
38.75, 0.1250, -4.159
38.76, 0.1240, -5.372
38.77, 0.1230, -5.164
38.78, 0.1220, -5.745
38.79, 0.1210, -4.080
38.80, 0.1200, -6.087
38.81, 0.1190, -5.491
38.82, 0.1180, -5.073
38.83, 0.1170, -5.864
38.84, 0.1160, -6.134
38.85, 0.1150, -5.925
38.86, 0.1140, -6.254
38.87, 0.1130, -5.509
38.88, 0.1120, -4.903
38.89, 0.1110, -6.801
38.90, 0.1100, -4.990
38.91, 0.1090, -5.975
38.92, 0.1080, -4.706
38.93, 0.1070, -5.755
38.94, 0.1060, -4.841
38.95, 0.1050, -6.023
38.96, 0.1040, -5.875
38.97, 0.1030, -4.502
38.98, 0.1020, -6.297
38.99, 0.1010, -5.546
39.00, 0.1000, -5.461
39.01, 0.09900, -5.757
39.02, 0.09800, -5.020
39.03, 0.09700, -5.986
39.04, 0.09600, -5.835
39.05, 0.09500, -6.809
39.06, 0.09400, -5.239
39.07, 0.09300, -4.687
39.08, 0.09200, -5.132
39.09, 0.09100, -5.963
39.10, 0.09000, -5.665
39.11, 0.08900, -5.953
39.12, 0.08800, -5.919
39.13, 0.08700, -6.177
39.14, 0.08600, -5.360
39.15, 0.08500, -6.106
39.16, 0.08400, -4.731
39.17, 0.08300, -5.088
39.18, 0.08200, -5.251
39.19, 0.08100, -5.023
39.20, 0.08000, -4.254
39.21, 0.07900, -5.595
39.22, 0.07800, -5.044
39.23, 0.07700, -5.584
39.24, 0.07600, -5.716
39.25, 0.07500, -5.438
39.26, 0.07400, -4.991
39.27, 0.07300, -6.333
39.28, 0.07200, -6.191
39.29, 0.07100, -6.267
39.30, 0.07000, -6.951
39.31, 0.06900, -6.514
39.32, 0.06800, -5.063
39.33, 0.06700, -5.378
39.34, 0.06600, -5.428
39.35, 0.06500, -5.196
39.36, 0.06400, -4.395
39.37, 0.06300, -6.459
39.38, 0.06200, -6.763
39.39, 0.06100, -5.214
39.40, 0.06000, -5.998
39.41, 0.05900, -5.861
39.42, 0.05800, -6.044
39.43, 0.05700, -5.313
39.44, 0.05600, -6.208
39.45, 0.05500, -4.847
39.46, 0.05400, -5.257
39.47, 0.05300, -6.325
39.48, 0.05200, -5.823
39.49, 0.05100, -4.209
39.50, 0.05000, -6.363
39.51, 0.04900, -5.728
39.52, 0.04800, -5.651
39.53, 0.04700, -3.818
39.54, 0.04600, -5.923
39.55, 0.04500, -5.402
39.56, 0.04400, -6.253
39.57, 0.04300, -5.913
39.58, 0.04200, -4.837
39.59, 0.04100, -4.918
39.60, 0.04000, -4.848
39.61, 0.03900, -5.371
39.62, 0.03800, -4.815
39.63, 0.03700, -5.360
39.64, 0.03600, -6.471
39.65, 0.03500, -5.974
39.66, 0.03400, -5.818
39.67, 0.03300, -5.629
39.68, 0.03200, -6.468
39.69, 0.03100, -4.980
39.70, 0.03000, -5.239
39.71, 0.02900, -5.286
39.72, 0.02800, -5.497
39.73, 0.02700, -4.835
39.74, 0.02600, -4.607
39.75, 0.02500, -5.198
39.76, 0.02400, -4.202
39.77, 0.02300, -5.947
39.78, 0.02200, -5.208
39.79, 0.02100, -5.023
39.80, 0.02000, -4.218
39.81, 0.01900, -6.208
39.82, 0.01800, -6.454
39.83, 0.01700, -5.909
39.84, 0.01600, -4.934
39.85, 0.01500, -6.301
39.86, 0.01400, -6.440
39.87, 0.01300, -4.758
39.88, 0.01200, -6.636
39.89, 0.01100, -5.137
39.90, 0.01000, -6.152
39.91, 0.009000, -5.487
39.92, 0.008000, -5.216
39.93, 0.007000, -5.080
39.94, 0.006000, -5.570
39.95, 0.005000, -5.007
39.96, 0.004000, -5.326
39.97, 0.003000, -4.683
39.98, 0.002000, -7.341
39.99, 0.001000, -4.540
40.00, 0.000, -5.885
