0.01000, 0.001000, -0.6836
0.02000, 0.002000, -4.357
0.03000, 0.003000, -2.479
0.04000, 0.004000, -3.717
0.05000, 0.005000, -3.269
0.06000, 0.006000, -5.015
0.07000, 0.007000, -3.360
0.08000, 0.008000, -4.014
0.09000, 0.009000, -5.229
0.1000, 0.01000, -4.455
0.1100, 0.01100, -4.463
0.1200, 0.01200, -3.585
0.1300, 0.01300, -3.993
0.1400, 0.01400, -4.409
0.1500, 0.01500, -3.401
0.1600, 0.01600, -4.106
0.1700, 0.01700, -3.976
0.1800, 0.01800, -4.818
0.1900, 0.01900, -4.420
0.2000, 0.02000, -5.624
0.2100, 0.02100, -4.417
0.2200, 0.02200, -5.043
0.2300, 0.02300, -4.853
0.2400, 0.02400, -4.441
0.2500, 0.02500, -5.985
0.2600, 0.02600, -4.971
0.2700, 0.02700, -4.059
0.2800, 0.02800, -4.155
0.2900, 0.02900, -3.363
0.3000, 0.03000, -3.526
0.3100, 0.03100, -4.621
0.3200, 0.03200, -3.959
0.3300, 0.03300, -4.163
0.3400, 0.03400, -3.589
0.3500, 0.03500, -3.567
0.3600, 0.03600, -4.574
0.3700, 0.03700, -4.535
0.3800, 0.03800, -2.922
0.3900, 0.03900, -4.569
0.4000, 0.04000, -3.690
0.4100, 0.04100, -4.766
0.4200, 0.04200, -4.392
0.4300, 0.04300, -4.393
0.4400, 0.04400, -4.420
0.4500, 0.04500, -5.005
0.4600, 0.04600, -3.647
0.4700, 0.04700, -4.888
0.4800, 0.04800, -4.699
0.4900, 0.04900, -3.739
0.5000, 0.05000, -4.948
0.5100, 0.05100, -3.608
0.5200, 0.05200, -4.360
0.5300, 0.05300, -4.663
0.5400, 0.05400, -4.884
0.5500, 0.05500, -3.099
0.5600, 0.05600, -4.938
0.5700, 0.05700, -5.071
0.5800, 0.05800, -5.183
0.5900, 0.05900, -5.205
0.6000, 0.06000, -3.808
0.6100, 0.06100, -3.649
0.6200, 0.06200, -3.613
0.6300, 0.06300, -5.560
0.6400, 0.06400, -4.333
0.6500, 0.06500, -4.320
0.6600, 0.06600, -4.066
0.6700, 0.06700, -4.066
0.6800, 0.06800, -4.698
0.6900, 0.06900, -4.688
0.7000, 0.07000, -3.361
0.7100, 0.07100, -5.037
0.7200, 0.07200, -4.432
0.7300, 0.07300, -5.708
0.7400, 0.07400, -3.363
0.7500, 0.07500, -3.870
0.7600, 0.07600, -3.753
0.7700, 0.07700, -5.016
0.7800, 0.07800, -4.435
0.7900, 0.07900, -5.287
0.8000, 0.08000, -4.361
0.8100, 0.08100, -4.713
0.8200, 0.08200, -6.041
0.8300, 0.08300, -4.332
0.8400, 0.08400, -4.213
0.8500, 0.08500, -2.574
0.8600, 0.08600, -5.102
0.8700, 0.08700, -3.514
0.8800, 0.08800, -4.465
0.8900, 0.08900, -4.030
0.9000, 0.09000, -3.679
0.9100, 0.09100, -5.941
0.9200, 0.09200, -3.618
0.9300, 0.09300, -3.219
0.9400, 0.09400, -4.337
0.9500, 0.09500, -2.612
0.9600, 0.09600, -5.022
0.9700, 0.09700, -3.554
0.9800, 0.09800, -5.114
0.9900, 0.09900, -3.401
1.000, 0.1000, -4.369
1.010, 0.1010, -3.353
1.020, 0.1020, -4.629
1.030, 0.1030, -5.530
1.040, 0.1040, -4.784
1.050, 0.1050, -3.331
1.060, 0.1060, -4.665
1.070, 0.1070, -5.143
1.080, 0.1080, -4.322
1.090, 0.1090, -5.440
1.100, 0.1100, -3.274
1.110, 0.1110, -3.883
1.120, 0.1120, -4.224
1.130, 0.1130, -2.962
1.140, 0.1140, -2.795
1.150, 0.1150, -3.864
1.160, 0.1160, -3.996
1.170, 0.1170, -4.868
1.180, 0.1180, -3.580
1.190, 0.1190, -4.196
1.200, 0.1200, -3.433
1.210, 0.1210, -4.446
1.220, 0.1220, -3.351
1.230, 0.1230, -4.223
1.240, 0.1240, -3.506
1.250, 0.1250, -4.450
1.260, 0.1260, -4.048
1.270, 0.1270, -3.591
1.280, 0.1280, -5.269
1.290, 0.1290, -4.230
1.300, 0.1300, -3.796
1.310, 0.1310, -3.129
1.320, 0.1320, -3.797
1.330, 0.1330, -4.256
1.340, 0.1340, -2.928
1.350, 0.1350, -5.232
1.360, 0.1360, -4.318
1.370, 0.1370, -3.564
1.380, 0.1380, -4.001
1.390, 0.1390, -4.286
1.400, 0.1400, -5.160
1.410, 0.1410, -3.070
1.420, 0.1420, -3.050
1.430, 0.1430, -4.433
1.440, 0.1440, -4.250
1.450, 0.1450, -3.445
1.460, 0.1460, -4.047
1.470, 0.1470, -2.570
1.480, 0.1480, -3.858
1.490, 0.1490, -3.983
1.500, 0.1500, -2.424
1.510, 0.1510, -3.924
1.520, 0.1520, -3.733
1.530, 0.1530, -2.304
1.540, 0.1540, -3.105
1.550, 0.1550, -2.491
1.560, 0.1560, -3.299
1.570, 0.1570, -2.921
1.580, 0.1580, -1.199
1.590, 0.1590, -2.573
1.600, 0.1600, -3.089
1.610, 0.1610, -1.210
1.620, 0.1620, -0.7824
1.630, 0.1630, -2.961
1.640, 0.1640, -2.734
1.650, 0.1650, -2.439
1.660, 0.1660, -1.687
1.670, 0.1670, -3.338
1.680, 0.1680, -1.977
1.690, 0.1690, -1.665
1.700, 0.1700, -1.249
1.710, 0.1710, -2.692
1.720, 0.1720, -1.704
1.730, 0.1730, -3.396
1.740, 0.1740, -2.794
1.750, 0.1750, -0.3042
1.760, 0.1760, -1.790
1.770, 0.1770, 0.1821
1.780, 0.1780, -2.835
1.790, 0.1790, -2.016
1.800, 0.1800, -1.788
1.810, 0.1810, -1.669
1.820, 0.1820, -0.3976
1.830, 0.1830, -1.426
1.840, 0.1840, -1.107
1.850, 0.1850, -2.065
1.860, 0.1860, -1.490
1.870, 0.1870, 1.180
1.880, 0.1880, -1.498
1.890, 0.1890, -0.7739
1.900, 0.1900, -1.659
1.910, 0.1910, -1.292
1.920, 0.1920, 0.7244
1.930, 0.1930, -1.090
1.940, 0.1940, -0.7199
1.950, 0.1950, -1.267
1.960, 0.1960, -0.04217
1.970, 0.1970, -0.9591
1.980, 0.1980, -0.4693
1.990, 0.1990, -0.9586
2.000, 0.2000, 0.4675
2.010, 0.2010, -0.4866
2.020, 0.2020, 0.7376
2.030, 0.2030, -0.2696
2.040, 0.2040, -0.5251
2.050, 0.2050, -0.4414
2.060, 0.2060, 0.7388
2.070, 0.2070, -0.2578
2.080, 0.2080, 1.147
2.090, 0.2090, 0.1987
2.100, 0.2100, 0.4090
2.110, 0.2110, 0.7662
2.120, 0.2120, 0.6340
2.130, 0.2130, -1.653
2.140, 0.2140, -0.6041
2.150, 0.2150, 1.445
2.160, 0.2160, -0.3220
2.170, 0.2170, -0.2203
2.180, 0.2180, 0.01256
2.190, 0.2190, -0.7736
2.200, 0.2200, -1.116
2.210, 0.2210, -1.171
2.220, 0.2220, 1.492
2.230, 0.2230, -0.4656
2.240, 0.2240, 0.2786
2.250, 0.2250, -0.8836
2.260, 0.2260, -0.3546
2.270, 0.2270, -0.3923
2.280, 0.2280, -0.9855
2.290, 0.2290, -1.189
2.300, 0.2300, 0.2559
2.310, 0.2310, -0.05121
2.320, 0.2320, -0.5206
2.330, 0.2330, 0.3913
2.340, 0.2340, -0.3938
2.350, 0.2350, -0.9472
2.360, 0.2360, -0.7567
2.370, 0.2370, -0.3478
2.380, 0.2380, -0.4483
2.390, 0.2390, -0.7738
2.400, 0.2400, -1.600
2.410, 0.2410, -0.4858
2.420, 0.2420, -1.568
2.430, 0.2430, -1.577
2.440, 0.2440, -0.4439
2.450, 0.2450, -1.508
2.460, 0.2460, -3.981
2.470, 0.2470, -2.456
2.480, 0.2480, -2.593
2.490, 0.2490, -1.360
2.500, 0.2500, -1.957
2.510, 0.2510, -1.882
2.520, 0.2520, -2.370
2.530, 0.2530, -2.172
2.540, 0.2540, -3.574
2.550, 0.2550, -2.793
2.560, 0.2560, -3.197
2.570, 0.2570, -2.303
2.580, 0.2580, -2.945
2.590, 0.2590, -3.331
2.600, 0.2600, -2.331
2.610, 0.2610, -4.119
2.620, 0.2620, -3.945
2.630, 0.2630, -3.776
2.640, 0.2640, -3.615
2.650, 0.2650, -2.567
2.660, 0.2660, -4.495
2.670, 0.2670, -3.599
2.680, 0.2680, -5.232
2.690, 0.2690, -4.820
2.700, 0.2700, -4.406
2.710, 0.2710, -3.909
2.720, 0.2720, -4.233
2.730, 0.2730, -4.638
2.740, 0.2740, -4.065
2.750, 0.2750, -3.799
2.760, 0.2760, -3.288
2.770, 0.2770, -3.381
2.780, 0.2780, -5.233
2.790, 0.2790, -4.433
2.800, 0.2800, -3.966
2.810, 0.2810, -4.835
2.820, 0.2820, -4.469
2.830, 0.2830, -4.625
2.840, 0.2840, -3.261
2.850, 0.2850, -4.908
2.860, 0.2860, -3.274
2.870, 0.2870, -4.344
2.880, 0.2880, -5.369
2.890, 0.2890, -4.248
2.900, 0.2900, -4.499
2.910, 0.2910, -4.393
2.920, 0.2920, -3.381
2.930, 0.2930, -3.745
2.940, 0.2940, -5.331
2.950, 0.2950, -4.322
2.960, 0.2960, -2.384
2.970, 0.2970, -4.702
2.980, 0.2980, -4.135
2.990, 0.2990, -4.185
3.000, 0.3000, -3.122
3.010, 0.3010, -5.339
3.020, 0.3020, -3.928
3.030, 0.3030, -4.091
3.040, 0.3040, -4.163
3.050, 0.3050, -2.692
3.060, 0.3060, -4.554
3.070, 0.3070, -1.155
3.080, 0.3080, -4.300
3.090, 0.3090, -4.807
3.100, 0.3100, -4.641
3.110, 0.3110, -4.035
3.120, 0.3120, -4.147
3.130, 0.3130, -3.895
3.140, 0.3140, -2.682
3.150, 0.3150, -4.643
3.160, 0.3160, -4.074
3.170, 0.3170, -5.492
3.180, 0.3180, -5.212
3.190, 0.3190, -3.471
3.200, 0.3200, -4.411
3.210, 0.3210, -3.540
3.220, 0.3220, -5.488
3.230, 0.3230, -4.252
3.240, 0.3240, -4.400
3.250, 0.3250, -3.733
3.260, 0.3260, -4.875
3.270, 0.3270, -5.044
3.280, 0.3280, -4.363
3.290, 0.3290, -5.252
3.300, 0.3300, -3.508
3.310, 0.3310, -4.716
3.320, 0.3320, -4.384
3.330, 0.3330, -4.804
3.340, 0.3340, -3.957
3.350, 0.3350, -2.539
3.360, 0.3360, -3.874
3.370, 0.3370, -4.292
3.380, 0.3380, -5.035
3.390, 0.3390, -4.351
3.400, 0.3400, -4.176
3.410, 0.3410, -5.314
3.420, 0.3420, -5.044
3.430, 0.3430, -4.835
3.440, 0.3440, -3.929
3.450, 0.3450, -4.282
3.460, 0.3460, -3.634
3.470, 0.3470, -4.869
3.480, 0.3480, -4.973
3.490, 0.3490, -3.137
3.500, 0.3500, -4.564
3.510, 0.3510, -4.517
3.520, 0.3520, -4.126
3.530, 0.3530, -4.064
3.540, 0.3540, -4.781
3.550, 0.3550, -4.703
3.560, 0.3560, -4.760
3.570, 0.3570, -4.646
3.580, 0.3580, -4.842
3.590, 0.3590, -4.630
3.600, 0.3600, -5.167
3.610, 0.3610, -4.483
3.620, 0.3620, -3.634
3.630, 0.3630, -4.580
3.640, 0.3640, -3.908
3.650, 0.3650, -5.910
3.660, 0.3660, -5.053
3.670, 0.3670, -6.004
3.680, 0.3680, -5.742
3.690, 0.3690, -4.816
3.700, 0.3700, -4.869
3.710, 0.3710, -3.330
3.720, 0.3720, -3.361
3.730, 0.3730, -3.120
3.740, 0.3740, -4.618
3.750, 0.3750, -5.122
3.760, 0.3760, -4.558
3.770, 0.3770, -4.865
3.780, 0.3780, -5.031
3.790, 0.3790, -3.422
3.800, 0.3800, -4.590
3.810, 0.3810, -5.749
3.820, 0.3820, -4.028
3.830, 0.3830, -5.176
3.840, 0.3840, -3.299
3.850, 0.3850, -4.526
3.860, 0.3860, -3.923
3.870, 0.3870, -5.008
3.880, 0.3880, -4.563
3.890, 0.3890, -4.843
3.900, 0.3900, -4.566
3.910, 0.3910, -4.600
3.920, 0.3920, -3.639
3.930, 0.3930, -5.069
3.940, 0.3940, -3.156
3.950, 0.3950, -4.799
3.960, 0.3960, -4.875
3.970, 0.3970, -4.200
3.980, 0.3980, -3.667
3.990, 0.3990, -5.372
4.000, 0.4000, -4.177
4.010, 0.4010, -4.774
4.020, 0.4020, -4.173
4.030, 0.4030, -4.595
4.040, 0.4040, -5.551
4.050, 0.4050, -4.672
4.060, 0.4060, -4.753
4.070, 0.4070, -4.249
4.080, 0.4080, -4.266
4.090, 0.4090, -3.639
4.100, 0.4100, -4.892
4.110, 0.4110, -4.915
4.120, 0.4120, -5.639
4.130, 0.4130, -5.341
4.140, 0.4140, -4.132
4.150, 0.4150, -5.199
4.160, 0.4160, -4.282
4.170, 0.4170, -5.125
4.180, 0.4180, -4.989
4.190, 0.4190, -4.628
4.200, 0.4200, -4.422
4.210, 0.4210, -4.639
4.220, 0.4220, -3.466
4.230, 0.4230, -4.856
4.240, 0.4240, -5.721
4.250, 0.4250, -3.073
4.260, 0.4260, -5.275
4.270, 0.4270, -2.820
4.280, 0.4280, -3.459
4.290, 0.4290, -4.365
4.300, 0.4300, -5.013
4.310, 0.4310, -3.621
4.320, 0.4320, -4.625
4.330, 0.4330, -4.347
4.340, 0.4340, -5.101
4.350, 0.4350, -4.476
4.360, 0.4360, -5.258
4.370, 0.4370, -3.769
4.380, 0.4380, -4.466
4.390, 0.4390, -3.968
4.400, 0.4400, -4.407
4.410, 0.4410, -4.215
4.420, 0.4420, -5.186
4.430, 0.4430, -4.060
4.440, 0.4440, -4.872
4.450, 0.4450, -5.759
4.460, 0.4460, -4.896
4.470, 0.4470, -5.157
4.480, 0.4480, -3.684
4.490, 0.4490, -4.939
4.500, 0.4500, -5.395
4.510, 0.4510, -4.515
4.520, 0.4520, -3.943
4.530, 0.4530, -4.679
4.540, 0.4540, -4.142
4.550, 0.4550, -4.317
4.560, 0.4560, -3.430
4.570, 0.4570, -4.106
4.580, 0.4580, -4.361
4.590, 0.4590, -4.408
4.600, 0.4600, -2.954
4.610, 0.4610, -5.354
4.620, 0.4620, -4.787
4.630, 0.4630, -5.090
4.640, 0.4640, -4.876
4.650, 0.4650, -4.153
4.660, 0.4660, -3.799
4.670, 0.4670, -3.982
4.680, 0.4680, -5.087
4.690, 0.4690, -4.777
4.700, 0.4700, -5.017
4.710, 0.4710, -4.897
4.720, 0.4720, -5.196
4.730, 0.4730, -4.154
4.740, 0.4740, -5.028
4.750, 0.4750, -4.466
4.760, 0.4760, -3.570
4.770, 0.4770, -4.525
4.780, 0.4780, -4.044
4.790, 0.4790, -3.468
4.800, 0.4800, -4.698
4.810, 0.4810, -4.122
4.820, 0.4820, -4.720
4.830, 0.4830, -3.363
4.840, 0.4840, -5.252
4.850, 0.4850, -4.103
4.860, 0.4860, -4.178
4.870, 0.4870, -4.870
4.880, 0.4880, -4.091
4.890, 0.4890, -2.777
4.900, 0.4900, -4.178
4.910, 0.4910, -5.284
4.920, 0.4920, -3.677
4.930, 0.4930, -5.176
4.940, 0.4940, -4.963
4.950, 0.4950, -3.502
4.960, 0.4960, -4.583
4.970, 0.4970, -3.912
4.980, 0.4980, -4.462
4.990, 0.4990, -4.538
5.000, 0.5000, -4.320
5.010, 0.5010, -4.248
5.020, 0.5020, -3.230
5.030, 0.5030, -4.509
5.040, 0.5040, -4.141
5.050, 0.5050, -3.961
5.060, 0.5060, -4.579
5.070, 0.5070, -3.163
5.080, 0.5080, -4.351
5.090, 0.5090, -4.336
5.100, 0.5100, -2.724
5.110, 0.5110, -4.854
5.120, 0.5120, -4.589
5.130, 0.5130, -4.526
5.140, 0.5140, -4.470
5.150, 0.5150, -4.004
5.160, 0.5160, -5.664
5.170, 0.5170, -4.869
5.180, 0.5180, -5.955
5.190, 0.5190, -4.165
5.200, 0.5200, -2.596
5.210, 0.5210, -4.864
5.220, 0.5220, -3.547
5.230, 0.5230, -5.452
5.240, 0.5240, -4.772
5.250, 0.5250, -4.472
5.260, 0.5260, -4.526
5.270, 0.5270, -4.681
5.280, 0.5280, -4.246
5.290, 0.5290, -3.265
5.300, 0.5300, -4.199
5.310, 0.5310, -3.616
5.320, 0.5320, -4.747
5.330, 0.5330, -4.605
5.340, 0.5340, -2.715
5.350, 0.5350, -4.123
5.360, 0.5360, -4.660
5.370, 0.5370, -3.772
5.380, 0.5380, -4.881
5.390, 0.5390, -3.995
5.400, 0.5400, -3.837
5.410, 0.5410, -4.791
5.420, 0.5420, -3.102
5.430, 0.5430, -4.613
5.440, 0.5440, -3.398
5.450, 0.5450, -5.658
5.460, 0.5460, -4.699
5.470, 0.5470, -4.480
5.480, 0.5480, -4.128
5.490, 0.5490, -4.150
5.500, 0.5500, -4.048
5.510, 0.5510, -4.727
5.520, 0.5520, -2.153
5.530, 0.5530, -4.290
5.540, 0.5540, -3.036
5.550, 0.5550, -4.614
5.560, 0.5560, -3.812
5.570, 0.5570, -6.323
5.580, 0.5580, -4.146
5.590, 0.5590, -3.421
5.600, 0.5600, -4.719
5.610, 0.5610, -5.017
5.620, 0.5620, -5.611
5.630, 0.5630, -3.703
5.640, 0.5640, -4.673
5.650, 0.5650, -3.620
5.660, 0.5660, -3.786
5.670, 0.5670, -5.199
5.680, 0.5680, -4.639
5.690, 0.5690, -5.458
5.700, 0.5700, -4.099
5.710, 0.5710, -4.650
5.720, 0.5720, -3.984
5.730, 0.5730, -2.553
5.740, 0.5740, -4.406
5.750, 0.5750, -3.407
5.760, 0.5760, -3.880
5.770, 0.5770, -4.065
5.780, 0.5780, -4.880
5.790, 0.5790, -3.417
5.800, 0.5800, -4.421
5.810, 0.5810, -4.090
5.820, 0.5820, -3.018
5.830, 0.5830, -5.297
5.840, 0.5840, -4.740
5.850, 0.5850, -3.938
5.860, 0.5860, -3.823
5.870, 0.5870, -4.195
5.880, 0.5880, -5.492
5.890, 0.5890, -3.306
5.900, 0.5900, -4.113
5.910, 0.5910, -3.562
5.920, 0.5920, -3.330
5.930, 0.5930, -3.520
5.940, 0.5940, -3.877
5.950, 0.5950, -4.600
5.960, 0.5960, -3.882
5.970, 0.5970, -4.487
5.980, 0.5980, -4.074
5.990, 0.5990, -4.758
6.000, 0.6000, -4.060
6.010, 0.6010, -3.362
6.020, 0.6020, -4.080
6.030, 0.6030, -5.036
6.040, 0.6040, -4.329
6.050, 0.6050, -4.605
6.060, 0.6060, -4.750
6.070, 0.6070, -6.128
6.080, 0.6080, -3.901
6.090, 0.6090, -4.428
6.100, 0.6100, -4.499
6.110, 0.6110, -4.300
6.120, 0.6120, -3.956
6.130, 0.6130, -4.823
6.140, 0.6140, -3.937
6.150, 0.6150, -4.311
6.160, 0.6160, -3.238
6.170, 0.6170, -4.432
6.180, 0.6180, -5.363
6.190, 0.6190, -3.645
6.200, 0.6200, -4.644
6.210, 0.6210, -3.807
6.220, 0.6220, -4.532
6.230, 0.6230, -3.735
6.240, 0.6240, -4.455
6.250, 0.6250, -5.214
6.260, 0.6260, -4.229
6.270, 0.6270, -4.314
6.280, 0.6280, -4.119
6.290, 0.6290, -3.890
6.300, 0.6300, -5.139
6.310, 0.6310, -4.472
6.320, 0.6320, -4.625
6.330, 0.6330, -3.510
6.340, 0.6340, -4.139
6.350, 0.6350, -4.430
6.360, 0.6360, -2.867
6.370, 0.6370, -3.882
6.380, 0.6380, -3.614
6.390, 0.6390, -5.585
6.400, 0.6400, -4.519
6.410, 0.6410, -5.662
6.420, 0.6420, -3.072
6.430, 0.6430, -4.704
6.440, 0.6440, -4.673
6.450, 0.6450, -5.477
6.460, 0.6460, -4.577
6.470, 0.6470, -5.526
6.480, 0.6480, -4.990
6.490, 0.6490, -3.054
6.500, 0.6500, -4.980
6.510, 0.6510, -5.454
6.520, 0.6520, -2.145
6.530, 0.6530, -4.453
6.540, 0.6540, -4.265
6.550, 0.6550, -4.223
6.560, 0.6560, -3.275
6.570, 0.6570, -4.210
6.580, 0.6580, -4.042
6.590, 0.6590, -3.118
6.600, 0.6600, -2.779
6.610, 0.6610, -3.183
6.620, 0.6620, -3.714
6.630, 0.6630, -3.794
6.640, 0.6640, -4.469
6.650, 0.6650, -4.035
6.660, 0.6660, -5.326
6.670, 0.6670, -5.726
6.680, 0.6680, -4.550
6.690, 0.6690, -4.358
6.700, 0.6700, -5.305
6.710, 0.6710, -4.124
6.720, 0.6720, -4.354
6.730, 0.6730, -4.533
6.740, 0.6740, -3.063
6.750, 0.6750, -4.396
6.760, 0.6760, -3.819
6.770, 0.6770, -4.357
6.780, 0.6780, -3.711
6.790, 0.6790, -4.906
6.800, 0.6800, -4.553
6.810, 0.6810, -4.052
6.820, 0.6820, -3.961
6.830, 0.6830, -2.119
6.840, 0.6840, -3.482
6.850, 0.6850, -4.293
6.860, 0.6860, -5.114
6.870, 0.6870, -3.934
6.880, 0.6880, -4.283
6.890, 0.6890, -5.106
6.900, 0.6900, -3.803
6.910, 0.6910, -3.420
6.920, 0.6920, -3.983
6.930, 0.6930, -4.831
6.940, 0.6940, -4.430
6.950, 0.6950, -3.319
6.960, 0.6960, -2.528
6.970, 0.6970, -5.007
6.980, 0.6980, -4.350
6.990, 0.6990, -3.909
7.000, 0.7000, -4.357
7.010, 0.7010, -4.796
7.020, 0.7020, -3.456
7.030, 0.7030, -4.532
7.040, 0.7040, -2.437
7.050, 0.7050, -4.542
7.060, 0.7060, -4.287
7.070, 0.7070, -3.887
7.080, 0.7080, -4.188
7.090, 0.7090, -3.760
7.100, 0.7100, -4.635
7.110, 0.7110, -4.952
7.120, 0.7120, -3.335
7.130, 0.7130, -4.016
7.140, 0.7140, -4.487
7.150, 0.7150, -4.256
7.160, 0.7160, -3.990
7.170, 0.7170, -4.908
7.180, 0.7180, -4.352
7.190, 0.7190, -4.447
7.200, 0.7200, -4.572
7.210, 0.7210, -3.779
7.220, 0.7220, -3.479
7.230, 0.7230, -4.172
7.240, 0.7240, -4.531
7.250, 0.7250, -4.070
7.260, 0.7260, -4.673
7.270, 0.7270, -4.373
7.280, 0.7280, -4.747
7.290, 0.7290, -4.926
7.300, 0.7300, -3.337
7.310, 0.7310, -4.324
7.320, 0.7320, -4.386
7.330, 0.7330, -4.677
7.340, 0.7340, -4.510
7.350, 0.7350, -4.368
7.360, 0.7360, -4.771
7.370, 0.7370, -3.390
7.380, 0.7380, -5.635
7.390, 0.7390, -3.668
7.400, 0.7400, -4.466
7.410, 0.7410, -4.317
7.420, 0.7420, -4.106
7.430, 0.7430, -4.789
7.440, 0.7440, -5.047
7.450, 0.7450, -4.224
7.460, 0.7460, -4.787
7.470, 0.7470, -4.455
7.480, 0.7480, -3.865
7.490, 0.7490, -3.111
7.500, 0.7500, -4.286
7.510, 0.7510, -4.383
7.520, 0.7520, -4.156
7.530, 0.7530, -4.942
7.540, 0.7540, -4.937
7.550, 0.7550, -3.824
7.560, 0.7560, -4.848
7.570, 0.7570, -3.826
7.580, 0.7580, -5.351
7.590, 0.7590, -2.351
7.600, 0.7600, -3.581
7.610, 0.7610, -4.306
7.620, 0.7620, -4.547
7.630, 0.7630, -6.056
7.640, 0.7640, -3.273
7.650, 0.7650, -4.213
7.660, 0.7660, -4.234
7.670, 0.7670, -6.186
7.680, 0.7680, -2.892
7.690, 0.7690, -5.020
7.700, 0.7700, -3.906
7.710, 0.7710, -5.160
7.720, 0.7720, -5.368
7.730, 0.7730, -5.190
7.740, 0.7740, -4.848
7.750, 0.7750, -4.043
7.760, 0.7760, -3.659
7.770, 0.7770, -3.549
7.780, 0.7780, -4.444
7.790, 0.7790, -4.492
7.800, 0.7800, -3.565
7.810, 0.7810, -4.031
7.820, 0.7820, -5.123
7.830, 0.7830, -1.777
7.840, 0.7840, -3.027
7.850, 0.7850, -3.289
7.860, 0.7860, -3.608
7.870, 0.7870, -5.065
7.880, 0.7880, -4.004
7.890, 0.7890, -4.634
7.900, 0.7900, -4.714
7.910, 0.7910, -3.249
7.920, 0.7920, -4.199
7.930, 0.7930, -4.432
7.940, 0.7940, -4.750
7.950, 0.7950, -2.443
7.960, 0.7960, -4.078
7.970, 0.7970, -5.006
7.980, 0.7980, -4.355
7.990, 0.7990, -4.799
8.000, 0.8000, -3.913
8.010, 0.8010, -3.039
8.020, 0.8020, -3.882
8.030, 0.8030, -4.903
8.040, 0.8040, -5.184
8.050, 0.8050, -3.940
8.060, 0.8060, -4.232
8.070, 0.8070, -2.855
8.080, 0.8080, -4.796
8.090, 0.8090, -4.170
8.100, 0.8100, -3.916
8.110, 0.8110, -4.892
8.120, 0.8120, -3.390
8.130, 0.8130, -4.472
8.140, 0.8140, -4.458
8.150, 0.8150, -4.331
8.160, 0.8160, -3.272
8.170, 0.8170, -5.799
8.180, 0.8180, -5.813
8.190, 0.8190, -4.241
8.200, 0.8200, -3.499
8.210, 0.8210, -3.479
8.220, 0.8220, -4.021
8.230, 0.8230, -2.830
8.240, 0.8240, -4.129
8.250, 0.8250, -3.682
8.260, 0.8260, -3.970
8.270, 0.8270, -4.022
8.280, 0.8280, -4.579
8.290, 0.8290, -3.575
8.300, 0.8300, -3.496
8.310, 0.8310, -4.347
8.320, 0.8320, -3.880
8.330, 0.8330, -4.528
8.340, 0.8340, -4.720
8.350, 0.8350, -4.605
8.360, 0.8360, -4.020
8.370, 0.8370, -4.461
8.380, 0.8380, -3.736
8.390, 0.8390, -4.349
8.400, 0.8400, -3.226
8.410, 0.8410, -4.691
8.420, 0.8420, -3.718
8.430, 0.8430, -4.576
8.440, 0.8440, -5.312
8.450, 0.8450, -5.399
8.460, 0.8460, -2.198
8.470, 0.8470, -5.207
8.480, 0.8480, -3.792
8.490, 0.8490, -2.408
8.500, 0.8500, -5.280
8.510, 0.8510, -5.306
8.520, 0.8520, -5.227
8.530, 0.8530, -3.429
8.540, 0.8540, -4.041
8.550, 0.8550, -3.946
8.560, 0.8560, -3.880
8.570, 0.8570, -6.230
8.580, 0.8580, -4.070
8.590, 0.8590, -4.409
8.600, 0.8600, -3.916
8.610, 0.8610, -4.445
8.620, 0.8620, -3.231
8.630, 0.8630, -4.474
8.640, 0.8640, -3.173
8.650, 0.8650, -5.022
8.660, 0.8660, -4.138
8.670, 0.8670, -4.842
8.680, 0.8680, -3.546
8.690, 0.8690, -4.354
8.700, 0.8700, -2.979
8.710, 0.8710, -3.656
8.720, 0.8720, -3.848
8.730, 0.8730, -4.206
8.740, 0.8740, -4.140
8.750, 0.8750, -4.280
8.760, 0.8760, -4.684
8.770, 0.8770, -2.248
8.780, 0.8780, -3.295
8.790, 0.8790, -3.519
8.800, 0.8800, -4.262
8.810, 0.8810, -3.773
8.820, 0.8820, -4.041
8.830, 0.8830, -4.280
8.840, 0.8840, -4.867
8.850, 0.8850, -4.569
8.860, 0.8860, -5.208
8.870, 0.8870, -3.934
8.880, 0.8880, -3.764
8.890, 0.8890, -4.333
8.900, 0.8900, -5.255
8.910, 0.8910, -4.282
8.920, 0.8920, -4.501
8.930, 0.8930, -3.084
8.940, 0.8940, -2.790
8.950, 0.8950, -4.832
8.960, 0.8960, -3.086
8.970, 0.8970, -4.377
8.980, 0.8980, -3.825
8.990, 0.8990, -2.746
9.000, 0.9000, -3.704
9.010, 0.9010, -3.998
9.020, 0.9020, -4.281
9.030, 0.9030, -3.965
9.040, 0.9040, -4.254
9.050, 0.9050, -4.154
9.060, 0.9060, -3.592
9.070, 0.9070, -3.368
9.080, 0.9080, -3.248
9.090, 0.9090, -3.006
9.100, 0.9100, -4.214
9.110, 0.9110, -3.762
9.120, 0.9120, -4.812
9.130, 0.9130, -4.406
9.140, 0.9140, -4.728
9.150, 0.9150, -2.803
9.160, 0.9160, -3.785
9.170, 0.9170, -4.415
9.180, 0.9180, -3.346
9.190, 0.9190, -4.287
9.200, 0.9200, -3.494
9.210, 0.9210, -6.224
9.220, 0.9220, -3.807
9.230, 0.9230, -5.001
9.240, 0.9240, -4.279
9.250, 0.9250, -4.447
9.260, 0.9260, -4.061
9.270, 0.9270, -4.032
9.280, 0.9280, -4.054
9.290, 0.9290, -2.871
9.300, 0.9300, -2.765
9.310, 0.9310, -3.994
9.320, 0.9320, -4.781
9.330, 0.9330, -4.111
9.340, 0.9340, -4.217
9.350, 0.9350, -3.959
9.360, 0.9360, -3.609
9.370, 0.9370, -4.761
9.380, 0.9380, -4.384
9.390, 0.9390, -4.643
9.400, 0.9400, -4.328
9.410, 0.9410, -4.520
9.420, 0.9420, -3.764
9.430, 0.9430, -3.324
9.440, 0.9440, -4.447
9.450, 0.9450, -3.982
9.460, 0.9460, -3.981
9.470, 0.9470, -3.735
9.480, 0.9480, -4.493
9.490, 0.9490, -4.259
9.500, 0.9500, -4.596
9.510, 0.9510, -4.140
9.520, 0.9520, -3.876
9.530, 0.9530, -3.487
9.540, 0.9540, -3.362
9.550, 0.9550, -2.939
9.560, 0.9560, -4.710
9.570, 0.9570, -3.757
9.580, 0.9580, -5.213
9.590, 0.9590, -3.468
9.600, 0.9600, -4.237
9.610, 0.9610, -4.344
9.620, 0.9620, -3.950
9.630, 0.9630, -3.941
9.640, 0.9640, -4.639
9.650, 0.9650, -3.450
9.660, 0.9660, -2.617
9.670, 0.9670, -1.955
9.680, 0.9680, -4.906
9.690, 0.9690, -3.299
9.700, 0.9700, -4.783
9.710, 0.9710, -3.779
9.720, 0.9720, -4.494
9.730, 0.9730, -3.147
9.740, 0.9740, -4.316
9.750, 0.9750, -4.378
9.760, 0.9760, -4.030
9.770, 0.9770, -3.457
9.780, 0.9780, -2.514
9.790, 0.9790, -4.162
9.800, 0.9800, -4.239
9.810, 0.9810, -4.083
9.820, 0.9820, -3.118
9.830, 0.9830, -4.476
9.840, 0.9840, -5.391
9.850, 0.9850, -5.804
9.860, 0.9860, -4.653
9.870, 0.9870, -3.609
9.880, 0.9880, -3.810
9.890, 0.9890, -4.760
9.900, 0.9900, -3.540
9.910, 0.9910, -4.060
9.920, 0.9920, -4.452
9.930, 0.9930, -3.865
9.940, 0.9940, -3.298
9.950, 0.9950, -1.352
9.960, 0.9960, -3.569
9.970, 0.9970, -3.492
9.980, 0.9980, -3.973
9.990, 0.9990, -1.257
10.00, 1.000, -3.975
10.01, 1.001, -1.940
10.02, 1.002, -3.848
10.03, 1.003, -4.560
10.04, 1.004, -3.735
10.05, 1.005, -3.765
10.06, 1.006, -4.197
10.07, 1.007, -4.205
10.08, 1.008, -3.791
10.09, 1.009, -4.152
10.10, 1.010, -4.185
10.11, 1.011, -4.431
10.12, 1.012, -3.855
10.13, 1.013, -3.542
10.14, 1.014, -3.364
10.15, 1.015, -1.923
10.16, 1.016, -2.314
10.17, 1.017, -3.241
10.18, 1.018, -4.830
10.19, 1.019, -3.265
10.20, 1.020, -4.052
10.21, 1.021, -2.798
10.22, 1.022, -3.610
10.23, 1.023, -2.427
10.24, 1.024, -3.737
10.25, 1.025, -4.066
10.26, 1.026, -3.778
10.27, 1.027, -3.661
10.28, 1.028, -2.963
10.29, 1.029, -4.652
10.30, 1.030, -3.001
10.31, 1.031, -4.059
10.32, 1.032, -3.769
10.33, 1.033, -2.505
10.34, 1.034, -4.476
10.35, 1.035, -3.196
10.36, 1.036, -4.507
10.37, 1.037, -3.003
10.38, 1.038, -3.824
10.39, 1.039, -1.638
10.40, 1.040, -3.648
10.41, 1.041, -1.733
10.42, 1.042, -2.581
10.43, 1.043, -2.547
10.44, 1.044, -3.518
10.45, 1.045, -3.611
10.46, 1.046, -2.590
10.47, 1.047, -3.390
10.48, 1.048, -4.202
10.49, 1.049, -3.015
10.50, 1.050, -4.017
10.51, 1.051, -4.593
10.52, 1.052, -3.853
10.53, 1.053, -2.332
10.54, 1.054, -3.201
10.55, 1.055, -0.5098
10.56, 1.056, -1.952
10.57, 1.057, -2.362
10.58, 1.058, -2.621
10.59, 1.059, -3.159
10.60, 1.060, -2.766
10.61, 1.061, -3.541
10.62, 1.062, -2.693
10.63, 1.063, -2.782
10.64, 1.064, -4.226
10.65, 1.065, -3.203
10.66, 1.066, -3.544
10.67, 1.067, -3.308
10.68, 1.068, -1.793
10.69, 1.069, -3.656
10.70, 1.070, -1.712
10.71, 1.071, -2.850
10.72, 1.072, -1.719
10.73, 1.073, -3.912
10.74, 1.074, -2.999
10.75, 1.075, -2.831
10.76, 1.076, -2.616
10.77, 1.077, -1.606
10.78, 1.078, -1.648
10.79, 1.079, -2.220
10.80, 1.080, -2.046
10.81, 1.081, -1.984
10.82, 1.082, -1.889
10.83, 1.083, -1.197
10.84, 1.084, -1.405
10.85, 1.085, -0.7433
10.86, 1.086, -2.086
10.87, 1.087, -1.944
10.88, 1.088, -0.4098
10.89, 1.089, -1.008
10.90, 1.090, -3.267
10.91, 1.091, -1.387
10.92, 1.092, -0.1599
10.93, 1.093, -2.485
10.94, 1.094, -0.8644
10.95, 1.095, -1.108
10.96, 1.096, -1.173
10.97, 1.097, -1.351
10.98, 1.098, -1.095
10.99, 1.099, 0.7516
11.00, 1.100, -0.02386
11.01, 1.101, -1.806
11.02, 1.102, -0.6134
11.03, 1.103, -0.7967
11.04, 1.104, 1.647
11.05, 1.105, 0.1080
11.06, 1.106, 0.6944
11.07, 1.107, 0.6238
11.08, 1.108, 0.5622
11.09, 1.109, 0.3186
11.10, 1.110, 0.5749
11.11, 1.111, 0.2150
11.12, 1.112, 0.3770
11.13, 1.113, 1.718
11.14, 1.114, 1.101
11.15, 1.115, 0.1023
11.16, 1.116, 1.271
11.17, 1.117, 3.506
11.18, 1.118, 0.5074
11.19, 1.119, 2.595
11.20, 1.120, 1.125
11.21, 1.121, 2.252
11.22, 1.122, 2.101
11.23, 1.123, 2.359
11.24, 1.124, 2.826
11.25, 1.125, 2.829
11.26, 1.126, 4.306
11.27, 1.127, 3.386
11.28, 1.128, 3.700
11.29, 1.129, 3.830
11.30, 1.130, 4.770
11.31, 1.131, 4.468
11.32, 1.132, 3.678
11.33, 1.133, 3.901
11.34, 1.134, 5.746
11.35, 1.135, 4.547
11.36, 1.136, 6.306
11.37, 1.137, 5.564
11.38, 1.138, 5.206
11.39, 1.139, 5.715
11.40, 1.140, 5.839
11.41, 1.141, 6.009
11.42, 1.142, 5.455
11.43, 1.143, 4.788
11.44, 1.144, 6.227
11.45, 1.145, 5.715
11.46, 1.146, 7.711
11.47, 1.147, 7.683
11.48, 1.148, 7.467
11.49, 1.149, 8.212
11.50, 1.150, 7.428
11.51, 1.151, 8.208
11.52, 1.152, 8.206
11.53, 1.153, 8.110
11.54, 1.154, 9.400
11.55, 1.155, 8.462
11.56, 1.156, 10.87
11.57, 1.157, 10.60
11.58, 1.158, 9.576
11.59, 1.159, 11.07
11.60, 1.160, 9.296
11.61, 1.161, 11.62
11.62, 1.162, 11.68
11.63, 1.163, 12.58
11.64, 1.164, 11.94
11.65, 1.165, 11.66
11.66, 1.166, 11.24
11.67, 1.167, 12.11
11.68, 1.168, 13.10
11.69, 1.169, 12.84
11.70, 1.170, 13.22
11.71, 1.171, 14.06
11.72, 1.172, 12.56
11.73, 1.173, 13.48
11.74, 1.174, 14.02
11.75, 1.175, 13.77
11.76, 1.176, 13.45
11.77, 1.177, 14.76
11.78, 1.178, 15.50
11.79, 1.179, 15.71
11.80, 1.180, 14.69
11.81, 1.181, 15.05
11.82, 1.182, 14.68
11.83, 1.183, 16.31
11.84, 1.184, 16.32
11.85, 1.185, 17.17
11.86, 1.186, 17.64
11.87, 1.187, 14.71
11.88, 1.188, 16.80
11.89, 1.189, 15.24
11.90, 1.190, 17.18
11.91, 1.191, 16.62
11.92, 1.192, 17.27
11.93, 1.193, 18.79
11.94, 1.194, 16.69
11.95, 1.195, 17.62
11.96, 1.196, 17.77
11.97, 1.197, 17.95
11.98, 1.198, 17.79
11.99, 1.199, 18.30
12.00, 1.200, 18.09
12.01, 1.201, 17.66
12.02, 1.202, 18.32
12.03, 1.203, 18.74
12.04, 1.204, 20.13
12.05, 1.205, 18.52
12.06, 1.206, 18.57
12.07, 1.207, 19.06
12.08, 1.208, 19.55
12.09, 1.209, 18.42
12.10, 1.210, 18.73
12.11, 1.211, 18.72
12.12, 1.212, 19.44
12.13, 1.213, 18.71
12.14, 1.214, 18.51
12.15, 1.215, 17.74
12.16, 1.216, 19.09
12.17, 1.217, 19.64
12.18, 1.218, 19.06
12.19, 1.219, 19.04
12.20, 1.220, 18.21
12.21, 1.221, 20.39
12.22, 1.222, 18.79
12.23, 1.223, 18.06
12.24, 1.224, 19.71
12.25, 1.225, 18.71
12.26, 1.226, 18.59
12.27, 1.227, 17.52
12.28, 1.228, 18.63
12.29, 1.229, 18.98
12.30, 1.230, 17.92
12.31, 1.231, 18.33
12.32, 1.232, 17.28
12.33, 1.233, 17.14
12.34, 1.234, 17.73
12.35, 1.235, 16.66
12.36, 1.236, 17.53
12.37, 1.237, 15.92
12.38, 1.238, 15.84
12.39, 1.239, 16.71
12.40, 1.240, 16.64
12.41, 1.241, 16.08
12.42, 1.242, 16.58
12.43, 1.243, 16.89
12.44, 1.244, 16.56
12.45, 1.245, 17.00
12.46, 1.246, 17.16
12.47, 1.247, 16.22
12.48, 1.248, 15.77
12.49, 1.249, 16.43
12.50, 1.250, 16.65
12.51, 1.251, 15.34
12.52, 1.252, 15.74
12.53, 1.253, 15.04
12.54, 1.254, 16.11
12.55, 1.255, 16.36
12.56, 1.256, 14.71
12.57, 1.257, 15.90
12.58, 1.258, 15.20
12.59, 1.259, 15.99
12.60, 1.260, 15.91
12.61, 1.261, 15.02
12.62, 1.262, 15.79
12.63, 1.263, 14.73
12.64, 1.264, 15.28
12.65, 1.265, 14.52
12.66, 1.266, 15.96
12.67, 1.267, 14.73
12.68, 1.268, 13.73
12.69, 1.269, 14.61
12.70, 1.270, 14.14
12.71, 1.271, 14.26
12.72, 1.272, 14.09
12.73, 1.273, 14.50
12.74, 1.274, 14.04
12.75, 1.275, 14.05
12.76, 1.276, 15.26
12.77, 1.277, 14.08
12.78, 1.278, 12.92
12.79, 1.279, 12.64
12.80, 1.280, 14.68
12.81, 1.281, 13.92
12.82, 1.282, 14.08
12.83, 1.283, 14.16
12.84, 1.284, 12.82
12.85, 1.285, 12.31
12.86, 1.286, 12.56
12.87, 1.287, 13.87
12.88, 1.288, 14.28
12.89, 1.289, 15.15
12.90, 1.290, 12.38
12.91, 1.291, 11.67
12.92, 1.292, 14.28
12.93, 1.293, 12.54
12.94, 1.294, 13.13
12.95, 1.295, 13.34
12.96, 1.296, 12.45
12.97, 1.297, 13.56
12.98, 1.298, 12.34
12.99, 1.299, 13.11
13.00, 1.300, 12.20
13.01, 1.301, 13.49
13.02, 1.302, 13.05
13.03, 1.303, 11.70
13.04, 1.304, 13.37
13.05, 1.305, 11.85
13.06, 1.306, 11.98
13.07, 1.307, 12.71
13.08, 1.308, 12.09
13.09, 1.309, 13.24
13.10, 1.310, 13.36
13.11, 1.311, 11.81
13.12, 1.312, 12.70
13.13, 1.313, 14.09
13.14, 1.314, 12.40
13.15, 1.315, 12.90
13.16, 1.316, 12.45
13.17, 1.317, 11.48
13.18, 1.318, 14.31
13.19, 1.319, 13.12
13.20, 1.320, 11.53
13.21, 1.321, 10.11
13.22, 1.322, 12.90
13.23, 1.323, 11.89
13.24, 1.324, 11.65
13.25, 1.325, 12.22
13.26, 1.326, 11.97
13.27, 1.327, 10.66
13.28, 1.328, 12.61
13.29, 1.329, 12.68
13.30, 1.330, 11.27
13.31, 1.331, 11.88
13.32, 1.332, 12.26
13.33, 1.333, 13.45
13.34, 1.334, 12.81
13.35, 1.335, 11.94
13.36, 1.336, 11.44
13.37, 1.337, 11.85
13.38, 1.338, 11.55
13.39, 1.339, 12.80
13.40, 1.340, 10.92
13.41, 1.341, 12.93
13.42, 1.342, 12.41
13.43, 1.343, 12.21
13.44, 1.344, 13.07
13.45, 1.345, 11.99
13.46, 1.346, 12.06
13.47, 1.347, 10.66
13.48, 1.348, 13.51
13.49, 1.349, 12.27
13.50, 1.350, 12.02
13.51, 1.351, 11.95
13.52, 1.352, 11.83
13.53, 1.353, 13.60
13.54, 1.354, 12.01
13.55, 1.355, 12.51
13.56, 1.356, 11.55
13.57, 1.357, 11.14
13.58, 1.358, 13.44
13.59, 1.359, 12.33
13.60, 1.360, 11.48
13.61, 1.361, 11.43
13.62, 1.362, 12.33
13.63, 1.363, 13.86
13.64, 1.364, 11.81
13.65, 1.365, 12.47
13.66, 1.366, 12.40
13.67, 1.367, 10.53
13.68, 1.368, 12.64
13.69, 1.369, 12.68
13.70, 1.370, 12.67
13.71, 1.371, 11.92
13.72, 1.372, 12.53
13.73, 1.373, 12.37
13.74, 1.374, 13.59
13.75, 1.375, 14.67
13.76, 1.376, 14.22
13.77, 1.377, 14.13
13.78, 1.378, 14.43
13.79, 1.379, 15.09
13.80, 1.380, 14.55
13.81, 1.381, 14.40
13.82, 1.382, 14.36
13.83, 1.383, 14.69
13.84, 1.384, 13.54
13.85, 1.385, 13.16
13.86, 1.386, 15.74
13.87, 1.387, 14.31
13.88, 1.388, 14.61
13.89, 1.389, 14.19
13.90, 1.390, 15.18
13.91, 1.391, 14.31
13.92, 1.392, 14.88
13.93, 1.393, 17.59
13.94, 1.394, 13.57
13.95, 1.395, 15.12
13.96, 1.396, 14.93
13.97, 1.397, 16.94
13.98, 1.398, 16.05
13.99, 1.399, 15.10
14.00, 1.400, 16.76
14.01, 1.401, 16.03
14.02, 1.402, 18.39
14.03, 1.403, 16.93
14.04, 1.404, 16.62
14.05, 1.405, 16.78
14.06, 1.406, 16.00
14.07, 1.407, 17.04
14.08, 1.408, 16.58
14.09, 1.409, 18.51
14.10, 1.410, 18.22
14.11, 1.411, 18.15
14.12, 1.412, 17.44
14.13, 1.413, 17.42
14.14, 1.414, 18.11
14.15, 1.415, 19.71
14.16, 1.416, 19.32
14.17, 1.417, 21.37
14.18, 1.418, 20.29
14.19, 1.419, 23.16
14.20, 1.420, 25.35
14.21, 1.421, 25.65
14.22, 1.422, 25.75
14.23, 1.423, 25.32
14.24, 1.424, 26.69
14.25, 1.425, 25.83
14.26, 1.426, 26.77
14.27, 1.427, 27.04
14.28, 1.428, 28.34
14.29, 1.429, 28.99
14.30, 1.430, 28.91
14.31, 1.431, 29.28
14.32, 1.432, 29.39
14.33, 1.433, 30.33
14.34, 1.434, 32.37
14.35, 1.435, 33.69
14.36, 1.436, 34.58
14.37, 1.437, 35.81
14.38, 1.438, 36.54
14.39, 1.439, 37.60
14.40, 1.440, 39.41
14.41, 1.441, 39.67
14.42, 1.442, 39.93
14.43, 1.443, 43.11
14.44, 1.444, 44.76
14.45, 1.445, 47.02
14.46, 1.446, 48.57
14.47, 1.447, 47.97
14.48, 1.448, 49.39
14.49, 1.449, 50.22
14.50, 1.450, 51.76
14.51, 1.451, 51.16
14.52, 1.452, 52.92
14.53, 1.453, 54.79
14.54, 1.454, 55.93
14.55, 1.455, 55.76
14.56, 1.456, 56.36
14.57, 1.457, 56.62
14.58, 1.458, 58.97
14.59, 1.459, 59.51
14.60, 1.460, 61.98
14.61, 1.461, 63.33
14.62, 1.462, 63.50
14.63, 1.463, 68.23
14.64, 1.464, 67.08
14.65, 1.465, 68.57
14.66, 1.466, 70.44
14.67, 1.467, 72.64
14.68, 1.468, 74.52
14.69, 1.469, 75.76
14.70, 1.470, 75.64
14.71, 1.471, 76.67
14.72, 1.472, 76.68
14.73, 1.473, 79.03
14.74, 1.474, 80.30
14.75, 1.475, 82.06
14.76, 1.476, 82.82
14.77, 1.477, 83.66
14.78, 1.478, 84.64
14.79, 1.479, 86.27
14.80, 1.480, 88.88
14.81, 1.481, 89.23
14.82, 1.482, 90.25
14.83, 1.483, 91.58
14.84, 1.484, 92.59
14.85, 1.485, 93.39
14.86, 1.486, 94.01
14.87, 1.487, 95.50
14.88, 1.488, 97.39
14.89, 1.489, 97.34
14.90, 1.490, 98.63
14.91, 1.491, 100.9
14.92, 1.492, 102.4
14.93, 1.493, 103.5
14.94, 1.494, 106.3
14.95, 1.495, 106.5
14.96, 1.496, 107.4
14.97, 1.497, 109.3
14.98, 1.498, 110.6
14.99, 1.499, 111.7
15.00, 1.500, 114.0
15.01, 1.501, 113.1
15.02, 1.502, 114.1
15.03, 1.503, 116.6
15.04, 1.504, 117.9
15.05, 1.505, 118.2
15.06, 1.506, 120.8
15.07, 1.507, 121.4
15.08, 1.508, 122.4
15.09, 1.509, 123.8
15.10, 1.510, 125.2
15.11, 1.511, 126.8
15.12, 1.512, 128.1
15.13, 1.513, 129.0
15.14, 1.514, 130.5
15.15, 1.515, 132.0
15.16, 1.516, 132.6
15.17, 1.517, 133.7
15.18, 1.518, 135.4
15.19, 1.519, 137.6
15.20, 1.520, 139.1
15.21, 1.521, 139.4
15.22, 1.522, 140.6
15.23, 1.523, 143.8
15.24, 1.524, 145.1
15.25, 1.525, 146.2
15.26, 1.526, 148.0
15.27, 1.527, 150.0
15.28, 1.528, 150.3
15.29, 1.529, 152.5
15.30, 1.530, 153.9
15.31, 1.531, 155.2
15.32, 1.532, 156.2
15.33, 1.533, 157.1
15.34, 1.534, 159.0
15.35, 1.535, 158.7
15.36, 1.536, 161.7
15.37, 1.537, 163.0
15.38, 1.538, 165.8
15.39, 1.539, 164.8
15.40, 1.540, 167.8
15.41, 1.541, 168.9
15.42, 1.542, 170.7
15.43, 1.543, 172.4
15.44, 1.544, 173.0
15.45, 1.545, 174.4
15.46, 1.546, 177.3
15.47, 1.547, 178.2
15.48, 1.548, 178.7
15.49, 1.549, 180.1
15.50, 1.550, 181.7
15.51, 1.551, 183.9
15.52, 1.552, 185.8
15.53, 1.553, 186.5
15.54, 1.554, 187.3
15.55, 1.555, 190.8
15.56, 1.556, 193.0
15.57, 1.557, 193.4
15.58, 1.558, 195.3
15.59, 1.559, 194.5
15.60, 1.560, 196.8
15.61, 1.561, 198.6
15.62, 1.562, 199.3
15.63, 1.563, 201.3
15.64, 1.564, 201.6
15.65, 1.565, 202.7
15.66, 1.566, 205.2
15.67, 1.567, 207.2
15.68, 1.568, 205.8
15.69, 1.569, 210.1
15.70, 1.570, 210.6
15.71, 1.571, 212.8
15.72, 1.572, 212.3
15.73, 1.573, 215.9
15.74, 1.574, 215.7
15.75, 1.575, 217.6
15.76, 1.576, 219.7
15.77, 1.577, 220.3
15.78, 1.578, 222.7
15.79, 1.579, 225.2
15.80, 1.580, 224.3
15.81, 1.581, 227.1
15.82, 1.582, 226.6
15.83, 1.583, 230.6
15.84, 1.584, 228.6
15.85, 1.585, 232.3
15.86, 1.586, 235.7
15.87, 1.587, 235.1
15.88, 1.588, 237.2
15.89, 1.589, 237.1
15.90, 1.590, 241.4
15.91, 1.591, 243.5
15.92, 1.592, 243.4
15.93, 1.593, 244.9
15.94, 1.594, 247.4
15.95, 1.595, 247.9
15.96, 1.596, 250.1
15.97, 1.597, 251.6
15.98, 1.598, 252.9
15.99, 1.599, 253.5
16.00, 1.600, 255.9
16.01, 1.601, 259.0
16.02, 1.602, 258.7
16.03, 1.603, 261.7
16.04, 1.604, 261.4
16.05, 1.605, 265.2
16.06, 1.606, 268.9
16.07, 1.607, 267.3
16.08, 1.608, 270.3
16.09, 1.609, 271.2
16.10, 1.610, 271.7
16.11, 1.611, 273.9
16.12, 1.612, 275.6
16.13, 1.613, 276.6
16.14, 1.614, 278.1
16.15, 1.615, 280.2
16.16, 1.616, 283.4
16.17, 1.617, 282.2
16.18, 1.618, 283.7
16.19, 1.619, 285.9
16.20, 1.620, 287.5
16.21, 1.621, 288.4
16.22, 1.622, 289.3
16.23, 1.623, 291.6
16.24, 1.624, 292.2
16.25, 1.625, 295.9
16.26, 1.626, 296.4
16.27, 1.627, 298.8
16.28, 1.628, 300.1
16.29, 1.629, 302.0
16.30, 1.630, 303.1
16.31, 1.631, 304.3
16.32, 1.632, 305.8
16.33, 1.633, 307.6
16.34, 1.634, 309.0
16.35, 1.635, 310.2
16.36, 1.636, 311.7
16.37, 1.637, 313.3
16.38, 1.638, 315.0
16.39, 1.639, 316.8
16.40, 1.640, 317.9
16.41, 1.641, 320.7
16.42, 1.642, 321.6
16.43, 1.643, 322.6
16.44, 1.644, 323.1
16.45, 1.645, 326.0
16.46, 1.646, 329.3
16.47, 1.647, 328.7
16.48, 1.648, 331.0
16.49, 1.649, 332.5
16.50, 1.650, 333.5
16.51, 1.651, 335.3
16.52, 1.652, 337.7
16.53, 1.653, 339.5
16.54, 1.654, 341.2
16.55, 1.655, 342.4
16.56, 1.656, 343.7
16.57, 1.657, 344.9
16.58, 1.658, 345.3
16.59, 1.659, 348.9
16.60, 1.660, 348.9
16.61, 1.661, 349.2
16.62, 1.662, 351.8
16.63, 1.663, 355.0
16.64, 1.664, 356.5
16.65, 1.665, 357.7
16.66, 1.666, 358.5
16.67, 1.667, 361.6
16.68, 1.668, 361.9
16.69, 1.669, 364.2
16.70, 1.670, 365.2
16.71, 1.671, 367.4
16.72, 1.672, 371.3
16.73, 1.673, 369.5
16.74, 1.674, 373.2
16.75, 1.675, 373.9
16.76, 1.676, 377.0
16.77, 1.677, 379.6
16.78, 1.678, 379.5
16.79, 1.679, 381.7
16.80, 1.680, 383.9
16.81, 1.681, 385.3
16.82, 1.682, 387.1
16.83, 1.683, 388.2
16.84, 1.684, 390.1
16.85, 1.685, 391.3
16.86, 1.686, 392.4
16.87, 1.687, 394.8
16.88, 1.688, 396.5
16.89, 1.689, 395.7
16.90, 1.690, 399.1
16.91, 1.691, 399.9
16.92, 1.692, 402.3
16.93, 1.693, 401.7
16.94, 1.694, 404.7
16.95, 1.695, 406.1
16.96, 1.696, 408.8
16.97, 1.697, 409.4
16.98, 1.698, 410.8
16.99, 1.699, 412.0
17.00, 1.700, 415.4
17.01, 1.701, 415.5
17.02, 1.702, 417.4
17.03, 1.703, 419.2
17.04, 1.704, 419.9
17.05, 1.705, 424.1
17.06, 1.706, 423.0
17.07, 1.707, 425.6
17.08, 1.708, 427.0
17.09, 1.709, 429.4
17.10, 1.710, 430.8
17.11, 1.711, 433.1
17.12, 1.712, 434.8
17.13, 1.713, 435.9
17.14, 1.714, 438.1
17.15, 1.715, 440.9
17.16, 1.716, 441.1
17.17, 1.717, 443.7
17.18, 1.718, 445.5
17.19, 1.719, 447.1
17.20, 1.720, 447.1
17.21, 1.721, 449.0
17.22, 1.722, 452.7
17.23, 1.723, 452.7
17.24, 1.724, 453.5
17.25, 1.725, 456.6
17.26, 1.726, 458.0
17.27, 1.727, 461.2
17.28, 1.728, 460.3
17.29, 1.729, 463.2
17.30, 1.730, 464.1
17.31, 1.731, 464.5
17.32, 1.732, 468.1
17.33, 1.733, 467.6
17.34, 1.734, 470.6
17.35, 1.735, 473.0
17.36, 1.736, 473.8
17.37, 1.737, 475.5
17.38, 1.738, 476.2
17.39, 1.739, 479.5
17.40, 1.740, 479.4
17.41, 1.741, 483.7
17.42, 1.742, 484.8
17.43, 1.743, 484.7
17.44, 1.744, 486.8
17.45, 1.745, 488.9
17.46, 1.746, 490.1
17.47, 1.747, 491.4
17.48, 1.748, 493.9
17.49, 1.749, 495.8
17.50, 1.750, 496.3
17.51, 1.751, 499.1
17.52, 1.752, 500.0
17.53, 1.753, 500.1
17.54, 1.754, 502.8
17.55, 1.755, 506.0
17.56, 1.756, 505.4
17.57, 1.757, 509.0
17.58, 1.758, 509.2
17.59, 1.759, 511.3
17.60, 1.760, 514.0
17.61, 1.761, 515.3
17.62, 1.762, 516.3
17.63, 1.763, 517.6
17.64, 1.764, 521.1
17.65, 1.765, 521.8
17.66, 1.766, 523.7
17.67, 1.767, 524.8
17.68, 1.768, 525.8
17.69, 1.769, 527.7
17.70, 1.770, 529.0
17.71, 1.771, 530.7
17.72, 1.772, 534.4
17.73, 1.773, 533.8
17.74, 1.774, 537.5
17.75, 1.775, 536.1
17.76, 1.776, 538.8
17.77, 1.777, 541.2
17.78, 1.778, 543.6
17.79, 1.779, 544.8
17.80, 1.780, 545.8
17.81, 1.781, 547.0
17.82, 1.782, 549.0
17.83, 1.783, 550.9
17.84, 1.784, 551.4
17.85, 1.785, 555.0
17.86, 1.786, 554.5
17.87, 1.787, 556.8
17.88, 1.788, 559.1
17.89, 1.789, 561.0
17.90, 1.790, 564.3
17.91, 1.791, 563.6
17.92, 1.792, 565.0
17.93, 1.793, 569.7
17.94, 1.794, 568.9
17.95, 1.795, 572.7
17.96, 1.796, 573.1
17.97, 1.797, 575.1
17.98, 1.798, 575.3
17.99, 1.799, 578.1
18.00, 1.800, 579.5
18.01, 1.801, 580.2
18.02, 1.802, 582.7
18.03, 1.803, 584.3
18.04, 1.804, 586.2
18.05, 1.805, 589.1
18.06, 1.806, 590.2
18.07, 1.807, 591.3
18.08, 1.808, 594.3
18.09, 1.809, 595.6
18.10, 1.810, 597.4
18.11, 1.811, 598.7
18.12, 1.812, 601.1
18.13, 1.813, 601.7
18.14, 1.814, 604.0
18.15, 1.815, 603.9
18.16, 1.816, 605.3
18.17, 1.817, 607.4
18.18, 1.818, 607.3
18.19, 1.819, 609.8
18.20, 1.820, 614.3
18.21, 1.821, 613.6
18.22, 1.822, 615.4
18.23, 1.823, 616.4
18.24, 1.824, 618.5
18.25, 1.825, 621.7
18.26, 1.826, 621.3
18.27, 1.827, 625.6
18.28, 1.828, 625.4
18.29, 1.829, 627.5
18.30, 1.830, 628.8
18.31, 1.831, 630.9
18.32, 1.832, 632.5
18.33, 1.833, 633.5
18.34, 1.834, 634.3
18.35, 1.835, 637.9
18.36, 1.836, 639.5
18.37, 1.837, 639.6
18.38, 1.838, 642.3
18.39, 1.839, 644.3
18.40, 1.840, 645.3
18.41, 1.841, 649.1
18.42, 1.842, 648.9
18.43, 1.843, 651.5
18.44, 1.844, 654.8
18.45, 1.845, 654.0
18.46, 1.846, 656.5
18.47, 1.847, 658.7
18.48, 1.848, 658.9
18.49, 1.849, 662.1
18.50, 1.850, 662.9
18.51, 1.851, 664.2
18.52, 1.852, 666.5
18.53, 1.853, 667.4
18.54, 1.854, 670.7
18.55, 1.855, 671.2
18.56, 1.856, 672.4
18.57, 1.857, 674.6
18.58, 1.858, 675.8
18.59, 1.859, 678.8
18.60, 1.860, 679.1
18.61, 1.861, 681.3
18.62, 1.862, 681.3
18.63, 1.863, 683.8
18.64, 1.864, 684.5
18.65, 1.865, 685.9
18.66, 1.866, 689.9
18.67, 1.867, 691.6
18.68, 1.868, 692.0
18.69, 1.869, 693.7
18.70, 1.870, 694.9
18.71, 1.871, 695.9
18.72, 1.872, 699.2
18.73, 1.873, 700.3
18.74, 1.874, 702.1
18.75, 1.875, 703.8
18.76, 1.876, 705.0
18.77, 1.877, 706.1
18.78, 1.878, 707.8
18.79, 1.879, 710.5
18.80, 1.880, 712.0
18.81, 1.881, 713.0
18.82, 1.882, 715.1
18.83, 1.883, 716.6
18.84, 1.884, 717.8
18.85, 1.885, 720.6
18.86, 1.886, 722.2
18.87, 1.887, 722.9
18.88, 1.888, 724.4
18.89, 1.889, 725.7
18.90, 1.890, 730.5
18.91, 1.891, 729.1
18.92, 1.892, 731.8
18.93, 1.893, 733.1
18.94, 1.894, 735.1
18.95, 1.895, 736.9
18.96, 1.896, 737.2
18.97, 1.897, 740.5
18.98, 1.898, 741.3
18.99, 1.899, 743.8
19.00, 1.900, 743.5
19.01, 1.901, 747.5
19.02, 1.902, 748.8
19.03, 1.903, 750.8
19.04, 1.904, 752.4
19.05, 1.905, 752.3
19.06, 1.906, 754.9
19.07, 1.907, 758.8
19.08, 1.908, 757.7
19.09, 1.909, 759.7
19.10, 1.910, 760.7
19.11, 1.911, 761.1
19.12, 1.912, 764.1
19.13, 1.913, 765.1
19.14, 1.914, 767.6
19.15, 1.915, 767.8
19.16, 1.916, 771.0
19.17, 1.917, 772.1
19.18, 1.918, 774.3
19.19, 1.919, 776.0
19.20, 1.920, 776.9
19.21, 1.921, 779.7
19.22, 1.922, 779.6
19.23, 1.923, 784.4
19.24, 1.924, 783.9
19.25, 1.925, 786.8
19.26, 1.926, 787.4
19.27, 1.927, 790.3
19.28, 1.928, 790.6
19.29, 1.929, 793.0
19.30, 1.930, 795.8
19.31, 1.931, 795.3
19.32, 1.932, 798.8
19.33, 1.933, 799.9
19.34, 1.934, 802.0
19.35, 1.935, 803.2
19.36, 1.936, 804.1
19.37, 1.937, 808.0
19.38, 1.938, 808.2
19.39, 1.939, 808.8
19.40, 1.940, 808.6
19.41, 1.941, 812.8
19.42, 1.942, 814.4
19.43, 1.943, 814.5
19.44, 1.944, 818.1
19.45, 1.945, 817.9
19.46, 1.946, 820.0
19.47, 1.947, 821.3
19.48, 1.948, 824.6
19.49, 1.949, 826.2
19.50, 1.950, 827.7
19.51, 1.951, 829.5
19.52, 1.952, 830.6
19.53, 1.953, 832.2
19.54, 1.954, 833.6
19.55, 1.955, 834.1
19.56, 1.956, 835.9
19.57, 1.957, 837.1
19.58, 1.958, 842.4
19.59, 1.959, 840.1
19.60, 1.960, 843.2
19.61, 1.961, 844.6
19.62, 1.962, 845.4
19.63, 1.963, 849.3
19.64, 1.964, 850.2
19.65, 1.965, 852.8
19.66, 1.966, 855.1
19.67, 1.967, 854.8
19.68, 1.968, 855.9
19.69, 1.969, 858.3
19.70, 1.970, 860.2
19.71, 1.971, 861.2
19.72, 1.972, 864.4
19.73, 1.973, 864.0
19.74, 1.974, 867.9
19.75, 1.975, 867.4
19.76, 1.976, 870.6
19.77, 1.977, 872.8
19.78, 1.978, 871.5
19.79, 1.979, 874.1
19.80, 1.980, 874.6
19.81, 1.981, 875.5
19.82, 1.982, 876.6
19.83, 1.983, 877.5
19.84, 1.984, 876.8
19.85, 1.985, 877.7
19.86, 1.986, 877.1
19.87, 1.987, 877.8
19.88, 1.988, 878.2
19.89, 1.989, 877.1
19.90, 1.990, 878.1
19.91, 1.991, 876.2
19.92, 1.992, 876.8
19.93, 1.993, 877.2
19.94, 1.994, 877.9
19.95, 1.995, 877.6
19.96, 1.996, 877.5
19.97, 1.997, 877.5
19.98, 1.998, 875.0
19.99, 1.999, 877.8
20.00, 2.000, 876.1
20.01, 1.999, 877.9
20.02, 1.998, 877.6
20.03, 1.997, 877.1
20.04, 1.996, 877.9
20.05, 1.995, 877.6
20.06, 1.994, 877.1
20.07, 1.993, 876.9
20.08, 1.992, 878.3
20.09, 1.991, 877.5
20.10, 1.990, 877.3
20.11, 1.989, 877.4
20.12, 1.988, 877.5
20.13, 1.987, 878.5
20.14, 1.986, 877.7
20.15, 1.985, 877.9
20.16, 1.984, 876.9
20.17, 1.983, 876.6
20.18, 1.982, 876.2
20.19, 1.981, 874.5
20.20, 1.980, 875.6
20.21, 1.979, 872.3
20.22, 1.978, 871.7
20.23, 1.977, 869.4
20.24, 1.976, 867.4
20.25, 1.975, 866.3
20.26, 1.974, 864.4
20.27, 1.973, 863.3
20.28, 1.972, 861.7
20.29, 1.971, 859.6
20.30, 1.970, 857.5
20.31, 1.969, 858.2
20.32, 1.968, 855.9
20.33, 1.967, 855.9
20.34, 1.966, 852.9
20.35, 1.965, 851.6
20.36, 1.964, 849.4
20.37, 1.963, 846.9
20.38, 1.962, 847.6
20.39, 1.961, 844.4
20.40, 1.960, 844.6
20.41, 1.959, 840.6
20.42, 1.958, 839.4
20.43, 1.957, 838.3
20.44, 1.956, 837.6
20.45, 1.955, 836.4
20.46, 1.954, 833.0
20.47, 1.953, 831.1
20.48, 1.952, 829.8
20.49, 1.951, 828.8
20.50, 1.950, 826.9
20.51, 1.949, 824.4
20.52, 1.948, 823.9
20.53, 1.947, 821.8
20.54, 1.946, 821.1
20.55, 1.945, 817.4
20.56, 1.944, 816.4
20.57, 1.943, 814.2
20.58, 1.942, 812.7
20.59, 1.941, 812.2
20.60, 1.940, 809.5
20.61, 1.939, 807.6
20.62, 1.938, 808.2
20.63, 1.937, 806.3
20.64, 1.936, 804.1
20.65, 1.935, 801.2
20.66, 1.934, 800.4
20.67, 1.933, 799.2
20.68, 1.932, 797.3
20.69, 1.931, 793.4
20.70, 1.930, 791.5
20.71, 1.929, 792.0
20.72, 1.928, 790.8
20.73, 1.927, 789.7
20.74, 1.926, 787.5
20.75, 1.925, 785.5
20.76, 1.924, 783.8
20.77, 1.923, 779.4
20.78, 1.922, 780.4
20.79, 1.921, 778.5
20.80, 1.920, 777.3
20.81, 1.919, 776.3
20.82, 1.918, 773.9
20.83, 1.917, 772.5
20.84, 1.916, 770.6
20.85, 1.915, 769.1
20.86, 1.914, 765.6
20.87, 1.913, 766.0
20.88, 1.912, 763.6
20.89, 1.911, 761.5
20.90, 1.910, 758.8
20.91, 1.909, 756.9
20.92, 1.908, 755.9
20.93, 1.907, 754.8
20.94, 1.906, 753.2
20.95, 1.905, 751.5
20.96, 1.904, 748.9
20.97, 1.903, 748.1
20.98, 1.902, 745.8
20.99, 1.901, 743.7
21.00, 1.900, 741.1
21.01, 1.899, 742.1
21.02, 1.898, 738.6
21.03, 1.897, 736.7
21.04, 1.896, 735.5
21.05, 1.895, 733.6
21.06, 1.894, 733.0
21.07, 1.893, 729.5
21.08, 1.892, 729.4
21.09, 1.891, 727.7
21.10, 1.890, 724.2
21.11, 1.889, 725.2
21.12, 1.888, 720.7
21.13, 1.887, 721.2
21.14, 1.886, 718.4
21.15, 1.885, 717.4
21.16, 1.884, 714.5
21.17, 1.883, 712.6
21.18, 1.882, 712.5
21.19, 1.881, 710.2
21.20, 1.880, 708.5
21.21, 1.879, 705.7
21.22, 1.878, 706.8
21.23, 1.877, 703.5
21.24, 1.876, 701.1
21.25, 1.875, 702.1
21.26, 1.874, 699.0
21.27, 1.873, 698.6
21.28, 1.872, 694.5
21.29, 1.871, 694.3
21.30, 1.870, 693.2
21.31, 1.869, 690.5
21.32, 1.868, 689.7
21.33, 1.867, 685.7
21.34, 1.866, 683.6
21.35, 1.865, 681.4
21.36, 1.864, 681.9
21.37, 1.863, 679.9
21.38, 1.862, 677.4
21.39, 1.861, 676.3
21.40, 1.860, 675.1
21.41, 1.859, 673.5
21.42, 1.858, 670.6
21.43, 1.857, 668.2
21.44, 1.856, 667.2
21.45, 1.855, 665.5
21.46, 1.854, 665.1
21.47, 1.853, 663.1
21.48, 1.852, 660.1
21.49, 1.851, 658.0
21.50, 1.850, 657.2
21.51, 1.849, 656.3
21.52, 1.848, 652.9
21.53, 1.847, 652.2
21.54, 1.846, 651.0
21.55, 1.845, 648.6
21.56, 1.844, 647.4
21.57, 1.843, 645.3
21.58, 1.842, 645.4
21.59, 1.841, 643.4
21.60, 1.840, 640.5
21.61, 1.839, 639.5
21.62, 1.838, 636.9
21.63, 1.837, 636.0
21.64, 1.836, 633.5
21.65, 1.835, 632.8
21.66, 1.834, 629.8
21.67, 1.833, 628.1
21.68, 1.832, 626.6
21.69, 1.831, 624.9
21.70, 1.830, 623.6
21.71, 1.829, 619.5
21.72, 1.828, 618.7
21.73, 1.827, 616.7
21.74, 1.826, 614.3
21.75, 1.825, 614.3
21.76, 1.824, 612.5
21.77, 1.823, 610.0
21.78, 1.822, 607.5
21.79, 1.821, 603.7
21.80, 1.820, 604.7
21.81, 1.819, 602.3
21.82, 1.818, 601.1
21.83, 1.817, 598.4
21.84, 1.816, 597.4
21.85, 1.815, 594.0
21.86, 1.814, 593.0
21.87, 1.813, 593.5
21.88, 1.812, 590.2
21.89, 1.811, 590.3
21.90, 1.810, 587.0
21.91, 1.809, 587.0
21.92, 1.808, 583.8
21.93, 1.807, 581.7
21.94, 1.806, 581.7
21.95, 1.805, 578.8
21.96, 1.804, 578.3
21.97, 1.803, 574.5
21.98, 1.802, 574.7
21.99, 1.801, 572.1
22.00, 1.800, 570.2
22.01, 1.799, 568.9
22.02, 1.798, 565.7
22.03, 1.797, 565.5
22.04, 1.796, 563.2
22.05, 1.795, 562.5
22.06, 1.794, 559.6
22.07, 1.793, 558.1
22.08, 1.792, 557.0
22.09, 1.791, 554.8
22.10, 1.790, 552.7
22.11, 1.789, 551.0
22.12, 1.788, 550.2
22.13, 1.787, 546.7
22.14, 1.786, 545.5
22.15, 1.785, 544.2
22.16, 1.784, 541.8
22.17, 1.783, 539.2
22.18, 1.782, 537.8
22.19, 1.781, 538.2
22.20, 1.780, 534.3
22.21, 1.779, 534.0
22.22, 1.778, 531.5
22.23, 1.777, 528.8
22.24, 1.776, 527.0
22.25, 1.775, 524.9
22.26, 1.774, 524.1
22.27, 1.773, 520.2
22.28, 1.772, 520.9
22.29, 1.771, 517.0
22.30, 1.770, 515.5
22.31, 1.769, 513.6
22.32, 1.768, 511.5
22.33, 1.767, 512.0
22.34, 1.766, 509.3
22.35, 1.765, 508.1
22.36, 1.764, 507.1
22.37, 1.763, 502.8
22.38, 1.762, 504.1
22.39, 1.761, 500.3
22.40, 1.760, 499.0
22.41, 1.759, 497.0
22.42, 1.758, 493.5
22.43, 1.757, 492.9
22.44, 1.756, 489.8
22.45, 1.755, 488.4
22.46, 1.754, 487.1
22.47, 1.753, 484.4
22.48, 1.752, 482.3
22.49, 1.751, 479.0
22.50, 1.750, 480.9
22.51, 1.749, 479.9
22.52, 1.748, 477.4
22.53, 1.747, 476.6
22.54, 1.746, 475.1
22.55, 1.745, 472.7
22.56, 1.744, 471.5
22.57, 1.743, 467.8
22.58, 1.742, 467.1
22.59, 1.741, 464.7
22.60, 1.740, 462.1
22.61, 1.739, 459.7
22.62, 1.738, 459.0
22.63, 1.737, 459.3
22.64, 1.736, 454.5
22.65, 1.735, 453.7
22.66, 1.734, 451.3
22.67, 1.733, 450.7
22.68, 1.732, 449.6
22.69, 1.731, 445.1
22.70, 1.730, 445.8
22.71, 1.729, 442.6
22.72, 1.728, 439.8
22.73, 1.727, 438.4
22.74, 1.726, 435.6
22.75, 1.725, 435.3
22.76, 1.724, 431.6
22.77, 1.723, 432.6
22.78, 1.722, 430.9
22.79, 1.721, 428.1
22.80, 1.720, 426.4
22.81, 1.719, 424.2
22.82, 1.718, 422.5
22.83, 1.717, 420.2
22.84, 1.716, 419.1
22.85, 1.715, 417.0
22.86, 1.714, 414.5
22.87, 1.713, 414.8
22.88, 1.712, 413.1
22.89, 1.711, 411.2
22.90, 1.710, 409.1
22.91, 1.709, 406.7
22.92, 1.708, 405.1
22.93, 1.707, 402.2
22.94, 1.706, 402.0
22.95, 1.705, 398.5
22.96, 1.704, 396.9
22.97, 1.703, 396.8
22.98, 1.702, 394.4
22.99, 1.701, 392.2
23.00, 1.700, 389.5
23.01, 1.699, 387.7
23.02, 1.698, 386.3
23.03, 1.697, 383.6
23.04, 1.696, 382.6
23.05, 1.695, 378.5
23.06, 1.694, 377.5
23.07, 1.693, 376.1
23.08, 1.692, 371.6
23.09, 1.691, 372.4
23.10, 1.690, 369.3
23.11, 1.689, 366.5
23.12, 1.688, 365.6
23.13, 1.687, 363.6
23.14, 1.686, 363.6
23.15, 1.685, 358.9
23.16, 1.684, 359.0
23.17, 1.683, 355.8
23.18, 1.682, 354.2
23.19, 1.681, 350.8
23.20, 1.680, 350.5
23.21, 1.679, 347.7
23.22, 1.678, 345.8
23.23, 1.677, 344.2
23.24, 1.676, 343.1
23.25, 1.675, 339.6
23.26, 1.674, 337.7
23.27, 1.673, 334.5
23.28, 1.672, 334.2
23.29, 1.671, 332.5
23.30, 1.670, 330.9
23.31, 1.669, 330.5
23.32, 1.668, 326.1
23.33, 1.667, 325.1
23.34, 1.666, 324.1
23.35, 1.665, 321.3
23.36, 1.664, 319.1
23.37, 1.663, 317.1
23.38, 1.662, 316.8
23.39, 1.661, 312.5
23.40, 1.660, 313.5
23.41, 1.659, 308.9
23.42, 1.658, 307.8
23.43, 1.657, 304.6
23.44, 1.656, 303.8
23.45, 1.655, 302.8
23.46, 1.654, 298.6
23.47, 1.653, 297.7
23.48, 1.652, 295.6
23.49, 1.651, 293.9
23.50, 1.650, 293.3
23.51, 1.649, 289.2
23.52, 1.648, 287.9
23.53, 1.647, 285.1
23.54, 1.646, 284.4
23.55, 1.645, 282.8
23.56, 1.644, 278.5
23.57, 1.643, 278.6
23.58, 1.642, 276.7
23.59, 1.641, 274.6
23.60, 1.640, 272.7
23.61, 1.639, 271.2
23.62, 1.638, 270.6
23.63, 1.637, 266.9
23.64, 1.636, 265.8
23.65, 1.635, 262.6
23.66, 1.634, 260.4
23.67, 1.633, 260.0
23.68, 1.632, 257.7
23.69, 1.631, 257.0
23.70, 1.630, 253.6
23.71, 1.629, 253.3
23.72, 1.628, 250.7
23.73, 1.627, 248.3
23.74, 1.626, 245.6
23.75, 1.625, 246.8
23.76, 1.624, 243.8
23.77, 1.623, 242.2
23.78, 1.622, 240.3
23.79, 1.621, 237.7
23.80, 1.620, 236.3
23.81, 1.619, 232.5
23.82, 1.618, 232.8
23.83, 1.617, 230.6
23.84, 1.616, 227.9
23.85, 1.615, 225.3
23.86, 1.614, 226.0
23.87, 1.613, 224.0
23.88, 1.612, 221.2
23.89, 1.611, 219.3
23.90, 1.610, 217.4
23.91, 1.609, 216.0
23.92, 1.608, 213.3
23.93, 1.607, 211.5
23.94, 1.606, 210.1
23.95, 1.605, 207.5
23.96, 1.604, 208.3
23.97, 1.603, 204.7
23.98, 1.602, 203.9
23.99, 1.601, 202.2
24.00, 1.600, 201.3
24.01, 1.599, 199.0
24.02, 1.598, 194.4
24.03, 1.597, 194.5
24.04, 1.596, 192.4
24.05, 1.595, 190.6
24.06, 1.594, 190.0
24.07, 1.593, 187.7
24.08, 1.592, 187.4
24.09, 1.591, 185.4
24.10, 1.590, 184.7
24.11, 1.589, 180.2
24.12, 1.588, 177.1
24.13, 1.587, 177.4
24.14, 1.586, 177.1
24.15, 1.585, 176.1
24.16, 1.584, 172.9
24.17, 1.583, 171.3
24.18, 1.582, 171.1
24.19, 1.581, 168.9
24.20, 1.580, 165.1
24.21, 1.579, 165.8
24.22, 1.578, 164.4
24.23, 1.577, 161.6
24.24, 1.576, 159.6
24.25, 1.575, 158.9
24.26, 1.574, 156.0
24.27, 1.573, 154.8
24.28, 1.572, 152.1
24.29, 1.571, 150.4
24.30, 1.570, 149.5
24.31, 1.569, 146.2
24.32, 1.568, 145.3
24.33, 1.567, 144.4
24.34, 1.566, 141.1
24.35, 1.565, 140.9
24.36, 1.564, 139.7
24.37, 1.563, 140.7
24.38, 1.562, 137.9
24.39, 1.561, 137.4
24.40, 1.560, 135.5
24.41, 1.559, 134.3
24.42, 1.558, 132.1
24.43, 1.557, 129.2
24.44, 1.556, 130.3
24.45, 1.555, 127.5
24.46, 1.554, 126.6
24.47, 1.553, 123.8
24.48, 1.552, 123.7
24.49, 1.551, 122.0
24.50, 1.550, 119.0
24.51, 1.549, 118.1
24.52, 1.548, 115.9
24.53, 1.547, 115.4
24.54, 1.546, 113.6
24.55, 1.545, 112.4
24.56, 1.544, 111.5
24.57, 1.543, 109.8
24.58, 1.542, 109.8
24.59, 1.541, 107.2
24.60, 1.540, 107.0
24.61, 1.539, 104.9
24.62, 1.538, 103.9
24.63, 1.537, 102.3
24.64, 1.536, 101.3
24.65, 1.535, 99.15
24.66, 1.534, 98.55
24.67, 1.533, 98.28
24.68, 1.532, 94.65
24.69, 1.531, 94.25
24.70, 1.530, 91.61
24.71, 1.529, 92.13
24.72, 1.528, 90.36
24.73, 1.527, 89.35
24.74, 1.526, 87.78
24.75, 1.525, 86.75
24.76, 1.524, 84.96
24.77, 1.523, 84.96
24.78, 1.522, 81.55
24.79, 1.521, 81.56
24.80, 1.520, 80.53
24.81, 1.519, 79.89
24.82, 1.518, 79.11
24.83, 1.517, 76.91
24.84, 1.516, 74.96
24.85, 1.515, 74.66
24.86, 1.514, 73.78
24.87, 1.513, 72.68
24.88, 1.512, 74.00
24.89, 1.511, 69.99
24.90, 1.510, 70.30
24.91, 1.509, 68.00
24.92, 1.508, 67.93
24.93, 1.507, 67.28
24.94, 1.506, 64.56
24.95, 1.505, 64.45
24.96, 1.504, 63.33
24.97, 1.503, 62.85
24.98, 1.502, 61.65
24.99, 1.501, 60.42
25.00, 1.500, 61.73
25.01, 1.499, 59.33
25.02, 1.498, 59.42
25.03, 1.497, 57.93
25.04, 1.496, 57.70
25.05, 1.495, 56.58
25.06, 1.494, 55.62
25.07, 1.493, 54.32
25.08, 1.492, 53.61
25.09, 1.491, 53.10
25.10, 1.490, 51.73
25.11, 1.489, 49.71
25.12, 1.488, 49.69
25.13, 1.487, 49.54
25.14, 1.486, 48.13
25.15, 1.485, 47.21
25.16, 1.484, 47.20
25.17, 1.483, 46.77
25.18, 1.482, 43.81
25.19, 1.481, 43.78
25.20, 1.480, 41.80
25.21, 1.479, 42.74
25.22, 1.478, 42.01
25.23, 1.477, 42.86
25.24, 1.476, 40.76
25.25, 1.475, 39.86
25.26, 1.474, 39.65
25.27, 1.473, 38.59
25.28, 1.472, 38.97
25.29, 1.471, 38.60
25.30, 1.470, 37.04
25.31, 1.469, 36.16
25.32, 1.468, 36.16
25.33, 1.467, 35.89
25.34, 1.466, 33.66
25.35, 1.465, 35.72
25.36, 1.464, 32.12
25.37, 1.463, 33.16
25.38, 1.462, 31.91
25.39, 1.461, 31.22
25.40, 1.460, 31.44
25.41, 1.459, 29.70
25.42, 1.458, 30.43
25.43, 1.457, 28.77
25.44, 1.456, 28.29
25.45, 1.455, 28.60
25.46, 1.454, 27.51
25.47, 1.453, 27.09
25.48, 1.452, 26.49
25.49, 1.451, 25.78
25.50, 1.450, 25.56
25.51, 1.449, 24.11
25.52, 1.448, 23.23
25.53, 1.447, 23.15
25.54, 1.446, 22.56
25.55, 1.445, 21.44
25.56, 1.444, 22.08
25.57, 1.443, 20.97
25.58, 1.442, 19.64
25.59, 1.441, 19.72
25.60, 1.440, 19.39
25.61, 1.439, 20.21
25.62, 1.438, 18.74
25.63, 1.437, 18.56
25.64, 1.436, 20.43
25.65, 1.435, 18.64
25.66, 1.434, 17.03
25.67, 1.433, 16.94
25.68, 1.432, 16.88
25.69, 1.431, 17.81
25.70, 1.430, 18.06
25.71, 1.429, 16.41
25.72, 1.428, 14.87
25.73, 1.427, 15.23
25.74, 1.426, 14.86
25.75, 1.425, 14.51
25.76, 1.424, 14.44
25.77, 1.423, 13.79
25.78, 1.422, 14.63
25.79, 1.421, 13.02
25.80, 1.420, 13.44
25.81, 1.419, 13.41
25.82, 1.418, 12.87
25.83, 1.417, 12.82
25.84, 1.416, 11.58
25.85, 1.415, 11.91
25.86, 1.414, 12.21
25.87, 1.413, 12.27
25.88, 1.412, 11.07
25.89, 1.411, 10.95
25.90, 1.410, 12.07
25.91, 1.409, 10.59
25.92, 1.408, 10.35
25.93, 1.407, 9.418
25.94, 1.406, 10.17
25.95, 1.405, 9.883
25.96, 1.404, 8.168
25.97, 1.403, 8.794
25.98, 1.402, 7.654
25.99, 1.401, 7.121
26.00, 1.400, 8.670
26.01, 1.399, 7.554
26.02, 1.398, 8.231
26.03, 1.397, 6.272
26.04, 1.396, 8.777
26.05, 1.395, 5.888
26.06, 1.394, 6.715
26.07, 1.393, 6.598
26.08, 1.392, 6.825
26.09, 1.391, 6.720
26.10, 1.390, 5.016
26.11, 1.389, 5.711
26.12, 1.388, 6.749
26.13, 1.387, 6.185
26.14, 1.386, 5.367
26.15, 1.385, 4.844
26.16, 1.384, 5.043
26.17, 1.383, 4.880
26.18, 1.382, 5.005
26.19, 1.381, 5.390
26.20, 1.380, 5.702
26.21, 1.379, 4.781
26.22, 1.378, 4.063
26.23, 1.377, 4.812
26.24, 1.376, 5.266
26.25, 1.375, 3.914
26.26, 1.374, 3.638
26.27, 1.373, 4.246
26.28, 1.372, 3.670
26.29, 1.371, 3.766
26.30, 1.370, 3.126
26.31, 1.369, 3.554
26.32, 1.368, 2.682
26.33, 1.367, 3.874
26.34, 1.366, 2.011
26.35, 1.365, 3.793
26.36, 1.364, 4.276
26.37, 1.363, 2.500
26.38, 1.362, 3.181
26.39, 1.361, 1.838
26.40, 1.360, 2.709
26.41, 1.359, 2.733
26.42, 1.358, 2.361
26.43, 1.357, 2.718
26.44, 1.356, 2.502
26.45, 1.355, 1.502
26.46, 1.354, 1.656
26.47, 1.353, 3.410
26.48, 1.352, 2.059
26.49, 1.351, 2.098
26.50, 1.350, 2.123
26.51, 1.349, 1.216
26.52, 1.348, 2.252
26.53, 1.347, 1.480
26.54, 1.346, 1.817
26.55, 1.345, 1.355
26.56, 1.344, -0.1137
26.57, 1.343, 1.069
26.58, 1.342, 0.9119
26.59, 1.341, -0.6188
26.60, 1.340, 0.7460
26.61, 1.339, -0.3491
26.62, 1.338, 0.8237
26.63, 1.337, 0.02962
26.64, 1.336, 0.8740
26.65, 1.335, 0.8315
26.66, 1.334, -0.2379
26.67, 1.333, 0.09611
26.68, 1.332, -0.2723
26.69, 1.331, -1.495
26.70, 1.330, -1.764
26.71, 1.329, -0.9998
26.72, 1.328, -1.026
26.73, 1.327, -1.139
26.74, 1.326, -1.446
26.75, 1.325, -0.5273
26.76, 1.324, -0.9144
26.77, 1.323, -3.360
26.78, 1.322, -3.665
26.79, 1.321, -2.604
26.80, 1.320, -2.740
26.81, 1.319, -4.323
26.82, 1.318, -3.940
26.83, 1.317, -3.116
26.84, 1.316, -3.665
26.85, 1.315, -4.881
26.86, 1.314, -4.400
26.87, 1.313, -2.936
26.88, 1.312, -5.131
26.89, 1.311, -5.077
26.90, 1.310, -5.647
26.91, 1.309, -5.622
26.92, 1.308, -5.811
26.93, 1.307, -4.419
26.94, 1.306, -5.770
26.95, 1.305, -6.439
26.96, 1.304, -5.957
26.97, 1.303, -5.569
26.98, 1.302, -5.538
26.99, 1.301, -4.953
27.00, 1.300, -5.643
27.01, 1.299, -5.920
27.02, 1.298, -6.148
27.03, 1.297, -5.868
27.04, 1.296, -5.313
27.05, 1.295, -4.602
27.06, 1.294, -4.636
27.07, 1.293, -4.098
27.08, 1.292, -4.955
27.09, 1.291, -4.691
27.10, 1.290, -3.040
27.11, 1.289, -4.043
27.12, 1.288, -3.177
27.13, 1.287, -3.703
27.14, 1.286, -3.849
27.15, 1.285, -3.492
27.16, 1.284, -1.622
27.17, 1.283, -2.997
27.18, 1.282, -3.098
27.19, 1.281, -5.645
27.20, 1.280, -4.489
27.21, 1.279, -1.416
27.22, 1.278, -4.866
27.23, 1.277, -3.316
27.24, 1.276, -4.824
27.25, 1.275, -5.263
27.26, 1.274, -4.385
27.27, 1.273, -4.618
27.28, 1.272, -4.515
27.29, 1.271, -4.199
27.30, 1.270, -4.692
27.31, 1.269, -4.195
27.32, 1.268, -4.119
27.33, 1.267, -3.870
27.34, 1.266, -3.888
27.35, 1.265, -3.238
27.36, 1.264, -2.771
27.37, 1.263, -4.836
27.38, 1.262, -3.199
27.39, 1.261, -1.328
27.40, 1.260, -6.589
27.41, 1.259, -2.816
27.42, 1.258, -3.817
27.43, 1.257, -4.374
27.44, 1.256, -4.417
27.45, 1.255, -4.466
27.46, 1.254, -4.079
27.47, 1.253, -5.689
27.48, 1.252, -3.733
27.49, 1.251, -4.850
27.50, 1.250, -3.677
27.51, 1.249, -3.274
27.52, 1.248, -3.811
27.53, 1.247, -4.842
27.54, 1.246, -4.129
27.55, 1.245, -4.041
27.56, 1.244, -2.848
27.57, 1.243, -4.924
27.58, 1.242, -4.014
27.59, 1.241, -3.978
27.60, 1.240, -4.769
27.61, 1.239, -2.808
27.62, 1.238, -5.429
27.63, 1.237, -4.195
27.64, 1.236, -4.332
27.65, 1.235, -3.482
27.66, 1.234, -3.802
27.67, 1.233, -5.157
27.68, 1.232, -4.332
27.69, 1.231, -4.320
27.70, 1.230, -4.213
27.71, 1.229, -4.075
27.72, 1.228, -3.295
27.73, 1.227, -4.952
27.74, 1.226, -4.146
27.75, 1.225, -4.693
27.76, 1.224, -4.303
27.77, 1.223, -3.950
27.78, 1.222, -4.021
27.79, 1.221, -5.830
27.80, 1.220, -3.857
27.81, 1.219, -4.889
27.82, 1.218, -5.023
27.83, 1.217, -3.757
27.84, 1.216, -4.051
27.85, 1.215, -3.610
27.86, 1.214, -3.574
27.87, 1.213, -2.356
27.88, 1.212, -4.590
27.89, 1.211, -5.002
27.90, 1.210, -5.468
27.91, 1.209, -4.451
27.92, 1.208, -4.176
27.93, 1.207, -4.968
27.94, 1.206, -3.505
27.95, 1.205, -2.853
27.96, 1.204, -5.004
27.97, 1.203, -4.523
27.98, 1.202, -3.395
27.99, 1.201, -5.235
28.00, 1.200, -4.331
28.01, 1.199, -4.382
28.02, 1.198, -4.335
28.03, 1.197, -4.045
28.04, 1.196, -4.071
28.05, 1.195, -4.995
28.06, 1.194, -4.108
28.07, 1.193, -6.677
28.08, 1.192, -5.154
28.09, 1.191, -4.591
28.10, 1.190, -4.213
28.11, 1.189, -4.983
28.12, 1.188, -5.511
28.13, 1.187, -4.955
28.14, 1.186, -4.574
28.15, 1.185, -4.098
28.16, 1.184, -3.764
28.17, 1.183, -2.659
28.18, 1.182, -3.685
28.19, 1.181, -4.176
28.20, 1.180, -3.220
28.21, 1.179, -3.851
28.22, 1.178, -4.566
28.23, 1.177, -3.915
28.24, 1.176, -5.461
28.25, 1.175, -4.925
28.26, 1.174, -3.857
28.27, 1.173, -4.969
28.28, 1.172, -4.960
28.29, 1.171, -5.486
28.30, 1.170, -4.072
28.31, 1.169, -4.627
28.32, 1.168, -4.847
28.33, 1.167, -5.199
28.34, 1.166, -5.398
28.35, 1.165, -5.240
28.36, 1.164, -4.529
28.37, 1.163, -5.135
28.38, 1.162, -4.674
28.39, 1.161, -5.227
28.40, 1.160, -4.421
28.41, 1.159, -4.769
28.42, 1.158, -5.120
28.43, 1.157, -4.993
28.44, 1.156, -5.166
28.45, 1.155, -2.798
28.46, 1.154, -4.748
28.47, 1.153, -4.754
28.48, 1.152, -4.726
28.49, 1.151, -5.220
28.50, 1.150, -4.762
28.51, 1.149, -4.688
28.52, 1.148, -5.378
28.53, 1.147, -4.635
28.54, 1.146, -3.674
28.55, 1.145, -4.599
28.56, 1.144, -4.049
28.57, 1.143, -4.671
28.58, 1.142, -4.095
28.59, 1.141, -3.972
28.60, 1.140, -4.906
28.61, 1.139, -4.379
28.62, 1.138, -4.475
28.63, 1.137, -4.472
28.64, 1.136, -4.271
28.65, 1.135, -5.025
28.66, 1.134, -6.630
28.67, 1.133, -4.106
28.68, 1.132, -4.383
28.69, 1.131, -4.177
28.70, 1.130, -5.027
28.71, 1.129, -5.367
28.72, 1.128, -3.885
28.73, 1.127, -4.214
28.74, 1.126, -4.822
28.75, 1.125, -5.083
28.76, 1.124, -4.662
28.77, 1.123, -5.009
28.78, 1.122, -4.678
28.79, 1.121, -4.025
28.80, 1.120, -4.726
28.81, 1.119, -4.745
28.82, 1.118, -5.539
28.83, 1.117, -7.335
28.84, 1.116, -5.865
28.85, 1.115, -5.180
28.86, 1.114, -4.855
28.87, 1.113, -4.555
28.88, 1.112, -3.488
28.89, 1.111, -4.974
28.90, 1.110, -4.951
28.91, 1.109, -5.367
28.92, 1.108, -3.780
28.93, 1.107, -4.290
28.94, 1.106, -5.708
28.95, 1.105, -5.456
28.96, 1.104, -5.303
28.97, 1.103, -5.014
28.98, 1.102, -5.451
28.99, 1.101, -4.921
29.00, 1.100, -4.348
29.01, 1.099, -3.798
29.02, 1.098, -4.775
29.03, 1.097, -4.683
29.04, 1.096, -3.023
29.05, 1.095, -5.248
29.06, 1.094, -4.782
29.07, 1.093, -6.066
29.08, 1.092, -5.329
29.09, 1.091, -4.811
29.10, 1.090, -4.890
29.11, 1.089, -5.010
29.12, 1.088, -2.992
29.13, 1.087, -5.358
29.14, 1.086, -3.905
29.15, 1.085, -5.943
29.16, 1.084, -4.487
29.17, 1.083, -4.917
29.18, 1.082, -4.156
29.19, 1.081, -4.928
29.20, 1.080, -4.992
29.21, 1.079, -4.655
29.22, 1.078, -5.364
29.23, 1.077, -4.732
29.24, 1.076, -5.417
29.25, 1.075, -3.987
29.26, 1.074, -5.057
29.27, 1.073, -3.258
29.28, 1.072, -4.358
29.29, 1.071, -5.549
29.30, 1.070, -5.405
29.31, 1.069, -4.870
29.32, 1.068, -4.244
29.33, 1.067, -4.048
29.34, 1.066, -4.310
29.35, 1.065, -6.452
29.36, 1.064, -5.567
29.37, 1.063, -4.056
29.38, 1.062, -5.828
29.39, 1.061, -5.073
29.40, 1.060, -3.919
29.41, 1.059, -5.267
29.42, 1.058, -5.094
29.43, 1.057, -6.543
29.44, 1.056, -4.919
29.45, 1.055, -4.974
29.46, 1.054, -7.053
29.47, 1.053, -4.397
29.48, 1.052, -4.981
29.49, 1.051, -5.048
29.50, 1.050, -3.875
29.51, 1.049, -4.793
29.52, 1.048, -4.271
29.53, 1.047, -4.788
29.54, 1.046, -4.289
29.55, 1.045, -4.826
29.56, 1.044, -4.990
29.57, 1.043, -4.768
29.58, 1.042, -4.618
29.59, 1.041, -5.175
29.60, 1.040, -4.555
29.61, 1.039, -4.909
29.62, 1.038, -3.105
29.63, 1.037, -5.317
29.64, 1.036, -4.282
29.65, 1.035, -4.871
29.66, 1.034, -4.549
29.67, 1.033, -5.174
29.68, 1.032, -4.178
29.69, 1.031, -5.239
29.70, 1.030, -4.019
29.71, 1.029, -3.401
29.72, 1.028, -5.289
29.73, 1.027, -4.759
29.74, 1.026, -5.945
29.75, 1.025, -5.455
29.76, 1.024, -4.755
29.77, 1.023, -4.821
29.78, 1.022, -3.776
29.79, 1.021, -4.778
29.80, 1.020, -5.120
29.81, 1.019, -4.871
29.82, 1.018, -5.196
29.83, 1.017, -3.771
29.84, 1.016, -4.014
29.85, 1.015, -4.344
29.86, 1.014, -5.241
29.87, 1.013, -4.169
29.88, 1.012, -5.442
29.89, 1.011, -4.730
29.90, 1.010, -4.940
29.91, 1.009, -4.896
29.92, 1.008, -4.600
29.93, 1.007, -4.114
29.94, 1.006, -5.754
29.95, 1.005, -4.786
29.96, 1.004, -3.108
29.97, 1.003, -5.592
29.98, 1.002, -4.039
29.99, 1.001, -5.635
30.00, 1.000, -4.694
30.01, 0.9990, -5.355
30.02, 0.9980, -5.152
30.03, 0.9970, -4.807
30.04, 0.9960, -4.145
30.05, 0.9950, -6.120
30.06, 0.9940, -3.083
30.07, 0.9930, -4.072
30.08, 0.9920, -5.192
30.09, 0.9910, -5.180
30.10, 0.9900, -5.754
30.11, 0.9890, -5.077
30.12, 0.9880, -4.539
30.13, 0.9870, -5.934
30.14, 0.9860, -5.357
30.15, 0.9850, -4.627
30.16, 0.9840, -4.190
30.17, 0.9830, -4.771
30.18, 0.9820, -4.942
30.19, 0.9810, -5.124
30.20, 0.9800, -4.271
30.21, 0.9790, -3.816
30.22, 0.9780, -3.299
30.23, 0.9770, -3.183
30.24, 0.9760, -5.339
30.25, 0.9750, -3.648
30.26, 0.9740, -4.818
30.27, 0.9730, -5.157
30.28, 0.9720, -4.088
30.29, 0.9710, -4.235
30.30, 0.9700, -4.616
30.31, 0.9690, -3.815
30.32, 0.9680, -4.351
30.33, 0.9670, -4.687
30.34, 0.9660, -6.108
30.35, 0.9650, -3.829
30.36, 0.9640, -5.362
30.37, 0.9630, -4.934
30.38, 0.9620, -3.629
30.39, 0.9610, -5.248
30.40, 0.9600, -5.481
30.41, 0.9590, -3.159
30.42, 0.9580, -5.649
30.43, 0.9570, -4.644
30.44, 0.9560, -4.024
30.45, 0.9550, -4.198
30.46, 0.9540, -5.323
30.47, 0.9530, -4.414
30.48, 0.9520, -3.939
30.49, 0.9510, -4.844
30.50, 0.9500, -6.170
30.51, 0.9490, -5.113
30.52, 0.9480, -4.198
30.53, 0.9470, -4.597
30.54, 0.9460, -4.649
30.55, 0.9450, -3.784
30.56, 0.9440, -4.960
30.57, 0.9430, -4.476
30.58, 0.9420, -4.285
30.59, 0.9410, -5.623
30.60, 0.9400, -4.838
30.61, 0.9390, -5.051
30.62, 0.9380, -4.339
30.63, 0.9370, -4.890
30.64, 0.9360, -5.380
30.65, 0.9350, -5.451
30.66, 0.9340, -4.563
30.67, 0.9330, -4.419
30.68, 0.9320, -4.724
30.69, 0.9310, -5.018
30.70, 0.9300, -6.156
30.71, 0.9290, -3.954
30.72, 0.9280, -4.595
30.73, 0.9270, -4.888
30.74, 0.9260, -4.779
30.75, 0.9250, -4.918
30.76, 0.9240, -4.028
30.77, 0.9230, -5.572
30.78, 0.9220, -5.311
30.79, 0.9210, -4.842
30.80, 0.9200, -3.749
30.81, 0.9190, -3.215
30.82, 0.9180, -5.495
30.83, 0.9170, -4.782
30.84, 0.9160, -4.549
30.85, 0.9150, -4.759
30.86, 0.9140, -3.755
30.87, 0.9130, -4.405
30.88, 0.9120, -4.950
30.89, 0.9110, -4.875
30.90, 0.9100, -7.230
30.91, 0.9090, -4.867
30.92, 0.9080, -4.655
30.93, 0.9070, -5.382
30.94, 0.9060, -5.517
30.95, 0.9050, -5.998
30.96, 0.9040, -2.599
30.97, 0.9030, -4.511
30.98, 0.9020, -5.944
30.99, 0.9010, -4.355
31.00, 0.9000, -4.608
31.01, 0.8990, -4.743
31.02, 0.8980, -4.190
31.03, 0.8970, -4.574
31.04, 0.8960, -5.649
31.05, 0.8950, -4.699
31.06, 0.8940, -5.161
31.07, 0.8930, -5.130
31.08, 0.8920, -4.060
31.09, 0.8910, -4.609
31.10, 0.8900, -4.021
31.11, 0.8890, -4.090
31.12, 0.8880, -2.902
31.13, 0.8870, -5.186
31.14, 0.8860, -4.493
31.15, 0.8850, -3.523
31.16, 0.8840, -5.370
31.17, 0.8830, -5.173
31.18, 0.8820, -3.779
31.19, 0.8810, -5.667
31.20, 0.8800, -5.560
31.21, 0.8790, -4.618
31.22, 0.8780, -3.546
31.23, 0.8770, -4.135
31.24, 0.8760, -3.972
31.25, 0.8750, -3.344
31.26, 0.8740, -4.005
31.27, 0.8730, -4.528
31.28, 0.8720, -3.543
31.29, 0.8710, -4.087
31.30, 0.8700, -5.230
31.31, 0.8690, -4.708
31.32, 0.8680, -5.426
31.33, 0.8670, -5.852
31.34, 0.8660, -3.686
31.35, 0.8650, -3.888
31.36, 0.8640, -5.072
31.37, 0.8630, -4.800
31.38, 0.8620, -6.806
31.39, 0.8610, -5.889
31.40, 0.8600, -6.618
31.41, 0.8590, -4.290
31.42, 0.8580, -4.968
31.43, 0.8570, -5.587
31.44, 0.8560, -4.682
31.45, 0.8550, -4.428
31.46, 0.8540, -4.468
31.47, 0.8530, -8.095
31.48, 0.8520, -5.552
31.49, 0.8510, -3.860
31.50, 0.8500, -3.707
31.51, 0.8490, -4.261
31.52, 0.8480, -4.852
31.53, 0.8470, -5.518
31.54, 0.8460, -4.472
31.55, 0.8450, -4.880
31.56, 0.8440, -5.462
31.57, 0.8430, -5.359
31.58, 0.8420, -2.981
31.59, 0.8410, -5.196
31.60, 0.8400, -5.383
31.61, 0.8390, -5.459
31.62, 0.8380, -6.061
31.63, 0.8370, -3.199
31.64, 0.8360, -5.070
31.65, 0.8350, -4.055
31.66, 0.8340, -3.923
31.67, 0.8330, -4.002
31.68, 0.8320, -4.590
31.69, 0.8310, -5.257
31.70, 0.8300, -4.674
31.71, 0.8290, -5.511
31.72, 0.8280, -5.248
31.73, 0.8270, -5.472
31.74, 0.8260, -5.855
31.75, 0.8250, -4.065
31.76, 0.8240, -5.685
31.77, 0.8230, -4.524
31.78, 0.8220, -5.209
31.79, 0.8210, -5.521
31.80, 0.8200, -4.275
31.81, 0.8190, -3.977
31.82, 0.8180, -5.267
31.83, 0.8170, -5.191
31.84, 0.8160, -4.989
31.85, 0.8150, -5.489
31.86, 0.8140, -3.988
31.87, 0.8130, -5.658
31.88, 0.8120, -5.426
31.89, 0.8110, -4.589
31.90, 0.8100, -4.958
31.91, 0.8090, -4.540
31.92, 0.8080, -4.560
31.93, 0.8070, -3.906
31.94, 0.8060, -4.586
31.95, 0.8050, -4.805
31.96, 0.8040, -5.404
31.97, 0.8030, -4.526
31.98, 0.8020, -5.143
31.99, 0.8010, -4.889
32.00, 0.8000, -5.294
32.01, 0.7990, -3.969
32.02, 0.7980, -5.424
32.03, 0.7970, -4.959
32.04, 0.7960, -4.706
32.05, 0.7950, -6.154
32.06, 0.7940, -5.439
32.07, 0.7930, -5.501
32.08, 0.7920, -6.289
32.09, 0.7910, -3.639
32.10, 0.7900, -4.212
32.11, 0.7890, -3.825
32.12, 0.7880, -4.113
32.13, 0.7870, -6.640
32.14, 0.7860, -4.755
32.15, 0.7850, -3.666
32.16, 0.7840, -4.090
32.17, 0.7830, -5.131
32.18, 0.7820, -5.265
32.19, 0.7810, -5.008
32.20, 0.7800, -3.952
32.21, 0.7790, -4.207
32.22, 0.7780, -3.592
32.23, 0.7770, -3.403
32.24, 0.7760, -4.762
32.25, 0.7750, -4.367
32.26, 0.7740, -5.304
32.27, 0.7730, -5.888
32.28, 0.7720, -5.566
32.29, 0.7710, -6.379
32.30, 0.7700, -4.883
32.31, 0.7690, -5.491
32.32, 0.7680, -4.917
32.33, 0.7670, -5.130
32.34, 0.7660, -5.350
32.35, 0.7650, -5.441
32.36, 0.7640, -4.734
32.37, 0.7630, -4.475
32.38, 0.7620, -3.719
32.39, 0.7610, -4.962
32.40, 0.7600, -4.324
32.41, 0.7590, -4.528
32.42, 0.7580, -4.540
32.43, 0.7570, -5.116
32.44, 0.7560, -5.548
32.45, 0.7550, -5.761
32.46, 0.7540, -4.234
32.47, 0.7530, -5.300
32.48, 0.7520, -5.642
32.49, 0.7510, -5.019
32.50, 0.7500, -4.288
32.51, 0.7490, -3.834
32.52, 0.7480, -5.055
32.53, 0.7470, -5.236
32.54, 0.7460, -4.638
32.55, 0.7450, -5.434
32.56, 0.7440, -5.002
32.57, 0.7430, -6.205
32.58, 0.7420, -4.338
32.59, 0.7410, -4.365
32.60, 0.7400, -5.713
32.61, 0.7390, -4.596
32.62, 0.7380, -5.156
32.63, 0.7370, -5.637
32.64, 0.7360, -3.767
32.65, 0.7350, -5.823
32.66, 0.7340, -5.815
32.67, 0.7330, -6.191
32.68, 0.7320, -5.057
32.69, 0.7310, -3.940
32.70, 0.7300, -5.792
32.71, 0.7290, -4.188
32.72, 0.7280, -5.160
32.73, 0.7270, -5.262
32.74, 0.7260, -4.836
32.75, 0.7250, -6.747
32.76, 0.7240, -4.916
32.77, 0.7230, -4.837
32.78, 0.7220, -4.796
32.79, 0.7210, -4.066
32.80, 0.7200, -6.882
32.81, 0.7190, -5.415
32.82, 0.7180, -4.524
32.83, 0.7170, -5.424
32.84, 0.7160, -4.047
32.85, 0.7150, -4.125
32.86, 0.7140, -5.161
32.87, 0.7130, -5.300
32.88, 0.7120, -5.842
32.89, 0.7110, -4.443
32.90, 0.7100, -5.190
32.91, 0.7090, -4.789
32.92, 0.7080, -4.407
32.93, 0.7070, -3.691
32.94, 0.7060, -4.186
32.95, 0.7050, -5.711
32.96, 0.7040, -4.770
32.97, 0.7030, -4.893
32.98, 0.7020, -4.381
32.99, 0.7010, -6.297
33.00, 0.7000, -4.383
33.01, 0.6990, -4.537
33.02, 0.6980, -3.643
33.03, 0.6970, -4.550
33.04, 0.6960, -5.358
33.05, 0.6950, -5.317
33.06, 0.6940, -5.946
33.07, 0.6930, -6.163
33.08, 0.6920, -4.323
33.09, 0.6910, -5.162
33.10, 0.6900, -5.616
33.11, 0.6890, -6.584
33.12, 0.6880, -6.696
33.13, 0.6870, -5.035
33.14, 0.6860, -4.957
33.15, 0.6850, -6.090
33.16, 0.6840, -5.789
33.17, 0.6830, -5.380
33.18, 0.6820, -5.000
33.19, 0.6810, -4.368
33.20, 0.6800, -4.904
33.21, 0.6790, -4.866
33.22, 0.6780, -3.554
33.23, 0.6770, -5.528
33.24, 0.6760, -5.310
33.25, 0.6750, -4.764
33.26, 0.6740, -5.324
33.27, 0.6730, -5.836
33.28, 0.6720, -4.363
33.29, 0.6710, -5.071
33.30, 0.6700, -3.954
33.31, 0.6690, -6.517
33.32, 0.6680, -4.726
33.33, 0.6670, -5.079
33.34, 0.6660, -3.049
33.35, 0.6650, -4.331
33.36, 0.6640, -4.744
33.37, 0.6630, -2.399
33.38, 0.6620, -3.349
33.39, 0.6610, -5.993
33.40, 0.6600, -5.327
33.41, 0.6590, -5.228
33.42, 0.6580, -4.212
33.43, 0.6570, -4.287
33.44, 0.6560, -5.316
33.45, 0.6550, -4.629
33.46, 0.6540, -5.862
33.47, 0.6530, -3.946
33.48, 0.6520, -4.785
33.49, 0.6510, -4.714
33.50, 0.6500, -4.485
33.51, 0.6490, -4.353
33.52, 0.6480, -5.664
33.53, 0.6470, -4.921
33.54, 0.6460, -3.810
33.55, 0.6450, -5.035
33.56, 0.6440, -4.710
33.57, 0.6430, -3.956
33.58, 0.6420, -5.716
33.59, 0.6410, -4.098
33.60, 0.6400, -2.737
33.61, 0.6390, -4.003
33.62, 0.6380, -3.718
33.63, 0.6370, -2.964
33.64, 0.6360, -5.188
33.65, 0.6350, -4.331
33.66, 0.6340, -4.815
33.67, 0.6330, -6.650
33.68, 0.6320, -3.982
33.69, 0.6310, -6.564
33.70, 0.6300, -4.135
33.71, 0.6290, -5.324
33.72, 0.6280, -5.469
33.73, 0.6270, -5.354
33.74, 0.6260, -5.140
33.75, 0.6250, -4.807
33.76, 0.6240, -4.854
33.77, 0.6230, -5.065
33.78, 0.6220, -5.792
33.79, 0.6210, -5.479
33.80, 0.6200, -5.043
33.81, 0.6190, -5.580
33.82, 0.6180, -4.866
33.83, 0.6170, -4.641
33.84, 0.6160, -5.452
33.85, 0.6150, -4.636
33.86, 0.6140, -4.529
33.87, 0.6130, -4.723
33.88, 0.6120, -4.419
33.89, 0.6110, -5.089
33.90, 0.6100, -4.646
33.91, 0.6090, -4.563
33.92, 0.6080, -3.278
33.93, 0.6070, -3.162
33.94, 0.6060, -5.722
33.95, 0.6050, -5.044
33.96, 0.6040, -4.624
33.97, 0.6030, -4.607
33.98, 0.6020, -3.568
33.99, 0.6010, -6.600
34.00, 0.6000, -5.116
34.01, 0.5990, -5.775
34.02, 0.5980, -4.939
34.03, 0.5970, -3.371
34.04, 0.5960, -4.601
34.05, 0.5950, -4.835
34.06, 0.5940, -4.353
34.07, 0.5930, -3.957
34.08, 0.5920, -2.593
34.09, 0.5910, -5.182
34.10, 0.5900, -4.540
34.11, 0.5890, -5.955
34.12, 0.5880, -4.894
34.13, 0.5870, -4.438
34.14, 0.5860, -5.729
34.15, 0.5850, -4.742
34.16, 0.5840, -4.746
34.17, 0.5830, -4.943
34.18, 0.5820, -4.726
34.19, 0.5810, -5.790
34.20, 0.5800, -4.815
34.21, 0.5790, -5.318
34.22, 0.5780, -4.907
34.23, 0.5770, -4.645
34.24, 0.5760, -3.668
34.25, 0.5750, -4.777
34.26, 0.5740, -4.778
34.27, 0.5730, -6.580
34.28, 0.5720, -5.265
34.29, 0.5710, -4.933
34.30, 0.5700, -3.478
34.31, 0.5690, -3.919
34.32, 0.5680, -4.677
34.33, 0.5670, -5.218
34.34, 0.5660, -5.706
34.35, 0.5650, -5.062
34.36, 0.5640, -4.502
34.37, 0.5630, -4.924
34.38, 0.5620, -4.352
34.39, 0.5610, -4.676
34.40, 0.5600, -3.798
34.41, 0.5590, -4.045
34.42, 0.5580, -4.185
34.43, 0.5570, -5.417
34.44, 0.5560, -4.804
34.45, 0.5550, -7.036
34.46, 0.5540, -4.219
34.47, 0.5530, -5.252
34.48, 0.5520, -2.963
34.49, 0.5510, -4.096
34.50, 0.5500, -4.533
34.51, 0.5490, -5.059
34.52, 0.5480, -5.146
34.53, 0.5470, -3.526
34.54, 0.5460, -4.774
34.55, 0.5450, -4.630
34.56, 0.5440, -5.305
34.57, 0.5430, -4.258
34.58, 0.5420, -4.523
34.59, 0.5410, -4.266
34.60, 0.5400, -5.436
34.61, 0.5390, -5.379
34.62, 0.5380, -5.200
34.63, 0.5370, -5.434
34.64, 0.5360, -4.428
34.65, 0.5350, -4.149
34.66, 0.5340, -5.127
34.67, 0.5330, -3.897
34.68, 0.5320, -5.312
34.69, 0.5310, -4.008
34.70, 0.5300, -5.162
34.71, 0.5290, -4.644
34.72, 0.5280, -5.979
34.73, 0.5270, -5.376
34.74, 0.5260, -5.239
34.75, 0.5250, -8.102
34.76, 0.5240, -6.114
34.77, 0.5230, -5.065
34.78, 0.5220, -5.832
34.79, 0.5210, -4.761
34.80, 0.5200, -5.570
34.81, 0.5190, -5.579
34.82, 0.5180, -5.815
34.83, 0.5170, -4.952
34.84, 0.5160, -4.721
34.85, 0.5150, -5.416
34.86, 0.5140, -5.392
34.87, 0.5130, -6.100
34.88, 0.5120, -5.854
34.89, 0.5110, -5.770
34.90, 0.5100, -5.350
34.91, 0.5090, -4.300
34.92, 0.5080, -6.701
34.93, 0.5070, -4.395
34.94, 0.5060, -3.824
34.95, 0.5050, -4.924
34.96, 0.5040, -4.670
34.97, 0.5030, -5.513
34.98, 0.5020, -4.576
34.99, 0.5010, -4.494
35.00, 0.5000, -5.410
35.01, 0.4990, -4.229
35.02, 0.4980, -5.079
35.03, 0.4970, -4.783
35.04, 0.4960, -3.779
35.05, 0.4950, -4.200
35.06, 0.4940, -5.104
35.07, 0.4930, -5.495
35.08, 0.4920, -5.561
35.09, 0.4910, -5.632
35.10, 0.4900, -5.044
35.11, 0.4890, -6.208
35.12, 0.4880, -4.080
35.13, 0.4870, -2.775
35.14, 0.4860, -4.472
35.15, 0.4850, -5.216
35.16, 0.4840, -4.004
35.17, 0.4830, -5.183
35.18, 0.4820, -5.260
35.19, 0.4810, -4.206
35.20, 0.4800, -4.764
35.21, 0.4790, -4.023
35.22, 0.4780, -4.060
35.23, 0.4770, -6.095
35.24, 0.4760, -4.836
35.25, 0.4750, -6.669
35.26, 0.4740, -4.832
35.27, 0.4730, -4.691
35.28, 0.4720, -3.664
35.29, 0.4710, -5.589
35.30, 0.4700, -5.391
35.31, 0.4690, -5.396
35.32, 0.4680, -5.548
35.33, 0.4670, -5.215
35.34, 0.4660, -3.849
35.35, 0.4650, -4.456
35.36, 0.4640, -4.514
35.37, 0.4630, -5.256
35.38, 0.4620, -3.081
35.39, 0.4610, -5.405
35.40, 0.4600, -4.777
35.41, 0.4590, -5.141
35.42, 0.4580, -5.029
35.43, 0.4570, -4.793
35.44, 0.4560, -5.218
35.45, 0.4550, -6.427
35.46, 0.4540, -6.018
35.47, 0.4530, -5.130
35.48, 0.4520, -4.512
35.49, 0.4510, -5.759
35.50, 0.4500, -4.925
35.51, 0.4490, -5.036
35.52, 0.4480, -3.976
35.53, 0.4470, -4.632
35.54, 0.4460, -4.918
35.55, 0.4450, -4.333
35.56, 0.4440, -4.848
35.57, 0.4430, -6.318
35.58, 0.4420, -5.060
35.59, 0.4410, -4.419
35.60, 0.4400, -4.511
35.61, 0.4390, -4.884
35.62, 0.4380, -5.168
35.63, 0.4370, -4.082
35.64, 0.4360, -4.839
35.65, 0.4350, -5.708
35.66, 0.4340, -4.780
35.67, 0.4330, -5.386
35.68, 0.4320, -5.405
35.69, 0.4310, -4.862
35.70, 0.4300, -5.894
35.71, 0.4290, -6.054
35.72, 0.4280, -5.588
35.73, 0.4270, -5.830
35.74, 0.4260, -6.239
35.75, 0.4250, -4.929
35.76, 0.4240, -5.469
35.77, 0.4230, -3.004
35.78, 0.4220, -4.576
35.79, 0.4210, -4.182
35.80, 0.4200, -4.077
35.81, 0.4190, -5.036
35.82, 0.4180, -4.401
35.83, 0.4170, -5.376
35.84, 0.4160, -6.105
35.85, 0.4150, -5.476
35.86, 0.4140, -5.118
35.87, 0.4130, -5.854
35.88, 0.4120, -4.861
35.89, 0.4110, -4.830
35.90, 0.4100, -5.452
35.91, 0.4090, -3.992
35.92, 0.4080, -5.398
35.93, 0.4070, -4.974
35.94, 0.4060, -5.155
35.95, 0.4050, -5.254
35.96, 0.4040, -4.831
35.97, 0.4030, -4.251
35.98, 0.4020, -4.879
35.99, 0.4010, -4.172
36.00, 0.4000, -5.607
36.01, 0.3990, -6.091
36.02, 0.3980, -4.715
36.03, 0.3970, -5.031
36.04, 0.3960, -5.877
36.05, 0.3950, -4.848
36.06, 0.3940, -6.282
36.07, 0.3930, -3.709
36.08, 0.3920, -5.326
36.09, 0.3910, -4.226
36.10, 0.3900, -6.197
36.11, 0.3890, -5.361
36.12, 0.3880, -4.957
36.13, 0.3870, -5.990
36.14, 0.3860, -5.587
36.15, 0.3850, -5.331
36.16, 0.3840, -4.213
36.17, 0.3830, -5.826
36.18, 0.3820, -5.336
36.19, 0.3810, -5.287
36.20, 0.3800, -4.598
36.21, 0.3790, -4.836
36.22, 0.3780, -5.036
36.23, 0.3770, -4.804
36.24, 0.3760, -5.813
36.25, 0.3750, -4.906
36.26, 0.3740, -5.145
36.27, 0.3730, -4.981
36.28, 0.3720, -5.477
36.29, 0.3710, -5.222
36.30, 0.3700, -4.701
36.31, 0.3690, -4.813
36.32, 0.3680, -4.634
36.33, 0.3670, -4.702
36.34, 0.3660, -4.844
36.35, 0.3650, -4.757
36.36, 0.3640, -4.504
36.37, 0.3630, -5.708
36.38, 0.3620, -4.917
36.39, 0.3610, -4.360
36.40, 0.3600, -6.109
36.41, 0.3590, -5.284
36.42, 0.3580, -5.173
36.43, 0.3570, -4.954
36.44, 0.3560, -5.471
36.45, 0.3550, -4.087
36.46, 0.3540, -5.230
36.47, 0.3530, -5.039
36.48, 0.3520, -5.154
36.49, 0.3510, -4.881
36.50, 0.3500, -5.109
36.51, 0.3490, -5.720
36.52, 0.3480, -5.227
36.53, 0.3470, -6.527
36.54, 0.3460, -4.481
36.55, 0.3450, -5.253
36.56, 0.3440, -3.369
36.57, 0.3430, -4.912
36.58, 0.3420, -5.513
36.59, 0.3410, -3.487
36.60, 0.3400, -5.661
36.61, 0.3390, -6.214
36.62, 0.3380, -5.080
36.63, 0.3370, -4.723
36.64, 0.3360, -4.914
36.65, 0.3350, -3.517
36.66, 0.3340, -4.628
36.67, 0.3330, -5.751
36.68, 0.3320, -4.660
36.69, 0.3310, -5.731
36.70, 0.3300, -5.137
36.71, 0.3290, -4.899
36.72, 0.3280, -5.860
36.73, 0.3270, -5.041
36.74, 0.3260, -4.067
36.75, 0.3250, -5.431
36.76, 0.3240, -5.143
36.77, 0.3230, -5.091
36.78, 0.3220, -5.348
36.79, 0.3210, -5.703
36.80, 0.3200, -5.115
36.81, 0.3190, -4.212
36.82, 0.3180, -5.471
36.83, 0.3170, -5.275
36.84, 0.3160, -4.613
36.85, 0.3150, -5.534
36.86, 0.3140, -4.501
36.87, 0.3130, -5.428
36.88, 0.3120, -4.263
36.89, 0.3110, -4.542
36.90, 0.3100, -3.105
36.91, 0.3090, -4.416
36.92, 0.3080, -6.132
36.93, 0.3070, -4.808
36.94, 0.3060, -5.129
36.95, 0.3050, -5.671
36.96, 0.3040, -4.430
36.97, 0.3030, -5.172
36.98, 0.3020, -4.642
36.99, 0.3010, -5.909
37.00, 0.3000, -4.735
37.01, 0.2990, -4.529
37.02, 0.2980, -4.657
37.03, 0.2970, -5.582
37.04, 0.2960, -5.908
37.05, 0.2950, -5.484
37.06, 0.2940, -5.553
37.07, 0.2930, -5.364
37.08, 0.2920, -5.627
37.09, 0.2910, -5.286
37.10, 0.2900, -5.977
37.11, 0.2890, -4.661
37.12, 0.2880, -5.214
37.13, 0.2870, -5.107
37.14, 0.2860, -5.345
37.15, 0.2850, -4.082
37.16, 0.2840, -5.799
37.17, 0.2830, -4.941
37.18, 0.2820, -3.319
37.19, 0.2810, -3.416
37.20, 0.2800, -3.886
37.21, 0.2790, -6.250
37.22, 0.2780, -5.087
37.23, 0.2770, -5.011
37.24, 0.2760, -4.726
37.25, 0.2750, -5.953
37.26, 0.2740, -5.826
37.27, 0.2730, -5.255
37.28, 0.2720, -5.074
37.29, 0.2710, -5.855
37.30, 0.2700, -4.936
37.31, 0.2690, -5.994
37.32, 0.2680, -5.015
37.33, 0.2670, -5.854
37.34, 0.2660, -5.816
37.35, 0.2650, -5.207
37.36, 0.2640, -5.458
37.37, 0.2630, -4.556
37.38, 0.2620, -5.594
37.39, 0.2610, -4.926
37.40, 0.2600, -4.384
37.41, 0.2590, -5.415
37.42, 0.2580, -4.600
37.43, 0.2570, -5.418
37.44, 0.2560, -4.443
37.45, 0.2550, -5.965
37.46, 0.2540, -5.113
37.47, 0.2530, -3.374
37.48, 0.2520, -6.137
37.49, 0.2510, -5.320
37.50, 0.2500, -4.702
37.51, 0.2490, -5.793
37.52, 0.2480, -4.963
37.53, 0.2470, -3.524
37.54, 0.2460, -4.127
37.55, 0.2450, -5.138
37.56, 0.2440, -5.532
37.57, 0.2430, -4.612
37.58, 0.2420, -6.480
37.59, 0.2410, -5.845
37.60, 0.2400, -3.675
37.61, 0.2390, -5.931
37.62, 0.2380, -4.406
37.63, 0.2370, -6.228
37.64, 0.2360, -5.348
37.65, 0.2350, -5.749
37.66, 0.2340, -5.736
37.67, 0.2330, -4.700
37.68, 0.2320, -4.714
37.69, 0.2310, -4.439
37.70, 0.2300, -6.075
37.71, 0.2290, -4.070
37.72, 0.2280, -6.690
37.73, 0.2270, -5.798
37.74, 0.2260, -4.668
37.75, 0.2250, -6.311
37.76, 0.2240, -5.082
37.77, 0.2230, -5.584
37.78, 0.2220, -4.656
37.79, 0.2210, -5.307
37.80, 0.2200, -4.970
37.81, 0.2190, -4.116
37.82, 0.2180, -5.763
37.83, 0.2170, -4.946
37.84, 0.2160, -4.976
37.85, 0.2150, -5.789
37.86, 0.2140, -4.313
37.87, 0.2130, -5.288
37.88, 0.2120, -5.588
37.89, 0.2110, -4.625
37.90, 0.2100, -5.522
37.91, 0.2090, -4.944
37.92, 0.2080, -5.645
37.93, 0.2070, -5.473
37.94, 0.2060, -5.124
37.95, 0.2050, -5.725
37.96, 0.2040, -5.198
37.97, 0.2030, -6.045
37.98, 0.2020, -6.065
37.99, 0.2010, -5.192
38.00, 0.2000, -5.600
38.01, 0.1990, -5.015
38.02, 0.1980, -5.491
38.03, 0.1970, -4.945
38.04, 0.1960, -5.648
38.05, 0.1950, -5.077
38.06, 0.1940, -4.557
38.07, 0.1930, -5.403
38.08, 0.1920, -5.015
38.09, 0.1910, -4.196
38.10, 0.1900, -4.691
38.11, 0.1890, -5.596
38.12, 0.1880, -5.025
38.13, 0.1870, -5.483
38.14, 0.1860, -4.456
38.15, 0.1850, -6.279
38.16, 0.1840, -4.777
38.17, 0.1830, -5.834
38.18, 0.1820, -4.702
38.19, 0.1810, -5.756
38.20, 0.1800, -6.271
38.21, 0.1790, -5.079
38.22, 0.1780, -5.955
38.23, 0.1770, -4.526
38.24, 0.1760, -5.204
38.25, 0.1750, -6.221
38.26, 0.1740, -4.882
38.27, 0.1730, -6.413
38.28, 0.1720, -5.076
38.29, 0.1710, -5.413
38.30, 0.1700, -5.067
38.31, 0.1690, -5.348
38.32, 0.1680, -5.132
38.33, 0.1670, -5.831
38.34, 0.1660, -5.708
38.35, 0.1650, -6.148
38.36, 0.1640, -5.092
38.37, 0.1630, -5.794
38.38, 0.1620, -4.953
38.39, 0.1610, -5.617
38.40, 0.1600, -5.989
38.41, 0.1590, -5.343
38.42, 0.1580, -4.876
38.43, 0.1570, -4.495
38.44, 0.1560, -4.268
38.45, 0.1550, -4.329
38.46, 0.1540, -3.747
38.47, 0.1530, -5.419
38.48, 0.1520, -6.287
38.49, 0.1510, -4.491
38.50, 0.1500, -5.368
38.51, 0.1490, -4.941
38.52, 0.1480, -5.660
38.53, 0.1470, -5.672
38.54, 0.1460, -4.589
38.55, 0.1450, -6.184
38.56, 0.1440, -4.764
38.57, 0.1430, -3.713
38.58, 0.1420, -5.033
38.59, 0.1410, -5.020
38.60, 0.1400, -5.030
38.61, 0.1390, -4.246
38.62, 0.1380, -5.262
38.63, 0.1370, -6.066
38.64, 0.1360, -5.206
38.65, 0.1350, -4.667
38.66, 0.1340, -3.547
38.67, 0.1330, -6.804
38.68, 0.1320, -6.545
38.69, 0.1310, -5.479
38.70, 0.1300, -4.903
38.71, 0.1290, -4.283
38.72, 0.1280, -5.425
38.73, 0.1270, -5.465
38.74, 0.1260, -5.643
38.75, 0.1250, -3.689
38.76, 0.1240, -3.992
38.77, 0.1230, -6.165
38.78, 0.1220, -4.898
38.79, 0.1210, -4.878
38.80, 0.1200, -4.576
38.81, 0.1190, -5.438
38.82, 0.1180, -5.121
38.83, 0.1170, -4.514
38.84, 0.1160, -5.595
38.85, 0.1150, -4.504
38.86, 0.1140, -5.709
38.87, 0.1130, -5.815
38.88, 0.1120, -5.484
38.89, 0.1110, -5.338
38.90, 0.1100, -4.908
38.91, 0.1090, -5.448
38.92, 0.1080, -5.557
38.93, 0.1070, -4.206
38.94, 0.1060, -6.957
38.95, 0.1050, -5.704
38.96, 0.1040, -4.781
38.97, 0.1030, -6.781
38.98, 0.1020, -4.999
38.99, 0.1010, -5.696
39.00, 0.1000, -5.104
39.01, 0.09900, -4.981
39.02, 0.09800, -5.373
39.03, 0.09700, -6.425
39.04, 0.09600, -6.810
39.05, 0.09500, -5.662
39.06, 0.09400, -6.164
39.07, 0.09300, -4.916
39.08, 0.09200, -4.776
39.09, 0.09100, -5.385
39.10, 0.09000, -4.342
39.11, 0.08900, -6.477
39.12, 0.08800, -4.240
39.13, 0.08700, -6.038
39.14, 0.08600, -6.950
39.15, 0.08500, -4.709
39.16, 0.08400, -5.498
39.17, 0.08300, -5.622
39.18, 0.08200, -5.504
39.19, 0.08100, -5.542
39.20, 0.08000, -4.560
39.21, 0.07900, -5.635
39.22, 0.07800, -5.463
39.23, 0.07700, -6.654
39.24, 0.07600, -5.119
39.25, 0.07500, -5.962
39.26, 0.07400, -5.270
39.27, 0.07300, -6.519
39.28, 0.07200, -5.886
39.29, 0.07100, -5.433
39.30, 0.07000, -6.299
39.31, 0.06900, -5.767
39.32, 0.06800, -5.424
39.33, 0.06700, -5.324
39.34, 0.06600, -5.107
39.35, 0.06500, -4.812
39.36, 0.06400, -5.140
39.37, 0.06300, -4.554
39.38, 0.06200, -5.426
39.39, 0.06100, -3.832
39.40, 0.06000, -5.696
39.41, 0.05900, -5.364
39.42, 0.05800, -4.644
39.43, 0.05700, -6.647
39.44, 0.05600, -5.495
39.45, 0.05500, -5.384
39.46, 0.05400, -5.254
39.47, 0.05300, -5.073
39.48, 0.05200, -7.099
39.49, 0.05100, -5.365
39.50, 0.05000, -6.745
39.51, 0.04900, -6.128
39.52, 0.04800, -5.773
39.53, 0.04700, -5.061
39.54, 0.04600, -5.628
39.55, 0.04500, -4.956
39.56, 0.04400, -5.833
39.57, 0.04300, -3.871
39.58, 0.04200, -4.182
39.59, 0.04100, -4.789
39.60, 0.04000, -6.686
39.61, 0.03900, -5.512
39.62, 0.03800, -6.386
39.63, 0.03700, -3.675
39.64, 0.03600, -5.039
39.65, 0.03500, -4.890
39.66, 0.03400, -4.811
39.67, 0.03300, -4.904
39.68, 0.03200, -4.261
39.69, 0.03100, -6.210
39.70, 0.03000, -5.180
39.71, 0.02900, -5.478
39.72, 0.02800, -5.901
39.73, 0.02700, -3.397
39.74, 0.02600, -7.242
39.75, 0.02500, -5.046
39.76, 0.02400, -4.839
39.77, 0.02300, -4.266
39.78, 0.02200, -4.020
39.79, 0.02100, -4.498
39.80, 0.02000, -5.231
39.81, 0.01900, -5.814
39.82, 0.01800, -6.090
39.83, 0.01700, -5.798
39.84, 0.01600, -5.728
39.85, 0.01500, -4.186
39.86, 0.01400, -6.377
39.87, 0.01300, -4.635
39.88, 0.01200, -6.006
39.89, 0.01100, -6.873
39.90, 0.01000, -5.257
39.91, 0.009000, -5.021
39.92, 0.008000, -4.923
39.93, 0.007000, -5.068
39.94, 0.006000, -4.442
39.95, 0.005000, -5.998
39.96, 0.004000, -5.001
39.97, 0.003000, -5.538
39.98, 0.002000, -5.628
39.99, 0.001000, -5.068
40.00, 0.000, -4.577
