0.01000, 0.001000, 0.1764
0.02000, 0.002000, -0.8475
0.03000, 0.003000, -2.584
0.04000, 0.004000, -3.712
0.05000, 0.005000, -4.550
0.06000, 0.006000, -3.045
0.07000, 0.007000, -4.488
0.08000, 0.008000, -4.613
0.09000, 0.009000, -3.519
0.1000, 0.01000, -5.480
0.1100, 0.01100, -4.686
0.1200, 0.01200, -5.346
0.1300, 0.01300, -3.822
0.1400, 0.01400, -4.971
0.1500, 0.01500, -4.656
0.1600, 0.01600, -4.961
0.1700, 0.01700, -5.619
0.1800, 0.01800, -3.101
0.1900, 0.01900, -5.877
0.2000, 0.02000, -4.919
0.2100, 0.02100, -4.459
0.2200, 0.02200, -6.367
0.2300, 0.02300, -4.817
0.2400, 0.02400, -5.341
0.2500, 0.02500, -3.471
0.2600, 0.02600, -3.487
0.2700, 0.02700, -3.812
0.2800, 0.02800, -5.096
0.2900, 0.02900, -4.425
0.3000, 0.03000, -4.349
0.3100, 0.03100, -4.198
0.3200, 0.03200, -4.824
0.3300, 0.03300, -3.163
0.3400, 0.03400, -4.606
0.3500, 0.03500, -2.216
0.3600, 0.03600, -5.159
0.3700, 0.03700, -3.225
0.3800, 0.03800, -4.430
0.3900, 0.03900, -4.978
0.4000, 0.04000, -5.417
0.4100, 0.04100, -4.728
0.4200, 0.04200, -4.436
0.4300, 0.04300, -4.844
0.4400, 0.04400, -4.626
0.4500, 0.04500, -4.131
0.4600, 0.04600, -3.444
0.4700, 0.04700, -4.455
0.4800, 0.04800, -4.590
0.4900, 0.04900, -4.733
0.5000, 0.05000, -4.534
0.5100, 0.05100, -4.012
0.5200, 0.05200, -3.952
0.5300, 0.05300, -4.026
0.5400, 0.05400, -3.820
0.5500, 0.05500, -4.236
0.5600, 0.05600, -3.787
0.5700, 0.05700, -4.984
0.5800, 0.05800, -4.387
0.5900, 0.05900, -5.389
0.6000, 0.06000, -4.927
0.6100, 0.06100, -4.366
0.6200, 0.06200, -4.170
0.6300, 0.06300, -4.552
0.6400, 0.06400, -4.605
0.6500, 0.06500, -4.220
0.6600, 0.06600, -3.095
0.6700, 0.06700, -4.457
0.6800, 0.06800, -4.601
0.6900, 0.06900, -4.460
0.7000, 0.07000, -4.741
0.7100, 0.07100, -5.293
0.7200, 0.07200, -4.278
0.7300, 0.07300, -5.337
0.7400, 0.07400, -5.031
0.7500, 0.07500, -4.971
0.7600, 0.07600, -5.878
0.7700, 0.07700, -6.264
0.7800, 0.07800, -4.031
0.7900, 0.07900, -4.441
0.8000, 0.08000, -4.192
0.8100, 0.08100, -4.125
0.8200, 0.08200, -5.246
0.8300, 0.08300, -5.587
0.8400, 0.08400, -3.583
0.8500, 0.08500, -4.106
0.8600, 0.08600, -4.219
0.8700, 0.08700, -4.874
0.8800, 0.08800, -5.081
0.8900, 0.08900, -4.261
0.9000, 0.09000, -4.478
0.9100, 0.09100, -4.919
0.9200, 0.09200, -6.476
0.9300, 0.09300, -3.529
0.9400, 0.09400, -2.767
0.9500, 0.09500, -3.936
0.9600, 0.09600, -2.351
0.9700, 0.09700, -3.780
0.9800, 0.09800, -4.579
0.9900, 0.09900, -5.889
1.000, 0.1000, -3.228
1.010, 0.1010, -4.930
1.020, 0.1020, -4.222
1.030, 0.1030, -4.862
1.040, 0.1040, -4.604
1.050, 0.1050, -5.107
1.060, 0.1060, -3.721
1.070, 0.1070, -4.420
1.080, 0.1080, -2.476
1.090, 0.1090, -4.868
1.100, 0.1100, -4.222
1.110, 0.1110, -3.987
1.120, 0.1120, -3.225
1.130, 0.1130, -3.119
1.140, 0.1140, -2.819
1.150, 0.1150, -5.033
1.160, 0.1160, -3.226
1.170, 0.1170, -4.409
1.180, 0.1180, -4.417
1.190, 0.1190, -4.592
1.200, 0.1200, -4.338
1.210, 0.1210, -4.576
1.220, 0.1220, -3.439
1.230, 0.1230, -3.883
1.240, 0.1240, -4.377
1.250, 0.1250, -2.227
1.260, 0.1260, -5.477
1.270, 0.1270, -3.562
1.280, 0.1280, -3.286
1.290, 0.1290, -3.603
1.300, 0.1300, -3.064
1.310, 0.1310, -3.983
1.320, 0.1320, -3.391
1.330, 0.1330, -3.970
1.340, 0.1340, -4.822
1.350, 0.1350, -4.005
1.360, 0.1360, -3.155
1.370, 0.1370, -2.861
1.380, 0.1380, -4.846
1.390, 0.1390, -4.051
1.400, 0.1400, -4.168
1.410, 0.1410, -4.572
1.420, 0.1420, -4.645
1.430, 0.1430, -3.505
1.440, 0.1440, -4.385
1.450, 0.1450, -5.021
1.460, 0.1460, -3.492
1.470, 0.1470, -4.066
1.480, 0.1480, -4.373
1.490, 0.1490, -3.663
1.500, 0.1500, -3.816
1.510, 0.1510, -3.217
1.520, 0.1520, -4.085
1.530, 0.1530, -3.403
1.540, 0.1540, -2.867
1.550, 0.1550, -3.303
1.560, 0.1560, -4.039
1.570, 0.1570, -4.468
1.580, 0.1580, -5.129
1.590, 0.1590, -2.592
1.600, 0.1600, -1.951
1.610, 0.1610, -2.643
1.620, 0.1620, -3.977
1.630, 0.1630, -2.948
1.640, 0.1640, -2.539
1.650, 0.1650, -1.393
1.660, 0.1660, -2.986
1.670, 0.1670, -2.619
1.680, 0.1680, -3.691
1.690, 0.1690, -2.717
1.700, 0.1700, -2.020
1.710, 0.1710, -2.480
1.720, 0.1720, -4.147
1.730, 0.1730, -3.123
1.740, 0.1740, -4.406
1.750, 0.1750, -2.261
1.760, 0.1760, -1.238
1.770, 0.1770, -3.315
1.780, 0.1780, -3.114
1.790, 0.1790, -1.066
1.800, 0.1800, -2.712
1.810, 0.1810, -1.937
1.820, 0.1820, -1.343
1.830, 0.1830, -3.237
1.840, 0.1840, -2.577
1.850, 0.1850, -2.454
1.860, 0.1860, -2.389
1.870, 0.1870, -2.571
1.880, 0.1880, -2.945
1.890, 0.1890, -0.5747
1.900, 0.1900, -2.638
1.910, 0.1910, -2.343
1.920, 0.1920, -1.226
1.930, 0.1930, -1.823
1.940, 0.1940, -2.165
1.950, 0.1950, -3.196
1.960, 0.1960, -1.697
1.970, 0.1970, -1.981
1.980, 0.1980, -1.571
1.990, 0.1990, -0.9969
2.000, 0.2000, -1.332
2.010, 0.2010, -0.6302
2.020, 0.2020, -1.931
2.030, 0.2030, -1.224
2.040, 0.2040, -1.282
2.050, 0.2050, -3.058
2.060, 0.2060, -1.601
2.070, 0.2070, -1.623
2.080, 0.2080, -1.675
2.090, 0.2090, -1.691
2.100, 0.2100, -0.9074
2.110, 0.2110, -0.3715
2.120, 0.2120, -2.534
2.130, 0.2130, -1.251
2.140, 0.2140, -3.132
2.150, 0.2150, -2.483
2.160, 0.2160, -1.523
2.170, 0.2170, -0.8291
2.180, 0.2180, -2.375
2.190, 0.2190, 0.3103
2.200, 0.2200, -2.204
2.210, 0.2210, -2.446
2.220, 0.2220, -1.682
2.230, 0.2230, -2.686
2.240, 0.2240, -1.707
2.250, 0.2250, -2.856
2.260, 0.2260, -3.071
2.270, 0.2270, -2.023
2.280, 0.2280, -2.565
2.290, 0.2290, -2.044
2.300, 0.2300, -2.032
2.310, 0.2310, -2.570
2.320, 0.2320, -1.589
2.330, 0.2330, -2.292
2.340, 0.2340, -2.913
2.350, 0.2350, -3.428
2.360, 0.2360, -1.807
2.370, 0.2370, -2.187
2.380, 0.2380, -2.730
2.390, 0.2390, -2.389
2.400, 0.2400, -3.105
2.410, 0.2410, -1.630
2.420, 0.2420, -3.196
2.430, 0.2430, -2.997
2.440, 0.2440, -1.857
2.450, 0.2450, -2.756
2.460, 0.2460, -4.122
2.470, 0.2470, -3.072
2.480, 0.2480, -2.224
2.490, 0.2490, -0.5573
2.500, 0.2500, -3.442
2.510, 0.2510, -2.067
2.520, 0.2520, -4.078
2.530, 0.2530, -3.909
2.540, 0.2540, -3.695
2.550, 0.2550, -2.592
2.560, 0.2560, -4.340
2.570, 0.2570, -4.728
2.580, 0.2580, -5.018
2.590, 0.2590, -3.041
2.600, 0.2600, -5.472
2.610, 0.2610, -3.250
2.620, 0.2620, -3.233
2.630, 0.2630, -3.582
2.640, 0.2640, -4.491
2.650, 0.2650, -3.078
2.660, 0.2660, -4.058
2.670, 0.2670, -4.515
2.680, 0.2680, -4.635
2.690, 0.2690, -4.268
2.700, 0.2700, -4.336
2.710, 0.2710, -3.510
2.720, 0.2720, -5.662
2.730, 0.2730, -4.002
2.740, 0.2740, -4.042
2.750, 0.2750, -3.846
2.760, 0.2760, -4.106
2.770, 0.2770, -5.532
2.780, 0.2780, -4.187
2.790, 0.2790, -4.724
2.800, 0.2800, -4.332
2.810, 0.2810, -4.805
2.820, 0.2820, -4.609
2.830, 0.2830, -3.963
2.840, 0.2840, -2.753
2.850, 0.2850, -5.030
2.860, 0.2860, -4.217
2.870, 0.2870, -5.188
2.880, 0.2880, -3.696
2.890, 0.2890, -4.014
2.900, 0.2900, -4.669
2.910, 0.2910, -4.919
2.920, 0.2920, -3.861
2.930, 0.2930, -4.932
2.940, 0.2940, -4.185
2.950, 0.2950, -4.298
2.960, 0.2960, -4.858
2.970, 0.2970, -4.980
2.980, 0.2980, -4.638
2.990, 0.2990, -3.231
3.000, 0.3000, -4.910
3.010, 0.3010, -4.908
3.020, 0.3020, -4.416
3.030, 0.3030, -3.005
3.040, 0.3040, -3.261
3.050, 0.3050, -4.826
3.060, 0.3060, -4.049
3.070, 0.3070, -4.440
3.080, 0.3080, -4.486
3.090, 0.3090, -3.270
3.100, 0.3100, -4.519
3.110, 0.3110, -2.681
3.120, 0.3120, -3.988
3.130, 0.3130, -3.795
3.140, 0.3140, -5.047
3.150, 0.3150, -3.526
3.160, 0.3160, -5.757
3.170, 0.3170, -4.951
3.180, 0.3180, -3.357
3.190, 0.3190, -4.199
3.200, 0.3200, -4.373
3.210, 0.3210, -2.523
3.220, 0.3220, -4.675
3.230, 0.3230, -3.320
3.240, 0.3240, -5.104
3.250, 0.3250, -4.362
3.260, 0.3260, -4.208
3.270, 0.3270, -3.281
3.280, 0.3280, -2.654
3.290, 0.3290, -4.576
3.300, 0.3300, -4.718
3.310, 0.3310, -4.519
3.320, 0.3320, -4.663
3.330, 0.3330, -4.627
3.340, 0.3340, -4.865
3.350, 0.3350, -5.044
3.360, 0.3360, -5.378
3.370, 0.3370, -3.629
3.380, 0.3380, -4.880
3.390, 0.3390, -4.691
3.400, 0.3400, -3.064
3.410, 0.3410, -5.147
3.420, 0.3420, -5.286
3.430, 0.3430, -4.043
3.440, 0.3440, -4.536
3.450, 0.3450, -4.992
3.460, 0.3460, -4.910
3.470, 0.3470, -4.184
3.480, 0.3480, -4.760
3.490, 0.3490, -5.062
3.500, 0.3500, -3.534
3.510, 0.3510, -5.628
3.520, 0.3520, -4.077
3.530, 0.3530, -3.376
3.540, 0.3540, -5.281
3.550, 0.3550, -4.626
3.560, 0.3560, -4.229
3.570, 0.3570, -3.008
3.580, 0.3580, -5.654
3.590, 0.3590, -4.064
3.600, 0.3600, -3.611
3.610, 0.3610, -4.020
3.620, 0.3620, -4.489
3.630, 0.3630, -5.037
3.640, 0.3640, -5.242
3.650, 0.3650, -5.224
3.660, 0.3660, -4.387
3.670, 0.3670, -5.185
3.680, 0.3680, -2.220
3.690, 0.3690, -4.374
3.700, 0.3700, -3.651
3.710, 0.3710, -4.570
3.720, 0.3720, -2.752
3.730, 0.3730, -3.490
3.740, 0.3740, -3.846
3.750, 0.3750, -3.735
3.760, 0.3760, -4.934
3.770, 0.3770, -4.695
3.780, 0.3780, -1.338
3.790, 0.3790, -4.470
3.800, 0.3800, -3.868
3.810, 0.3810, -4.443
3.820, 0.3820, -4.958
3.830, 0.3830, -4.942
3.840, 0.3840, -4.807
3.850, 0.3850, -4.691
3.860, 0.3860, -4.608
3.870, 0.3870, -3.694
3.880, 0.3880, -5.108
3.890, 0.3890, -4.535
3.900, 0.3900, -2.665
3.910, 0.3910, -5.622
3.920, 0.3920, -4.460
3.930, 0.3930, -4.098
3.940, 0.3940, -4.795
3.950, 0.3950, -3.022
3.960, 0.3960, -3.354
3.970, 0.3970, -4.705
3.980, 0.3980, -4.691
3.990, 0.3990, -4.845
4.000, 0.4000, -4.517
4.010, 0.4010, -4.991
4.020, 0.4020, -4.939
4.030, 0.4030, -4.460
4.040, 0.4040, -5.269
4.050, 0.4050, -4.423
4.060, 0.4060, -4.479
4.070, 0.4070, -3.174
4.080, 0.4080, -4.083
4.090, 0.4090, -4.898
4.100, 0.4100, -4.478
4.110, 0.4110, -4.203
4.120, 0.4120, -4.275
4.130, 0.4130, -3.987
4.140, 0.4140, -6.600
4.150, 0.4150, -4.423
4.160, 0.4160, -2.553
4.170, 0.4170, -4.631
4.180, 0.4180, -3.800
4.190, 0.4190, -4.931
4.200, 0.4200, -5.024
4.210, 0.4210, -5.269
4.220, 0.4220, -4.096
4.230, 0.4230, -4.855
4.240, 0.4240, -4.121
4.250, 0.4250, -4.172
4.260, 0.4260, -5.147
4.270, 0.4270, -5.042
4.280, 0.4280, -5.047
4.290, 0.4290, -2.948
4.300, 0.4300, -4.683
4.310, 0.4310, -5.372
4.320, 0.4320, -5.098
4.330, 0.4330, -4.148
4.340, 0.4340, -4.966
4.350, 0.4350, -5.063
4.360, 0.4360, -3.055
4.370, 0.4370, -3.992
4.380, 0.4380, -4.326
4.390, 0.4390, -4.196
4.400, 0.4400, -5.001
4.410, 0.4410, -4.382
4.420, 0.4420, -4.385
4.430, 0.4430, -3.400
4.440, 0.4440, -3.507
4.450, 0.4450, -1.853
4.460, 0.4460, -4.460
4.470, 0.4470, -4.697
4.480, 0.4480, -3.779
4.490, 0.4490, -4.226
4.500, 0.4500, -5.263
4.510, 0.4510, -3.578
4.520, 0.4520, -5.193
4.530, 0.4530, -4.500
4.540, 0.4540, -3.558
4.550, 0.4550, -5.151
4.560, 0.4560, -5.491
4.570, 0.4570, -3.901
4.580, 0.4580, -4.908
4.590, 0.4590, -4.159
4.600, 0.4600, -4.450
4.610, 0.4610, -4.361
4.620, 0.4620, -3.807
4.630, 0.4630, -2.587
4.640, 0.4640, -4.311
4.650, 0.4650, -4.548
4.660, 0.4660, -5.400
4.670, 0.4670, -5.054
4.680, 0.4680, -3.668
4.690, 0.4690, -3.909
4.700, 0.4700, -4.348
4.710, 0.4710, -2.088
4.720, 0.4720, -4.700
4.730, 0.4730, -5.086
4.740, 0.4740, -3.060
4.750, 0.4750, -5.108
4.760, 0.4760, -4.185
4.770, 0.4770, -4.700
4.780, 0.4780, -4.203
4.790, 0.4790, -4.699
4.800, 0.4800, -4.159
4.810, 0.4810, -5.941
4.820, 0.4820, -5.009
4.830, 0.4830, -4.696
4.840, 0.4840, -4.753
4.850, 0.4850, -4.081
4.860, 0.4860, -4.191
4.870, 0.4870, -3.043
4.880, 0.4880, -4.595
4.890, 0.4890, -4.557
4.900, 0.4900, -4.497
4.910, 0.4910, -4.174
4.920, 0.4920, -3.685
4.930, 0.4930, -2.110
4.940, 0.4940, -5.953
4.950, 0.4950, -4.403
4.960, 0.4960, -4.769
4.970, 0.4970, -4.598
4.980, 0.4980, -4.918
4.990, 0.4990, -3.961
5.000, 0.5000, -5.261
5.010, 0.5010, -4.311
5.020, 0.5020, -5.401
5.030, 0.5030, -4.377
5.040, 0.5040, -3.303
5.050, 0.5050, -5.342
5.060, 0.5060, -4.594
5.070, 0.5070, -6.258
5.080, 0.5080, -4.747
5.090, 0.5090, -4.971
5.100, 0.5100, -5.279
5.110, 0.5110, -3.078
5.120, 0.5120, -4.665
5.130, 0.5130, -4.816
5.140, 0.5140, -4.563
5.150, 0.5150, -4.131
5.160, 0.5160, -5.179
5.170, 0.5170, -4.917
5.180, 0.5180, -6.518
5.190, 0.5190, -3.738
5.200, 0.5200, -2.665
5.210, 0.5210, -4.867
5.220, 0.5220, -3.323
5.230, 0.5230, -4.773
5.240, 0.5240, -4.422
5.250, 0.5250, -4.719
5.260, 0.5260, -4.671
5.270, 0.5270, -4.588
5.280, 0.5280, -5.161
5.290, 0.5290, -5.143
5.300, 0.5300, -4.594
5.310, 0.5310, -4.113
5.320, 0.5320, -4.577
5.330, 0.5330, -4.833
5.340, 0.5340, -4.060
5.350, 0.5350, -4.365
5.360, 0.5360, -2.746
5.370, 0.5370, -5.032
5.380, 0.5380, -4.766
5.390, 0.5390, -5.925
5.400, 0.5400, -4.334
5.410, 0.5410, -4.749
5.420, 0.5420, -4.548
5.430, 0.5430, -5.802
5.440, 0.5440, -4.909
5.450, 0.5450, -4.257
5.460, 0.5460, -4.584
5.470, 0.5470, -5.047
5.480, 0.5480, -3.206
5.490, 0.5490, -4.738
5.500, 0.5500, -4.044
5.510, 0.5510, -5.274
5.520, 0.5520, -3.881
5.530, 0.5530, -2.549
5.540, 0.5540, -5.329
5.550, 0.5550, -2.791
5.560, 0.5560, -4.413
5.570, 0.5570, -4.479
5.580, 0.5580, -5.593
5.590, 0.5590, -2.978
5.600, 0.5600, -4.598
5.610, 0.5610, -3.316
5.620, 0.5620, -5.087
5.630, 0.5630, -4.390
5.640, 0.5640, -3.402
5.650, 0.5650, -4.479
5.660, 0.5660, -3.992
5.670, 0.5670, -3.947
5.680, 0.5680, -3.436
5.690, 0.5690, -5.803
5.700, 0.5700, -4.880
5.710, 0.5710, -3.275
5.720, 0.5720, -4.891
5.730, 0.5730, -4.447
5.740, 0.5740, -4.244
5.750, 0.5750, -4.444
5.760, 0.5760, -4.376
5.770, 0.5770, -4.862
5.780, 0.5780, -3.932
5.790, 0.5790, -4.595
5.800, 0.5800, -4.468
5.810, 0.5810, -5.133
5.820, 0.5820, -3.715
5.830, 0.5830, -3.533
5.840, 0.5840, -3.661
5.850, 0.5850, -4.278
5.860, 0.5860, -3.907
5.870, 0.5870, -4.210
5.880, 0.5880, -5.109
5.890, 0.5890, -4.179
5.900, 0.5900, -5.120
5.910, 0.5910, -5.137
5.920, 0.5920, -5.085
5.930, 0.5930, -4.225
5.940, 0.5940, -3.006
5.950, 0.5950, -4.615
5.960, 0.5960, -4.681
5.970, 0.5970, -4.241
5.980, 0.5980, -4.631
5.990, 0.5990, -3.940
6.000, 0.6000, -4.828
6.010, 0.6010, -4.593
6.020, 0.6020, -5.149
6.030, 0.6030, -3.383
6.040, 0.6040, -3.757
6.050, 0.6050, -4.061
6.060, 0.6060, -4.960
6.070, 0.6070, -3.983
6.080, 0.6080, -4.369
6.090, 0.6090, -4.256
6.100, 0.6100, -3.656
6.110, 0.6110, -4.673
6.120, 0.6120, -5.978
6.130, 0.6130, -4.211
6.140, 0.6140, -2.684
6.150, 0.6150, -4.471
6.160, 0.6160, -4.608
6.170, 0.6170, -3.659
6.180, 0.6180, -2.495
6.190, 0.6190, -5.169
6.200, 0.6200, -3.746
6.210, 0.6210, -5.050
6.220, 0.6220, -4.616
6.230, 0.6230, -4.669
6.240, 0.6240, -3.338
6.250, 0.6250, -5.710
6.260, 0.6260, -3.846
6.270, 0.6270, -3.780
6.280, 0.6280, -3.527
6.290, 0.6290, -1.961
6.300, 0.6300, -5.213
6.310, 0.6310, -4.767
6.320, 0.6320, -2.861
6.330, 0.6330, -5.218
6.340, 0.6340, -3.635
6.350, 0.6350, -5.548
6.360, 0.6360, -3.969
6.370, 0.6370, -3.830
6.380, 0.6380, -4.998
6.390, 0.6390, -3.655
6.400, 0.6400, -5.046
6.410, 0.6410, -3.942
6.420, 0.6420, -3.312
6.430, 0.6430, -3.999
6.440, 0.6440, -4.482
6.450, 0.6450, -3.291
6.460, 0.6460, -5.052
6.470, 0.6470, -3.411
6.480, 0.6480, -5.587
6.490, 0.6490, -4.594
6.500, 0.6500, -3.554
6.510, 0.6510, -5.002
6.520, 0.6520, -5.075
6.530, 0.6530, -2.924
6.540, 0.6540, -5.386
6.550, 0.6550, -2.353
6.560, 0.6560, -4.702
6.570, 0.6570, -4.553
6.580, 0.6580, -3.720
6.590, 0.6590, -4.383
6.600, 0.6600, -2.166
6.610, 0.6610, -4.730
6.620, 0.6620, -4.282
6.630, 0.6630, -4.604
6.640, 0.6640, -4.373
6.650, 0.6650, -4.364
6.660, 0.6660, -3.650
6.670, 0.6670, -4.744
6.680, 0.6680, -4.652
6.690, 0.6690, -4.743
6.700, 0.6700, -4.801
6.710, 0.6710, -5.920
6.720, 0.6720, -3.303
6.730, 0.6730, -5.707
6.740, 0.6740, -4.600
6.750, 0.6750, -5.603
6.760, 0.6760, -3.121
6.770, 0.6770, -4.599
6.780, 0.6780, -3.242
6.790, 0.6790, -4.678
6.800, 0.6800, -3.621
6.810, 0.6810, -4.330
6.820, 0.6820, -5.144
6.830, 0.6830, -4.697
6.840, 0.6840, -5.416
6.850, 0.6850, -3.602
6.860, 0.6860, -5.189
6.870, 0.6870, -3.586
6.880, 0.6880, -5.033
6.890, 0.6890, -3.761
6.900, 0.6900, -4.030
6.910, 0.6910, -4.066
6.920, 0.6920, -5.742
6.930, 0.6930, -5.218
6.940, 0.6940, -1.761
6.950, 0.6950, -5.041
6.960, 0.6960, -4.732
6.970, 0.6970, -3.833
6.980, 0.6980, -4.555
6.990, 0.6990, -4.346
7.000, 0.7000, -3.926
7.010, 0.7010, -3.494
7.020, 0.7020, -6.174
7.030, 0.7030, -4.577
7.040, 0.7040, -4.361
7.050, 0.7050, -2.576
7.060, 0.7060, -4.038
7.070, 0.7070, -3.231
7.080, 0.7080, -4.260
7.090, 0.7090, -3.955
7.100, 0.7100, -5.218
7.110, 0.7110, -4.069
7.120, 0.7120, -4.721
7.130, 0.7130, -4.437
7.140, 0.7140, -4.707
7.150, 0.7150, -3.560
7.160, 0.7160, -5.129
7.170, 0.7170, -4.496
7.180, 0.7180, -3.403
7.190, 0.7190, -4.830
7.200, 0.7200, -6.032
7.210, 0.7210, -4.440
7.220, 0.7220, -4.277
7.230, 0.7230, -4.281
7.240, 0.7240, -4.558
7.250, 0.7250, -4.162
7.260, 0.7260, -4.824
7.270, 0.7270, -4.348
7.280, 0.7280, -4.662
7.290, 0.7290, -3.930
7.300, 0.7300, -4.627
7.310, 0.7310, -3.646
7.320, 0.7320, -4.360
7.330, 0.7330, -4.601
7.340, 0.7340, -6.128
7.350, 0.7350, -4.489
7.360, 0.7360, -3.955
7.370, 0.7370, -6.365
7.380, 0.7380, -4.741
7.390, 0.7390, -4.778
7.400, 0.7400, -4.966
7.410, 0.7410, -3.888
7.420, 0.7420, -3.934
7.430, 0.7430, -1.348
7.440, 0.7440, -4.355
7.450, 0.7450, -3.493
7.460, 0.7460, -5.131
7.470, 0.7470, -4.921
7.480, 0.7480, -4.768
7.490, 0.7490, -4.554
7.500, 0.7500, -5.319
7.510, 0.7510, -5.051
7.520, 0.7520, -4.814
7.530, 0.7530, -4.642
7.540, 0.7540, -3.491
7.550, 0.7550, -5.428
7.560, 0.7560, -4.891
7.570, 0.7570, -5.088
7.580, 0.7580, -4.534
7.590, 0.7590, -3.667
7.600, 0.7600, -4.290
7.610, 0.7610, -5.684
7.620, 0.7620, -3.174
7.630, 0.7630, -5.009
7.640, 0.7640, -3.440
7.650, 0.7650, -4.132
7.660, 0.7660, -3.810
7.670, 0.7670, -4.355
7.680, 0.7680, -4.453
7.690, 0.7690, -4.102
7.700, 0.7700, -4.802
7.710, 0.7710, -3.946
7.720, 0.7720, -3.789
7.730, 0.7730, -3.951
7.740, 0.7740, -5.010
7.750, 0.7750, -2.491
7.760, 0.7760, -4.808
7.770, 0.7770, -5.657
7.780, 0.7780, -5.213
7.790, 0.7790, -5.198
7.800, 0.7800, -4.043
7.810, 0.7810, -5.137
7.820, 0.7820, -3.170
7.830, 0.7830, -4.334
7.840, 0.7840, -3.678
7.850, 0.7850, -2.903
7.860, 0.7860, -4.426
7.870, 0.7870, -3.535
7.880, 0.7880, -4.647
7.890, 0.7890, -4.368
7.900, 0.7900, -5.536
7.910, 0.7910, -2.107
7.920, 0.7920, -4.935
7.930, 0.7930, -2.453
7.940, 0.7940, -4.676
7.950, 0.7950, -2.971
7.960, 0.7960, -5.713
7.970, 0.7970, -4.076
7.980, 0.7980, -3.132
7.990, 0.7990, -4.475
8.000, 0.8000, -4.283
8.010, 0.8010, -4.825
8.020, 0.8020, -5.143
8.030, 0.8030, -4.312
8.040, 0.8040, -4.436
8.050, 0.8050, -4.981
8.060, 0.8060, -5.045
8.070, 0.8070, -3.947
8.080, 0.8080, -4.168
8.090, 0.8090, -3.670
8.100, 0.8100, -3.424
8.110, 0.8110, -4.391
8.120, 0.8120, -4.002
8.130, 0.8130, -4.790
8.140, 0.8140, -2.821
8.150, 0.8150, -4.089
8.160, 0.8160, -4.438
8.170, 0.8170, -5.118
8.180, 0.8180, -3.267
8.190, 0.8190, -4.402
8.200, 0.8200, -4.876
8.210, 0.8210, -4.661
8.220, 0.8220, -3.582
8.230, 0.8230, -4.616
8.240, 0.8240, -3.111
8.250, 0.8250, -5.499
8.260, 0.8260, -1.379
8.270, 0.8270, -4.640
8.280, 0.8280, -3.293
8.290, 0.8290, -5.630
8.300, 0.8300, -4.074
8.310, 0.8310, -3.698
8.320, 0.8320, -4.067
8.330, 0.8330, -4.653
8.340, 0.8340, -4.638
8.350, 0.8350, -4.147
8.360, 0.8360, -4.824
8.370, 0.8370, -3.602
8.380, 0.8380, -5.001
8.390, 0.8390, -4.561
8.400, 0.8400, -4.967
8.410, 0.8410, -3.975
8.420, 0.8420, -5.166
8.430, 0.8430, -3.399
8.440, 0.8440, -5.028
8.450, 0.8450, -5.077
8.460, 0.8460, -3.207
8.470, 0.8470, -3.991
8.480, 0.8480, -5.010
8.490, 0.8490, -3.701
8.500, 0.8500, -5.188
8.510, 0.8510, -4.221
8.520, 0.8520, -4.153
8.530, 0.8530, -5.667
8.540, 0.8540, -4.863
8.550, 0.8550, -4.622
8.560, 0.8560, -5.247
8.570, 0.8570, -4.645
8.580, 0.8580, -2.838
8.590, 0.8590, -4.361
8.600, 0.8600, -4.122
8.610, 0.8610, -5.193
8.620, 0.8620, -4.621
8.630, 0.8630, -3.661
8.640, 0.8640, -4.399
8.650, 0.8650, -5.137
8.660, 0.8660, -3.293
8.670, 0.8670, -4.573
8.680, 0.8680, -2.854
8.690, 0.8690, -4.059
8.700, 0.8700, -3.636
8.710, 0.8710, -5.636
8.720, 0.8720, -3.856
8.730, 0.8730, -5.224
8.740, 0.8740, -4.172
8.750, 0.8750, -3.073
8.760, 0.8760, -5.362
8.770, 0.8770, -4.332
8.780, 0.8780, -4.832
8.790, 0.8790, -4.429
8.800, 0.8800, -4.312
8.810, 0.8810, -4.391
8.820, 0.8820, -3.851
8.830, 0.8830, -4.271
8.840, 0.8840, -3.809
8.850, 0.8850, -4.394
8.860, 0.8860, -3.843
8.870, 0.8870, -4.533
8.880, 0.8880, -5.737
8.890, 0.8890, -4.190
8.900, 0.8900, -4.360
8.910, 0.8910, -5.164
8.920, 0.8920, -4.379
8.930, 0.8930, -4.159
8.940, 0.8940, -4.604
8.950, 0.8950, -3.124
8.960, 0.8960, -4.881
8.970, 0.8970, -3.031
8.980, 0.8980, -4.171
8.990, 0.8990, -4.121
9.000, 0.9000, -4.880
9.010, 0.9010, -4.001
9.020, 0.9020, -1.453
9.030, 0.9030, -4.106
9.040, 0.9040, -2.863
9.050, 0.9050, -4.635
9.060, 0.9060, -4.833
9.070, 0.9070, -3.866
9.080, 0.9080, -4.289
9.090, 0.9090, -5.579
9.100, 0.9100, -4.225
9.110, 0.9110, -4.726
9.120, 0.9120, -4.168
9.130, 0.9130, -3.309
9.140, 0.9140, -1.754
9.150, 0.9150, -3.254
9.160, 0.9160, -3.920
9.170, 0.9170, -3.401
9.180, 0.9180, -4.199
9.190, 0.9190, -3.809
9.200, 0.9200, -2.188
9.210, 0.9210, -4.006
9.220, 0.9220, -3.239
9.230, 0.9230, -3.118
9.240, 0.9240, -4.976
9.250, 0.9250, -5.344
9.260, 0.9260, -3.748
9.270, 0.9270, -5.255
9.280, 0.9280, -3.965
9.290, 0.9290, -4.789
9.300, 0.9300, -3.883
9.310, 0.9310, -2.992
9.320, 0.9320, -3.837
9.330, 0.9330, -4.560
9.340, 0.9340, -3.934
9.350, 0.9350, -2.654
9.360, 0.9360, -3.904
9.370, 0.9370, -4.040
9.380, 0.9380, -2.473
9.390, 0.9390, -4.328
9.400, 0.9400, -5.382
9.410, 0.9410, -3.689
9.420, 0.9420, -4.081
9.430, 0.9430, -4.427
9.440, 0.9440, -3.429
9.450, 0.9450, -4.450
9.460, 0.9460, -3.848
9.470, 0.9470, -3.295
9.480, 0.9480, -4.287
9.490, 0.9490, -3.973
9.500, 0.9500, -3.999
9.510, 0.9510, -4.264
9.520, 0.9520, -4.748
9.530, 0.9530, -4.683
9.540, 0.9540, -2.026
9.550, 0.9550, -3.741
9.560, 0.9560, -3.299
9.570, 0.9570, -4.232
9.580, 0.9580, -3.503
9.590, 0.9590, -1.902
9.600, 0.9600, -2.721
9.610, 0.9610, -3.497
9.620, 0.9620, -3.535
9.630, 0.9630, -3.415
9.640, 0.9640, -2.756
9.650, 0.9650, -2.392
9.660, 0.9660, -4.059
9.670, 0.9670, -3.704
9.680, 0.9680, -5.330
9.690, 0.9690, -3.694
9.700, 0.9700, -0.9157
9.710, 0.9710, -4.936
9.720, 0.9720, -2.927
9.730, 0.9730, -4.669
9.740, 0.9740, -3.952
9.750, 0.9750, -2.821
9.760, 0.9760, -3.397
9.770, 0.9770, -3.888
9.780, 0.9780, -2.497
9.790, 0.9790, -2.808
9.800, 0.9800, -3.550
9.810, 0.9810, -3.714
9.820, 0.9820, -3.582
9.830, 0.9830, -4.157
9.840, 0.9840, -3.423
9.850, 0.9850, -3.287
9.860, 0.9860, -2.542
9.870, 0.9870, -4.046
9.880, 0.9880, -2.489
9.890, 0.9890, -2.409
9.900, 0.9900, -3.831
9.910, 0.9910, -1.973
9.920, 0.9920, -3.940
9.930, 0.9930, -3.490
9.940, 0.9940, -3.762
9.950, 0.9950, -3.555
9.960, 0.9960, -4.353
9.970, 0.9970, -2.762
9.980, 0.9980, -2.584
9.990, 0.9990, -2.616
10.00, 1.000, -3.499
10.01, 1.001, -5.257
10.02, 1.002, -2.777
10.03, 1.003, -4.104
10.04, 1.004, -3.646
10.05, 1.005, -3.216
10.06, 1.006, -3.842
10.07, 1.007, -2.974
10.08, 1.008, -3.662
10.09, 1.009, -5.009
10.10, 1.010, -3.227
10.11, 1.011, -4.106
10.12, 1.012, -4.223
10.13, 1.013, -4.545
10.14, 1.014, -2.407
10.15, 1.015, -4.668
10.16, 1.016, -2.566
10.17, 1.017, -2.144
10.18, 1.018, -3.536
10.19, 1.019, -3.547
10.20, 1.020, -2.248
10.21, 1.021, -4.141
10.22, 1.022, -5.042
10.23, 1.023, -2.382
10.24, 1.024, -3.449
10.25, 1.025, -4.835
10.26, 1.026, -3.116
10.27, 1.027, -2.524
10.28, 1.028, -3.522
10.29, 1.029, -4.627
10.30, 1.030, -5.135
10.31, 1.031, -1.754
10.32, 1.032, -2.987
10.33, 1.033, -2.200
10.34, 1.034, -3.588
10.35, 1.035, -1.126
10.36, 1.036, -3.122
10.37, 1.037, -2.591
10.38, 1.038, -3.159
10.39, 1.039, -1.957
10.40, 1.040, -1.583
10.41, 1.041, -1.104
10.42, 1.042, -3.035
10.43, 1.043, -3.364
10.44, 1.044, -2.102
10.45, 1.045, -3.302
10.46, 1.046, -3.515
10.47, 1.047, -2.662
10.48, 1.048, -1.134
10.49, 1.049, -2.953
10.50, 1.050, -1.149
10.51, 1.051, -2.556
10.52, 1.052, -2.523
10.53, 1.053, -2.867
10.54, 1.054, -2.431
10.55, 1.055, -2.525
10.56, 1.056, -1.420
10.57, 1.057, -2.255
10.58, 1.058, -3.103
10.59, 1.059, -1.963
10.60, 1.060, -0.9132
10.61, 1.061, -2.294
10.62, 1.062, 0.4521
10.63, 1.063, -2.215
10.64, 1.064, -1.691
10.65, 1.065, -2.132
10.66, 1.066, -0.8289
10.67, 1.067, 0.09812
10.68, 1.068, 0.4268
10.69, 1.069, -1.188
10.70, 1.070, -0.2276
10.71, 1.071, -2.785
10.72, 1.072, -2.004
10.73, 1.073, -1.876
10.74, 1.074, -0.4896
10.75, 1.075, -1.179
10.76, 1.076, -0.5177
10.77, 1.077, -0.06307
10.78, 1.078, -0.1807
10.79, 1.079, 0.9275
10.80, 1.080, 0.2498
10.81, 1.081, -0.9317
10.82, 1.082, 1.184
10.83, 1.083, -0.9919
10.84, 1.084, -0.9956
10.85, 1.085, 1.040
10.86, 1.086, 0.4985
10.87, 1.087, -1.357
10.88, 1.088, 0.9990
10.89, 1.089, -0.06510
10.90, 1.090, 1.232
10.91, 1.091, 1.300
10.92, 1.092, 1.789
10.93, 1.093, 1.625
10.94, 1.094, 1.640
10.95, 1.095, 0.6142
10.96, 1.096, 2.056
10.97, 1.097, 1.974
10.98, 1.098, 1.972
10.99, 1.099, 2.308
11.00, 1.100, 2.018
11.01, 1.101, 3.162
11.02, 1.102, 3.513
11.03, 1.103, 3.606
11.04, 1.104, 3.020
11.05, 1.105, 5.321
11.06, 1.106, 3.728
11.07, 1.107, 3.537
11.08, 1.108, 4.152
11.09, 1.109, 3.818
11.10, 1.110, 3.844
11.11, 1.111, 3.838
11.12, 1.112, 6.302
11.13, 1.113, 5.770
11.14, 1.114, 4.552
11.15, 1.115, 6.592
11.16, 1.116, 5.272
11.17, 1.117, 6.146
11.18, 1.118, 6.182
11.19, 1.119, 7.266
11.20, 1.120, 6.478
11.21, 1.121, 6.537
11.22, 1.122, 5.891
11.23, 1.123, 7.839
11.24, 1.124, 7.543
11.25, 1.125, 7.332
11.26, 1.126, 7.107
11.27, 1.127, 9.432
11.28, 1.128, 8.514
11.29, 1.129, 8.716
11.30, 1.130, 8.701
11.31, 1.131, 9.338
11.32, 1.132, 9.841
11.33, 1.133, 10.10
11.34, 1.134, 10.04
11.35, 1.135, 9.984
11.36, 1.136, 11.50
11.37, 1.137, 11.34
11.38, 1.138, 11.60
11.39, 1.139, 10.39
11.40, 1.140, 12.71
11.41, 1.141, 12.00
11.42, 1.142, 13.50
11.43, 1.143, 12.54
11.44, 1.144, 13.39
11.45, 1.145, 13.83
11.46, 1.146, 14.22
11.47, 1.147, 13.92
11.48, 1.148, 14.70
11.49, 1.149, 14.24
11.50, 1.150, 15.14
11.51, 1.151, 15.35
11.52, 1.152, 16.34
11.53, 1.153, 16.64
11.54, 1.154, 16.76
11.55, 1.155, 16.78
11.56, 1.156, 17.66
11.57, 1.157, 18.82
11.58, 1.158, 19.37
11.59, 1.159, 19.06
11.60, 1.160, 19.98
11.61, 1.161, 20.72
11.62, 1.162, 19.96
11.63, 1.163, 20.10
11.64, 1.164, 20.66
11.65, 1.165, 21.12
11.66, 1.166, 21.57
11.67, 1.167, 21.99
11.68, 1.168, 21.82
11.69, 1.169, 23.02
11.70, 1.170, 23.35
11.71, 1.171, 24.06
11.72, 1.172, 25.07
11.73, 1.173, 23.65
11.74, 1.174, 23.67
11.75, 1.175, 25.23
11.76, 1.176, 26.22
11.77, 1.177, 25.82
11.78, 1.178, 26.04
11.79, 1.179, 25.52
11.80, 1.180, 27.18
11.81, 1.181, 27.47
11.82, 1.182, 27.18
11.83, 1.183, 28.32
11.84, 1.184, 27.82
11.85, 1.185, 28.47
11.86, 1.186, 28.91
11.87, 1.187, 29.00
11.88, 1.188, 29.47
11.89, 1.189, 28.69
11.90, 1.190, 28.62
11.91, 1.191, 29.79
11.92, 1.192, 28.75
11.93, 1.193, 29.04
11.94, 1.194, 29.45
11.95, 1.195, 30.43
11.96, 1.196, 30.76
11.97, 1.197, 31.99
11.98, 1.198, 32.25
11.99, 1.199, 31.24
12.00, 1.200, 31.83
12.01, 1.201, 31.89
12.02, 1.202, 32.22
12.03, 1.203, 33.01
12.04, 1.204, 32.71
12.05, 1.205, 33.76
12.06, 1.206, 33.04
12.07, 1.207, 34.13
12.08, 1.208, 33.21
12.09, 1.209, 33.85
12.10, 1.210, 33.39
12.11, 1.211, 34.15
12.12, 1.212, 34.12
12.13, 1.213, 34.37
12.14, 1.214, 33.25
12.15, 1.215, 33.23
12.16, 1.216, 33.83
12.17, 1.217, 33.91
12.18, 1.218, 34.24
12.19, 1.219, 34.52
12.20, 1.220, 33.24
12.21, 1.221, 34.67
12.22, 1.222, 33.09
12.23, 1.223, 34.48
12.24, 1.224, 33.48
12.25, 1.225, 34.17
12.26, 1.226, 32.95
12.27, 1.227, 33.31
12.28, 1.228, 32.37
12.29, 1.229, 32.71
12.30, 1.230, 32.11
12.31, 1.231, 32.80
12.32, 1.232, 32.96
12.33, 1.233, 33.24
12.34, 1.234, 30.68
12.35, 1.235, 30.97
12.36, 1.236, 31.49
12.37, 1.237, 32.67
12.38, 1.238, 30.83
12.39, 1.239, 32.18
12.40, 1.240, 30.42
12.41, 1.241, 30.70
12.42, 1.242, 31.04
12.43, 1.243, 29.21
12.44, 1.244, 30.08
12.45, 1.245, 30.75
12.46, 1.246, 30.81
12.47, 1.247, 28.61
12.48, 1.248, 29.25
12.49, 1.249, 28.83
12.50, 1.250, 28.59
12.51, 1.251, 27.71
12.52, 1.252, 28.82
12.53, 1.253, 27.47
12.54, 1.254, 29.09
12.55, 1.255, 27.42
12.56, 1.256, 28.63
12.57, 1.257, 28.56
12.58, 1.258, 27.35
12.59, 1.259, 27.45
12.60, 1.260, 26.97
12.61, 1.261, 26.16
12.62, 1.262, 27.49
12.63, 1.263, 26.18
12.64, 1.264, 25.84
12.65, 1.265, 25.22
12.66, 1.266, 27.57
12.67, 1.267, 26.33
12.68, 1.268, 26.06
12.69, 1.269, 26.57
12.70, 1.270, 26.17
12.71, 1.271, 26.10
12.72, 1.272, 24.59
12.73, 1.273, 23.88
12.74, 1.274, 25.51
12.75, 1.275, 26.53
12.76, 1.276, 24.49
12.77, 1.277, 25.38
12.78, 1.278, 24.88
12.79, 1.279, 24.14
12.80, 1.280, 23.43
12.81, 1.281, 24.35
12.82, 1.282, 23.60
12.83, 1.283, 22.63
12.84, 1.284, 22.84
12.85, 1.285, 22.89
12.86, 1.286, 23.02
12.87, 1.287, 22.89
12.88, 1.288, 23.57
12.89, 1.289, 22.59
12.90, 1.290, 22.56
12.91, 1.291, 22.52
12.92, 1.292, 21.92
12.93, 1.293, 23.31
12.94, 1.294, 21.99
12.95, 1.295, 22.13
12.96, 1.296, 23.25
12.97, 1.297, 21.98
12.98, 1.298, 22.46
12.99, 1.299, 22.20
13.00, 1.300, 22.49
13.01, 1.301, 21.21
13.02, 1.302, 23.43
13.03, 1.303, 22.37
13.04, 1.304, 22.45
13.05, 1.305, 21.31
13.06, 1.306, 21.34
13.07, 1.307, 22.00
13.08, 1.308, 22.46
13.09, 1.309, 22.86
13.10, 1.310, 23.78
13.11, 1.311, 21.12
13.12, 1.312, 21.80
13.13, 1.313, 21.88
13.14, 1.314, 21.70
13.15, 1.315, 23.32
13.16, 1.316, 21.05
13.17, 1.317, 21.04
13.18, 1.318, 21.02
13.19, 1.319, 20.92
13.20, 1.320, 20.44
13.21, 1.321, 21.75
13.22, 1.322, 21.43
13.23, 1.323, 22.07
13.24, 1.324, 19.21
13.25, 1.325, 20.53
13.26, 1.326, 20.34
13.27, 1.327, 20.51
13.28, 1.328, 19.38
13.29, 1.329, 21.38
13.30, 1.330, 21.78
13.31, 1.331, 20.89
13.32, 1.332, 21.00
13.33, 1.333, 20.42
13.34, 1.334, 21.00
13.35, 1.335, 20.96
13.36, 1.336, 20.55
13.37, 1.337, 20.27
13.38, 1.338, 20.25
13.39, 1.339, 20.87
13.40, 1.340, 20.87
13.41, 1.341, 19.78
13.42, 1.342, 20.22
13.43, 1.343, 20.94
13.44, 1.344, 22.67
13.45, 1.345, 20.11
13.46, 1.346, 22.35
13.47, 1.347, 20.22
13.48, 1.348, 21.18
13.49, 1.349, 19.90
13.50, 1.350, 20.72
13.51, 1.351, 20.43
13.52, 1.352, 19.80
13.53, 1.353, 20.22
13.54, 1.354, 19.81
13.55, 1.355, 20.52
13.56, 1.356, 19.95
13.57, 1.357, 19.44
13.58, 1.358, 20.74
13.59, 1.359, 19.93
13.60, 1.360, 21.90
13.61, 1.361, 20.81
13.62, 1.362, 20.08
13.63, 1.363, 20.56
13.64, 1.364, 20.74
13.65, 1.365, 19.78
13.66, 1.366, 19.93
13.67, 1.367, 20.41
13.68, 1.368, 20.38
13.69, 1.369, 19.66
13.70, 1.370, 21.08
13.71, 1.371, 20.98
13.72, 1.372, 21.27
13.73, 1.373, 20.86
13.74, 1.374, 20.60
13.75, 1.375, 20.86
13.76, 1.376, 20.71
13.77, 1.377, 21.97
13.78, 1.378, 21.54
13.79, 1.379, 22.85
13.80, 1.380, 20.37
13.81, 1.381, 21.64
13.82, 1.382, 22.10
13.83, 1.383, 22.51
13.84, 1.384, 22.46
13.85, 1.385, 22.00
13.86, 1.386, 22.59
13.87, 1.387, 20.99
13.88, 1.388, 21.68
13.89, 1.389, 22.74
13.90, 1.390, 24.08
13.91, 1.391, 22.94
13.92, 1.392, 23.06
13.93, 1.393, 22.90
13.94, 1.394, 23.72
13.95, 1.395, 23.01
13.96, 1.396, 23.29
13.97, 1.397, 21.93
13.98, 1.398, 23.05
13.99, 1.399, 23.26
14.00, 1.400, 23.92
14.01, 1.401, 23.44
14.02, 1.402, 23.02
14.03, 1.403, 23.17
14.04, 1.404, 27.07
14.05, 1.405, 25.30
14.06, 1.406, 28.51
14.07, 1.407, 26.84
14.08, 1.408, 26.03
14.09, 1.409, 27.33
14.10, 1.410, 26.88
14.11, 1.411, 27.58
14.12, 1.412, 27.29
14.13, 1.413, 28.55
14.14, 1.414, 27.68
14.15, 1.415, 28.55
14.16, 1.416, 27.07
14.17, 1.417, 29.41
14.18, 1.418, 28.00
14.19, 1.419, 28.58
14.20, 1.420, 29.06
14.21, 1.421, 29.47
14.22, 1.422, 29.08
14.23, 1.423, 30.95
14.24, 1.424, 32.53
14.25, 1.425, 33.72
14.26, 1.426, 34.04
14.27, 1.427, 32.05
14.28, 1.428, 34.33
14.29, 1.429, 35.57
14.30, 1.430, 36.23
14.31, 1.431, 35.63
14.32, 1.432, 36.76
14.33, 1.433, 37.33
14.34, 1.434, 41.18
14.35, 1.435, 41.33
14.36, 1.436, 40.38
14.37, 1.437, 41.59
14.38, 1.438, 43.34
14.39, 1.439, 42.40
14.40, 1.440, 43.21
14.41, 1.441, 44.37
14.42, 1.442, 44.34
14.43, 1.443, 44.61
14.44, 1.444, 47.90
14.45, 1.445, 48.69
14.46, 1.446, 50.98
14.47, 1.447, 49.60
14.48, 1.448, 51.07
14.49, 1.449, 51.30
14.50, 1.450, 53.41
14.51, 1.451, 53.01
14.52, 1.452, 54.18
14.53, 1.453, 56.45
14.54, 1.454, 57.36
14.55, 1.455, 58.55
14.56, 1.456, 58.94
14.57, 1.457, 59.80
14.58, 1.458, 59.80
14.59, 1.459, 63.21
14.60, 1.460, 63.65
14.61, 1.461, 64.48
14.62, 1.462, 64.85
14.63, 1.463, 66.43
14.64, 1.464, 66.51
14.65, 1.465, 69.02
14.66, 1.466, 67.79
14.67, 1.467, 70.90
14.68, 1.468, 71.78
14.69, 1.469, 73.68
14.70, 1.470, 73.88
14.71, 1.471, 74.00
14.72, 1.472, 75.06
14.73, 1.473, 77.03
14.74, 1.474, 77.75
14.75, 1.475, 79.55
14.76, 1.476, 77.88
14.77, 1.477, 81.33
14.78, 1.478, 83.00
14.79, 1.479, 84.15
14.80, 1.480, 86.11
14.81, 1.481, 86.78
14.82, 1.482, 87.20
14.83, 1.483, 88.62
14.84, 1.484, 90.17
14.85, 1.485, 92.03
14.86, 1.486, 92.64
14.87, 1.487, 94.85
14.88, 1.488, 96.80
14.89, 1.489, 97.39
14.90, 1.490, 99.14
14.91, 1.491, 99.83
14.92, 1.492, 100.9
14.93, 1.493, 100.6
14.94, 1.494, 102.3
14.95, 1.495, 105.8
14.96, 1.496, 107.1
14.97, 1.497, 108.1
14.98, 1.498, 109.5
14.99, 1.499, 109.3
15.00, 1.500, 111.4
15.01, 1.501, 111.8
15.02, 1.502, 112.1
15.03, 1.503, 114.7
15.04, 1.504, 115.6
15.05, 1.505, 114.0
15.06, 1.506, 117.9
15.07, 1.507, 118.9
15.08, 1.508, 119.4
15.09, 1.509, 120.5
15.10, 1.510, 121.5
15.11, 1.511, 124.5
15.12, 1.512, 125.1
15.13, 1.513, 126.0
15.14, 1.514, 129.8
15.15, 1.515, 130.2
15.16, 1.516, 132.2
15.17, 1.517, 132.1
15.18, 1.518, 133.5
15.19, 1.519, 134.0
15.20, 1.520, 136.0
15.21, 1.521, 135.7
15.22, 1.522, 138.9
15.23, 1.523, 142.0
15.24, 1.524, 142.8
15.25, 1.525, 142.7
15.26, 1.526, 145.7
15.27, 1.527, 147.6
15.28, 1.528, 147.5
15.29, 1.529, 149.6
15.30, 1.530, 151.1
15.31, 1.531, 150.6
15.32, 1.532, 152.3
15.33, 1.533, 154.4
15.34, 1.534, 154.9
15.35, 1.535, 156.6
15.36, 1.536, 157.6
15.37, 1.537, 159.3
15.38, 1.538, 160.3
15.39, 1.539, 162.4
15.40, 1.540, 163.8
15.41, 1.541, 164.8
15.42, 1.542, 167.4
15.43, 1.543, 170.3
15.44, 1.544, 170.3
15.45, 1.545, 172.9
15.46, 1.546, 173.8
15.47, 1.547, 176.3
15.48, 1.548, 177.1
15.49, 1.549, 176.6
15.50, 1.550, 178.9
15.51, 1.551, 182.2
15.52, 1.552, 181.7
15.53, 1.553, 182.6
15.54, 1.554, 185.8
15.55, 1.555, 185.8
15.56, 1.556, 187.2
15.57, 1.557, 188.7
15.58, 1.558, 190.3
15.59, 1.559, 190.9
15.60, 1.560, 193.2
15.61, 1.561, 194.4
15.62, 1.562, 196.6
15.63, 1.563, 197.7
15.64, 1.564, 197.5
15.65, 1.565, 198.9
15.66, 1.566, 200.1
15.67, 1.567, 202.1
15.68, 1.568, 204.6
15.69, 1.569, 205.0
15.70, 1.570, 206.3
15.71, 1.571, 208.3
15.72, 1.572, 209.3
15.73, 1.573, 211.8
15.74, 1.574, 213.5
15.75, 1.575, 214.7
15.76, 1.576, 215.2
15.77, 1.577, 215.9
15.78, 1.578, 218.7
15.79, 1.579, 219.7
15.80, 1.580, 220.7
15.81, 1.581, 223.0
15.82, 1.582, 225.4
15.83, 1.583, 225.9
15.84, 1.584, 228.0
15.85, 1.585, 230.3
15.86, 1.586, 230.8
15.87, 1.587, 233.5
15.88, 1.588, 234.2
15.89, 1.589, 236.8
15.90, 1.590, 237.7
15.91, 1.591, 238.8
15.92, 1.592, 239.8
15.93, 1.593, 242.7
15.94, 1.594, 243.2
15.95, 1.595, 245.3
15.96, 1.596, 245.2
15.97, 1.597, 248.4
15.98, 1.598, 249.5
15.99, 1.599, 250.4
16.00, 1.600, 252.7
16.01, 1.601, 255.9
16.02, 1.602, 256.7
16.03, 1.603, 258.5
16.04, 1.604, 259.2
16.05, 1.605, 261.6
16.06, 1.606, 262.8
16.07, 1.607, 265.0
16.08, 1.608, 265.9
16.09, 1.609, 268.1
16.10, 1.610, 270.8
16.11, 1.611, 269.6
16.12, 1.612, 271.4
16.13, 1.613, 274.1
16.14, 1.614, 274.9
16.15, 1.615, 277.5
16.16, 1.616, 277.9
16.17, 1.617, 280.3
16.18, 1.618, 282.0
16.19, 1.619, 281.8
16.20, 1.620, 282.6
16.21, 1.621, 285.1
16.22, 1.622, 288.2
16.23, 1.623, 290.0
16.24, 1.624, 290.0
16.25, 1.625, 293.8
16.26, 1.626, 293.9
16.27, 1.627, 295.4
16.28, 1.628, 296.8
16.29, 1.629, 297.7
16.30, 1.630, 300.4
16.31, 1.631, 302.1
16.32, 1.632, 304.4
16.33, 1.633, 304.9
16.34, 1.634, 306.9
16.35, 1.635, 309.9
16.36, 1.636, 309.9
16.37, 1.637, 313.7
16.38, 1.638, 314.0
16.39, 1.639, 317.2
16.40, 1.640, 316.9
16.41, 1.641, 320.1
16.42, 1.642, 319.6
16.43, 1.643, 321.2
16.44, 1.644, 323.8
16.45, 1.645, 326.4
16.46, 1.646, 326.5
16.47, 1.647, 329.9
16.48, 1.648, 330.0
16.49, 1.649, 332.8
16.50, 1.650, 335.3
16.51, 1.651, 335.1
16.52, 1.652, 337.2
16.53, 1.653, 340.2
16.54, 1.654, 339.8
16.55, 1.655, 341.8
16.56, 1.656, 344.2
16.57, 1.657, 344.0
16.58, 1.658, 346.3
16.59, 1.659, 348.2
16.60, 1.660, 350.8
16.61, 1.661, 351.7
16.62, 1.662, 352.6
16.63, 1.663, 354.9
16.64, 1.664, 356.2
16.65, 1.665, 357.7
16.66, 1.666, 360.3
16.67, 1.667, 361.1
16.68, 1.668, 364.5
16.69, 1.669, 366.2
16.70, 1.670, 367.8
16.71, 1.671, 368.8
16.72, 1.672, 370.7
16.73, 1.673, 371.9
16.74, 1.674, 375.7
16.75, 1.675, 376.3
16.76, 1.676, 380.2
16.77, 1.677, 378.7
16.78, 1.678, 381.8
16.79, 1.679, 382.8
16.80, 1.680, 384.7
16.81, 1.681, 386.3
16.82, 1.682, 388.4
16.83, 1.683, 389.8
16.84, 1.684, 391.3
16.85, 1.685, 392.5
16.86, 1.686, 393.8
16.87, 1.687, 396.4
16.88, 1.688, 397.4
16.89, 1.689, 398.0
16.90, 1.690, 400.6
16.91, 1.691, 403.5
16.92, 1.692, 404.3
16.93, 1.693, 405.4
16.94, 1.694, 406.2
16.95, 1.695, 408.2
16.96, 1.696, 409.8
16.97, 1.697, 413.1
16.98, 1.698, 413.3
16.99, 1.699, 417.0
17.00, 1.700, 416.4
17.01, 1.701, 419.5
17.02, 1.702, 419.0
17.03, 1.703, 422.4
17.04, 1.704, 423.9
17.05, 1.705, 426.4
17.06, 1.706, 425.1
17.07, 1.707, 427.3
17.08, 1.708, 430.8
17.09, 1.709, 431.8
17.10, 1.710, 434.6
17.11, 1.711, 435.4
17.12, 1.712, 437.6
17.13, 1.713, 440.0
17.14, 1.714, 440.3
17.15, 1.715, 444.2
17.16, 1.716, 445.7
17.17, 1.717, 446.4
17.18, 1.718, 450.1
17.19, 1.719, 450.4
17.20, 1.720, 450.3
17.21, 1.721, 451.6
17.22, 1.722, 454.1
17.23, 1.723, 456.5
17.24, 1.724, 458.9
17.25, 1.725, 459.6
17.26, 1.726, 462.2
17.27, 1.727, 464.5
17.28, 1.728, 467.1
17.29, 1.729, 467.8
17.30, 1.730, 469.5
17.31, 1.731, 469.7
17.32, 1.732, 472.9
17.33, 1.733, 472.6
17.34, 1.734, 473.6
17.35, 1.735, 475.6
17.36, 1.736, 477.9
17.37, 1.737, 479.3
17.38, 1.738, 482.9
17.39, 1.739, 484.5
17.40, 1.740, 485.4
17.41, 1.741, 485.9
17.42, 1.742, 487.8
17.43, 1.743, 490.8
17.44, 1.744, 491.9
17.45, 1.745, 493.6
17.46, 1.746, 496.3
17.47, 1.747, 496.8
17.48, 1.748, 496.8
17.49, 1.749, 501.3
17.50, 1.750, 502.3
17.51, 1.751, 503.9
17.52, 1.752, 502.5
17.53, 1.753, 505.7
17.54, 1.754, 509.0
17.55, 1.755, 511.1
17.56, 1.756, 509.4
17.57, 1.757, 513.7
17.58, 1.758, 514.3
17.59, 1.759, 515.6
17.60, 1.760, 517.6
17.61, 1.761, 518.8
17.62, 1.762, 520.6
17.63, 1.763, 523.6
17.64, 1.764, 523.4
17.65, 1.765, 525.1
17.66, 1.766, 527.6
17.67, 1.767, 528.5
17.68, 1.768, 530.6
17.69, 1.769, 534.1
17.70, 1.770, 532.8
17.71, 1.771, 535.6
17.72, 1.772, 535.3
17.73, 1.773, 538.6
17.74, 1.774, 540.6
17.75, 1.775, 541.4
17.76, 1.776, 542.4
17.77, 1.777, 544.5
17.78, 1.778, 546.3
17.79, 1.779, 547.5
17.80, 1.780, 550.1
17.81, 1.781, 551.8
17.82, 1.782, 552.2
17.83, 1.783, 553.3
17.84, 1.784, 556.1
17.85, 1.785, 556.5
17.86, 1.786, 559.2
17.87, 1.787, 560.9
17.88, 1.788, 562.8
17.89, 1.789, 563.2
17.90, 1.790, 565.8
17.91, 1.791, 568.2
17.92, 1.792, 569.1
17.93, 1.793, 570.6
17.94, 1.794, 572.3
17.95, 1.795, 572.2
17.96, 1.796, 575.3
17.97, 1.797, 576.9
17.98, 1.798, 577.3
17.99, 1.799, 580.8
18.00, 1.800, 581.0
18.01, 1.801, 583.7
18.02, 1.802, 585.5
18.03, 1.803, 587.3
18.04, 1.804, 589.6
18.05, 1.805, 591.1
18.06, 1.806, 592.3
18.07, 1.807, 592.4
18.08, 1.808, 595.4
18.09, 1.809, 596.9
18.10, 1.810, 596.5
18.11, 1.811, 600.6
18.12, 1.812, 600.9
18.13, 1.813, 602.3
18.14, 1.814, 603.1
18.15, 1.815, 605.6
18.16, 1.816, 605.8
18.17, 1.817, 607.9
18.18, 1.818, 609.1
18.19, 1.819, 610.2
18.20, 1.820, 612.1
18.21, 1.821, 614.4
18.22, 1.822, 616.1
18.23, 1.823, 616.3
18.24, 1.824, 619.3
18.25, 1.825, 621.1
18.26, 1.826, 621.8
18.27, 1.827, 621.3
18.28, 1.828, 624.8
18.29, 1.829, 628.1
18.30, 1.830, 627.8
18.31, 1.831, 630.8
18.32, 1.832, 632.5
18.33, 1.833, 634.1
18.34, 1.834, 636.2
18.35, 1.835, 637.6
18.36, 1.836, 638.0
18.37, 1.837, 641.2
18.38, 1.838, 642.4
18.39, 1.839, 644.7
18.40, 1.840, 646.7
18.41, 1.841, 646.4
18.42, 1.842, 648.4
18.43, 1.843, 650.3
18.44, 1.844, 652.4
18.45, 1.845, 654.9
18.46, 1.846, 654.2
18.47, 1.847, 656.5
18.48, 1.848, 658.4
18.49, 1.849, 658.9
18.50, 1.850, 661.1
18.51, 1.851, 662.6
18.52, 1.852, 666.4
18.53, 1.853, 666.0
18.54, 1.854, 668.2
18.55, 1.855, 670.7
18.56, 1.856, 671.2
18.57, 1.857, 673.9
18.58, 1.858, 673.0
18.59, 1.859, 675.9
18.60, 1.860, 676.7
18.61, 1.861, 678.4
18.62, 1.862, 678.9
18.63, 1.863, 683.0
18.64, 1.864, 682.8
18.65, 1.865, 686.7
18.66, 1.866, 687.4
18.67, 1.867, 689.1
18.68, 1.868, 689.5
18.69, 1.869, 691.7
18.70, 1.870, 693.1
18.71, 1.871, 696.8
18.72, 1.872, 696.7
18.73, 1.873, 698.5
18.74, 1.874, 698.0
18.75, 1.875, 702.2
18.76, 1.876, 704.0
18.77, 1.877, 704.1
18.78, 1.878, 704.8
18.79, 1.879, 708.0
18.80, 1.880, 706.2
18.81, 1.881, 710.1
18.82, 1.882, 711.7
18.83, 1.883, 713.1
18.84, 1.884, 712.6
18.85, 1.885, 717.1
18.86, 1.886, 716.4
18.87, 1.887, 719.6
18.88, 1.888, 721.2
18.89, 1.889, 722.7
18.90, 1.890, 724.0
18.91, 1.891, 727.0
18.92, 1.892, 726.6
18.93, 1.893, 729.0
18.94, 1.894, 728.5
18.95, 1.895, 732.5
18.96, 1.896, 733.7
18.97, 1.897, 733.9
18.98, 1.898, 735.9
18.99, 1.899, 737.7
19.00, 1.900, 739.7
19.01, 1.901, 742.6
19.02, 1.902, 742.7
19.03, 1.903, 744.6
19.04, 1.904, 745.9
19.05, 1.905, 746.9
19.06, 1.906, 749.0
19.07, 1.907, 752.2
19.08, 1.908, 751.2
19.09, 1.909, 752.9
19.10, 1.910, 754.7
19.11, 1.911, 757.3
19.12, 1.912, 758.9
19.13, 1.913, 760.3
19.14, 1.914, 763.7
19.15, 1.915, 762.9
19.16, 1.916, 764.6
19.17, 1.917, 765.9
19.18, 1.918, 768.2
19.19, 1.919, 770.1
19.20, 1.920, 770.9
19.21, 1.921, 774.0
19.22, 1.922, 775.9
19.23, 1.923, 777.2
19.24, 1.924, 777.8
19.25, 1.925, 778.9
19.26, 1.926, 780.7
19.27, 1.927, 782.9
19.28, 1.928, 785.1
19.29, 1.929, 785.2
19.30, 1.930, 787.1
19.31, 1.931, 790.0
19.32, 1.932, 790.6
19.33, 1.933, 792.9
19.34, 1.934, 795.5
19.35, 1.935, 795.8
19.36, 1.936, 798.0
19.37, 1.937, 798.1
19.38, 1.938, 798.9
19.39, 1.939, 799.2
19.40, 1.940, 802.4
19.41, 1.941, 803.8
19.42, 1.942, 806.1
19.43, 1.943, 806.5
19.44, 1.944, 808.3
19.45, 1.945, 810.0
19.46, 1.946, 811.9
19.47, 1.947, 811.9
19.48, 1.948, 814.0
19.49, 1.949, 816.7
19.50, 1.950, 818.1
19.51, 1.951, 820.5
19.52, 1.952, 821.6
19.53, 1.953, 824.0
19.54, 1.954, 825.4
19.55, 1.955, 825.8
19.56, 1.956, 826.1
19.57, 1.957, 828.7
19.58, 1.958, 830.7
19.59, 1.959, 832.4
19.60, 1.960, 832.8
19.61, 1.961, 836.2
19.62, 1.962, 836.8
19.63, 1.963, 838.2
19.64, 1.964, 840.1
19.65, 1.965, 843.2
19.66, 1.966, 842.9
19.67, 1.967, 845.6
19.68, 1.968, 846.9
19.69, 1.969, 849.5
19.70, 1.970, 849.5
19.71, 1.971, 851.5
19.72, 1.972, 851.6
19.73, 1.973, 852.8
19.74, 1.974, 854.6
19.75, 1.975, 857.0
19.76, 1.976, 857.4
19.77, 1.977, 860.6
19.78, 1.978, 860.4
19.79, 1.979, 861.7
19.80, 1.980, 864.1
19.81, 1.981, 865.1
19.82, 1.982, 866.4
19.83, 1.983, 865.8
19.84, 1.984, 866.0
19.85, 1.985, 867.3
19.86, 1.986, 864.9
19.87, 1.987, 865.6
19.88, 1.988, 866.0
19.89, 1.989, 866.2
19.90, 1.990, 865.4
19.91, 1.991, 865.6
19.92, 1.992, 864.8
19.93, 1.993, 866.4
19.94, 1.994, 865.9
19.95, 1.995, 865.7
19.96, 1.996, 864.4
19.97, 1.997, 865.0
19.98, 1.998, 864.5
19.99, 1.999, 865.2
20.00, 2.000, 864.2
20.01, 1.999, 864.4
20.02, 1.998, 864.2
20.03, 1.997, 864.4
20.04, 1.996, 864.5
20.05, 1.995, 864.2
20.06, 1.994, 864.2
20.07, 1.993, 863.3
20.08, 1.992, 863.5
20.09, 1.991, 864.5
20.10, 1.990, 864.0
20.11, 1.989, 863.7
20.12, 1.988, 863.1
20.13, 1.987, 862.1
20.14, 1.986, 864.0
20.15, 1.985, 862.9
20.16, 1.984, 862.9
20.17, 1.983, 862.1
20.18, 1.982, 864.8
20.19, 1.981, 866.3
20.20, 1.980, 864.6
20.21, 1.979, 862.3
20.22, 1.978, 861.4
20.23, 1.977, 861.3
20.24, 1.976, 859.4
20.25, 1.975, 856.4
20.26, 1.974, 854.5
20.27, 1.973, 853.7
20.28, 1.972, 851.1
20.29, 1.971, 850.9
20.30, 1.970, 848.1
20.31, 1.969, 847.9
20.32, 1.968, 845.9
20.33, 1.967, 843.6
20.34, 1.966, 841.6
20.35, 1.965, 841.9
20.36, 1.964, 837.9
20.37, 1.963, 837.3
20.38, 1.962, 833.4
20.39, 1.961, 834.8
20.40, 1.960, 831.1
20.41, 1.959, 829.0
20.42, 1.958, 827.1
20.43, 1.957, 827.4
20.44, 1.956, 824.2
20.45, 1.955, 823.9
20.46, 1.954, 821.9
20.47, 1.953, 820.4
20.48, 1.952, 816.9
20.49, 1.951, 814.9
20.50, 1.950, 814.1
20.51, 1.949, 812.2
20.52, 1.948, 812.2
20.53, 1.947, 809.1
20.54, 1.946, 809.0
20.55, 1.945, 804.2
20.56, 1.944, 804.9
20.57, 1.943, 800.8
20.58, 1.942, 801.0
20.59, 1.941, 798.1
20.60, 1.940, 796.8
20.61, 1.939, 795.5
20.62, 1.938, 794.3
20.63, 1.937, 791.7
20.64, 1.936, 790.6
20.65, 1.935, 788.2
20.66, 1.934, 788.5
20.67, 1.933, 787.5
20.68, 1.932, 784.8
20.69, 1.931, 782.8
20.70, 1.930, 781.8
20.71, 1.929, 779.7
20.72, 1.928, 777.7
20.73, 1.927, 774.6
20.74, 1.926, 773.6
20.75, 1.925, 770.7
20.76, 1.924, 770.2
20.77, 1.923, 769.3
20.78, 1.922, 767.4
20.79, 1.921, 768.4
20.80, 1.920, 763.5
20.81, 1.919, 762.9
20.82, 1.918, 760.7
20.83, 1.917, 759.7
20.84, 1.916, 757.4
20.85, 1.915, 755.6
20.86, 1.914, 753.5
20.87, 1.913, 753.1
20.88, 1.912, 749.0
20.89, 1.911, 749.3
20.90, 1.910, 744.5
20.91, 1.909, 744.4
20.92, 1.908, 741.4
20.93, 1.907, 740.5
20.94, 1.906, 738.4
20.95, 1.905, 736.7
20.96, 1.904, 735.5
20.97, 1.903, 733.5
20.98, 1.902, 732.1
20.99, 1.901, 730.9
21.00, 1.900, 730.3
21.01, 1.899, 729.7
21.02, 1.898, 728.5
21.03, 1.897, 725.8
21.04, 1.896, 726.3
21.05, 1.895, 721.6
21.06, 1.894, 720.6
21.07, 1.893, 717.9
21.08, 1.892, 716.8
21.09, 1.891, 715.6
21.10, 1.890, 715.2
21.11, 1.889, 711.8
21.12, 1.888, 711.3
21.13, 1.887, 709.5
21.14, 1.886, 708.3
21.15, 1.885, 707.5
21.16, 1.884, 705.2
21.17, 1.883, 702.7
21.18, 1.882, 701.4
21.19, 1.881, 697.7
21.20, 1.880, 697.1
21.21, 1.879, 695.6
21.22, 1.878, 694.0
21.23, 1.877, 692.9
21.24, 1.876, 690.1
21.25, 1.875, 690.4
21.26, 1.874, 688.9
21.27, 1.873, 687.3
21.28, 1.872, 686.3
21.29, 1.871, 683.6
21.30, 1.870, 681.8
21.31, 1.869, 679.5
21.32, 1.868, 677.2
21.33, 1.867, 676.3
21.34, 1.866, 673.3
21.35, 1.865, 671.2
21.36, 1.864, 671.4
21.37, 1.863, 670.2
21.38, 1.862, 666.4
21.39, 1.861, 664.9
21.40, 1.860, 663.6
21.41, 1.859, 662.3
21.42, 1.858, 660.0
21.43, 1.857, 658.7
21.44, 1.856, 656.6
21.45, 1.855, 655.9
21.46, 1.854, 653.6
21.47, 1.853, 651.7
21.48, 1.852, 650.2
21.49, 1.851, 649.1
21.50, 1.850, 646.6
21.51, 1.849, 644.1
21.52, 1.848, 644.1
21.53, 1.847, 642.0
21.54, 1.846, 641.6
21.55, 1.845, 638.0
21.56, 1.844, 638.9
21.57, 1.843, 635.3
21.58, 1.842, 633.8
21.59, 1.841, 631.1
21.60, 1.840, 630.9
21.61, 1.839, 629.2
21.62, 1.838, 628.0
21.63, 1.837, 625.7
21.64, 1.836, 623.7
21.65, 1.835, 622.8
21.66, 1.834, 619.7
21.67, 1.833, 618.6
21.68, 1.832, 615.7
21.69, 1.831, 614.9
21.70, 1.830, 612.9
21.71, 1.829, 610.7
21.72, 1.828, 609.5
21.73, 1.827, 607.1
21.74, 1.826, 607.0
21.75, 1.825, 603.7
21.76, 1.824, 603.6
21.77, 1.823, 600.4
21.78, 1.822, 598.0
21.79, 1.821, 596.3
21.80, 1.820, 594.3
21.81, 1.819, 591.4
21.82, 1.818, 592.4
21.83, 1.817, 588.8
21.84, 1.816, 587.8
21.85, 1.815, 584.9
21.86, 1.814, 585.3
21.87, 1.813, 583.6
21.88, 1.812, 582.7
21.89, 1.811, 580.5
21.90, 1.810, 578.7
21.91, 1.809, 577.7
21.92, 1.808, 575.4
21.93, 1.807, 575.1
21.94, 1.806, 573.2
21.95, 1.805, 573.0
21.96, 1.804, 568.3
21.97, 1.803, 567.1
21.98, 1.802, 564.3
21.99, 1.801, 564.3
22.00, 1.800, 561.3
22.01, 1.799, 561.3
22.02, 1.798, 557.5
22.03, 1.797, 556.7
22.04, 1.796, 555.6
22.05, 1.795, 553.1
22.06, 1.794, 551.9
22.07, 1.793, 550.3
22.08, 1.792, 548.5
22.09, 1.791, 547.1
22.10, 1.790, 545.8
22.11, 1.789, 543.4
22.12, 1.788, 542.1
22.13, 1.787, 539.1
22.14, 1.786, 538.4
22.15, 1.785, 536.1
22.16, 1.784, 534.6
22.17, 1.783, 533.0
22.18, 1.782, 529.9
22.19, 1.781, 528.3
22.20, 1.780, 526.4
22.21, 1.779, 526.4
22.22, 1.778, 523.9
22.23, 1.777, 522.7
22.24, 1.776, 519.4
22.25, 1.775, 518.6
22.26, 1.774, 516.5
22.27, 1.773, 514.8
22.28, 1.772, 512.1
22.29, 1.771, 514.0
22.30, 1.770, 510.5
22.31, 1.769, 508.8
22.32, 1.768, 505.5
22.33, 1.767, 505.7
22.34, 1.766, 502.4
22.35, 1.765, 503.0
22.36, 1.764, 498.5
22.37, 1.763, 497.2
22.38, 1.762, 495.5
22.39, 1.761, 495.3
22.40, 1.760, 492.3
22.41, 1.759, 491.6
22.42, 1.758, 487.5
22.43, 1.757, 487.3
22.44, 1.756, 484.3
22.45, 1.755, 484.9
22.46, 1.754, 481.1
22.47, 1.753, 480.1
22.48, 1.752, 478.0
22.49, 1.751, 476.0
22.50, 1.750, 477.4
22.51, 1.749, 476.5
22.52, 1.748, 473.5
22.53, 1.747, 472.5
22.54, 1.746, 470.7
22.55, 1.745, 468.4
22.56, 1.744, 466.4
22.57, 1.743, 464.4
22.58, 1.742, 462.4
22.59, 1.741, 461.0
22.60, 1.740, 459.4
22.61, 1.739, 455.3
22.62, 1.738, 455.0
22.63, 1.737, 452.3
22.64, 1.736, 450.7
22.65, 1.735, 450.7
22.66, 1.734, 449.5
22.67, 1.733, 446.0
22.68, 1.732, 443.7
22.69, 1.731, 442.3
22.70, 1.730, 440.4
22.71, 1.729, 438.5
22.72, 1.728, 436.7
22.73, 1.727, 435.6
22.74, 1.726, 433.7
22.75, 1.725, 432.5
22.76, 1.724, 429.6
22.77, 1.723, 430.2
22.78, 1.722, 425.6
22.79, 1.721, 425.2
22.80, 1.720, 423.6
22.81, 1.719, 423.2
22.82, 1.718, 419.3
22.83, 1.717, 420.9
22.84, 1.716, 416.5
22.85, 1.715, 416.6
22.86, 1.714, 414.5
22.87, 1.713, 413.4
22.88, 1.712, 409.9
22.89, 1.711, 406.8
22.90, 1.710, 405.4
22.91, 1.709, 404.0
22.92, 1.708, 402.5
22.93, 1.707, 401.7
22.94, 1.706, 401.0
22.95, 1.705, 396.3
22.96, 1.704, 395.8
22.97, 1.703, 393.1
22.98, 1.702, 392.5
22.99, 1.701, 391.4
23.00, 1.700, 390.4
23.01, 1.699, 387.0
23.02, 1.698, 385.8
23.03, 1.697, 382.9
23.04, 1.696, 381.3
23.05, 1.695, 378.4
23.06, 1.694, 378.0
23.07, 1.693, 375.1
23.08, 1.692, 375.8
23.09, 1.691, 371.8
23.10, 1.690, 370.8
23.11, 1.689, 369.1
23.12, 1.688, 369.5
23.13, 1.687, 365.2
23.14, 1.686, 364.3
23.15, 1.685, 362.4
23.16, 1.684, 361.6
23.17, 1.683, 359.2
23.18, 1.682, 358.1
23.19, 1.681, 355.8
23.20, 1.680, 355.7
23.21, 1.679, 353.2
23.22, 1.678, 350.7
23.23, 1.677, 348.5
23.24, 1.676, 347.0
23.25, 1.675, 345.3
23.26, 1.674, 343.3
23.27, 1.673, 341.1
23.28, 1.672, 338.9
23.29, 1.671, 338.0
23.30, 1.670, 338.2
23.31, 1.669, 336.6
23.32, 1.668, 334.0
23.33, 1.667, 332.0
23.34, 1.666, 330.7
23.35, 1.665, 328.1
23.36, 1.664, 326.1
23.37, 1.663, 324.3
23.38, 1.662, 322.4
23.39, 1.661, 320.8
23.40, 1.660, 318.5
23.41, 1.659, 316.2
23.42, 1.658, 316.0
23.43, 1.657, 313.9
23.44, 1.656, 312.6
23.45, 1.655, 310.2
23.46, 1.654, 308.4
23.47, 1.653, 303.4
23.48, 1.652, 303.0
23.49, 1.651, 301.8
23.50, 1.650, 300.9
23.51, 1.649, 299.0
23.52, 1.648, 296.3
23.53, 1.647, 294.8
23.54, 1.646, 293.5
23.55, 1.645, 291.8
23.56, 1.644, 290.9
23.57, 1.643, 288.1
23.58, 1.642, 286.5
23.59, 1.641, 284.1
23.60, 1.640, 283.4
23.61, 1.639, 281.0
23.62, 1.638, 279.8
23.63, 1.637, 280.0
23.64, 1.636, 276.5
23.65, 1.635, 274.4
23.66, 1.634, 273.0
23.67, 1.633, 272.6
23.68, 1.632, 270.6
23.69, 1.631, 267.4
23.70, 1.630, 266.3
23.71, 1.629, 265.1
23.72, 1.628, 262.2
23.73, 1.627, 261.4
23.74, 1.626, 259.0
23.75, 1.625, 258.6
23.76, 1.624, 257.1
23.77, 1.623, 254.7
23.78, 1.622, 253.4
23.79, 1.621, 252.6
23.80, 1.620, 250.2
23.81, 1.619, 248.6
23.82, 1.618, 245.9
23.83, 1.617, 244.3
23.84, 1.616, 242.3
23.85, 1.615, 241.3
23.86, 1.614, 236.2
23.87, 1.613, 236.6
23.88, 1.612, 233.8
23.89, 1.611, 233.2
23.90, 1.610, 229.5
23.91, 1.609, 230.0
23.92, 1.608, 229.0
23.93, 1.607, 226.7
23.94, 1.606, 226.3
23.95, 1.605, 223.6
23.96, 1.604, 223.0
23.97, 1.603, 220.5
23.98, 1.602, 218.9
23.99, 1.601, 216.5
24.00, 1.600, 214.2
24.01, 1.599, 212.4
24.02, 1.598, 210.7
24.03, 1.597, 209.1
24.04, 1.596, 206.6
24.05, 1.595, 207.2
24.06, 1.594, 204.3
24.07, 1.593, 204.5
24.08, 1.592, 202.2
24.09, 1.591, 200.1
24.10, 1.590, 199.6
24.11, 1.589, 197.6
24.12, 1.588, 195.1
24.13, 1.587, 194.4
24.14, 1.586, 191.9
24.15, 1.585, 190.5
24.16, 1.584, 190.1
24.17, 1.583, 186.6
24.18, 1.582, 186.5
24.19, 1.581, 183.8
24.20, 1.580, 183.5
24.21, 1.579, 180.8
24.22, 1.578, 181.2
24.23, 1.577, 176.4
24.24, 1.576, 176.0
24.25, 1.575, 174.2
24.26, 1.574, 174.0
24.27, 1.573, 170.1
24.28, 1.572, 169.5
24.29, 1.571, 169.4
24.30, 1.570, 164.9
24.31, 1.569, 163.6
24.32, 1.568, 161.3
24.33, 1.567, 161.5
24.34, 1.566, 159.4
24.35, 1.565, 157.7
24.36, 1.564, 156.4
24.37, 1.563, 158.1
24.38, 1.562, 155.0
24.39, 1.561, 154.4
24.40, 1.560, 151.8
24.41, 1.559, 149.9
24.42, 1.558, 149.0
24.43, 1.557, 147.1
24.44, 1.556, 147.4
24.45, 1.555, 144.3
24.46, 1.554, 143.4
24.47, 1.553, 141.9
24.48, 1.552, 139.5
24.49, 1.551, 138.3
24.50, 1.550, 137.1
24.51, 1.549, 134.5
24.52, 1.548, 133.6
24.53, 1.547, 133.1
24.54, 1.546, 130.2
24.55, 1.545, 131.0
24.56, 1.544, 126.9
24.57, 1.543, 127.7
24.58, 1.542, 125.2
24.59, 1.541, 123.2
24.60, 1.540, 122.3
24.61, 1.539, 120.8
24.62, 1.538, 121.5
24.63, 1.537, 117.6
24.64, 1.536, 114.7
24.65, 1.535, 113.0
24.66, 1.534, 114.7
24.67, 1.533, 111.8
24.68, 1.532, 110.2
24.69, 1.531, 108.3
24.70, 1.530, 108.6
24.71, 1.529, 106.3
24.72, 1.528, 106.3
24.73, 1.527, 104.5
24.74, 1.526, 103.4
24.75, 1.525, 101.4
24.76, 1.524, 101.0
24.77, 1.523, 98.89
24.78, 1.522, 98.45
24.79, 1.521, 95.42
24.80, 1.520, 95.55
24.81, 1.519, 93.58
24.82, 1.518, 93.86
24.83, 1.517, 90.91
24.84, 1.516, 90.74
24.85, 1.515, 89.68
24.86, 1.514, 88.51
24.87, 1.513, 86.33
24.88, 1.512, 86.10
24.89, 1.511, 85.64
24.90, 1.510, 84.48
24.91, 1.509, 82.98
24.92, 1.508, 81.48
24.93, 1.507, 80.20
24.94, 1.506, 79.82
24.95, 1.505, 79.19
24.96, 1.504, 77.43
24.97, 1.503, 77.25
24.98, 1.502, 75.04
24.99, 1.501, 74.97
25.00, 1.500, 75.31
25.01, 1.499, 74.85
25.02, 1.498, 72.76
25.03, 1.497, 72.52
25.04, 1.496, 70.77
25.05, 1.495, 70.26
25.06, 1.494, 69.45
25.07, 1.493, 68.52
25.08, 1.492, 66.97
25.09, 1.491, 65.83
25.10, 1.490, 63.92
25.11, 1.489, 63.33
25.12, 1.488, 63.23
25.13, 1.487, 60.16
25.14, 1.486, 59.79
25.15, 1.485, 59.32
25.16, 1.484, 59.01
25.17, 1.483, 57.56
25.18, 1.482, 57.72
25.19, 1.481, 55.97
25.20, 1.480, 54.95
25.21, 1.479, 55.07
25.22, 1.478, 53.28
25.23, 1.477, 52.36
25.24, 1.476, 50.92
25.25, 1.475, 50.91
25.26, 1.474, 51.01
25.27, 1.473, 49.76
25.28, 1.472, 48.75
25.29, 1.471, 48.32
25.30, 1.470, 47.02
25.31, 1.469, 47.17
25.32, 1.468, 46.01
25.33, 1.467, 46.60
25.34, 1.466, 45.40
25.35, 1.465, 44.10
25.36, 1.464, 42.24
25.37, 1.463, 42.57
25.38, 1.462, 41.93
25.39, 1.461, 41.07
25.40, 1.460, 39.18
25.41, 1.459, 39.11
25.42, 1.458, 38.03
25.43, 1.457, 37.71
25.44, 1.456, 36.99
25.45, 1.455, 37.30
25.46, 1.454, 36.59
25.47, 1.453, 36.36
25.48, 1.452, 36.58
25.49, 1.451, 36.42
25.50, 1.450, 34.93
25.51, 1.449, 31.11
25.52, 1.448, 33.07
25.53, 1.447, 31.03
25.54, 1.446, 31.78
25.55, 1.445, 29.38
25.56, 1.444, 29.82
25.57, 1.443, 28.44
25.58, 1.442, 29.75
25.59, 1.441, 28.61
25.60, 1.440, 28.62
25.61, 1.439, 27.34
25.62, 1.438, 27.10
25.63, 1.437, 25.90
25.64, 1.436, 26.51
25.65, 1.435, 26.11
25.66, 1.434, 24.98
25.67, 1.433, 25.62
25.68, 1.432, 24.45
25.69, 1.431, 23.97
25.70, 1.430, 23.37
25.71, 1.429, 23.52
25.72, 1.428, 22.84
25.73, 1.427, 22.99
25.74, 1.426, 21.46
25.75, 1.425, 21.09
25.76, 1.424, 21.23
25.77, 1.423, 21.06
25.78, 1.422, 21.64
25.79, 1.421, 20.50
25.80, 1.420, 20.61
25.81, 1.419, 19.73
25.82, 1.418, 20.18
25.83, 1.417, 17.86
25.84, 1.416, 18.30
25.85, 1.415, 18.98
25.86, 1.414, 19.34
25.87, 1.413, 17.12
25.88, 1.412, 17.36
25.89, 1.411, 15.94
25.90, 1.410, 15.74
25.91, 1.409, 16.49
25.92, 1.408, 15.45
25.93, 1.407, 14.08
25.94, 1.406, 15.56
25.95, 1.405, 14.38
25.96, 1.404, 13.87
25.97, 1.403, 15.28
25.98, 1.402, 14.30
25.99, 1.401, 13.60
26.00, 1.400, 13.05
26.01, 1.399, 14.10
26.02, 1.398, 12.54
26.03, 1.397, 13.87
26.04, 1.396, 12.34
26.05, 1.395, 13.79
26.06, 1.394, 12.44
26.07, 1.393, 13.41
26.08, 1.392, 11.79
26.09, 1.391, 12.69
26.10, 1.390, 10.85
26.11, 1.389, 10.70
26.12, 1.388, 11.02
26.13, 1.387, 11.79
26.14, 1.386, 10.20
26.15, 1.385, 10.47
26.16, 1.384, 9.260
26.17, 1.383, 9.371
26.18, 1.382, 9.324
26.19, 1.381, 8.766
26.20, 1.380, 9.527
26.21, 1.379, 9.200
26.22, 1.378, 10.03
26.23, 1.377, 8.572
26.24, 1.376, 9.761
26.25, 1.375, 7.760
26.26, 1.374, 8.703
26.27, 1.373, 7.053
26.28, 1.372, 7.721
26.29, 1.371, 8.164
26.30, 1.370, 7.151
26.31, 1.369, 5.894
26.32, 1.368, 8.464
26.33, 1.367, 8.151
26.34, 1.366, 7.890
26.35, 1.365, 7.614
26.36, 1.364, 6.220
26.37, 1.363, 6.845
26.38, 1.362, 5.235
26.39, 1.361, 6.544
26.40, 1.360, 5.065
26.41, 1.359, 5.891
26.42, 1.358, 7.224
26.43, 1.357, 6.100
26.44, 1.356, 6.193
26.45, 1.355, 5.160
26.46, 1.354, 6.067
26.47, 1.353, 5.733
26.48, 1.352, 4.762
26.49, 1.351, 4.736
26.50, 1.350, 5.960
26.51, 1.349, 7.068
26.52, 1.348, 6.316
26.53, 1.347, 3.653
26.54, 1.346, 4.778
26.55, 1.345, 4.461
26.56, 1.344, 3.990
26.57, 1.343, 4.006
26.58, 1.342, 4.351
26.59, 1.341, 5.032
26.60, 1.340, 5.716
26.61, 1.339, 4.715
26.62, 1.338, 4.545
26.63, 1.337, 5.511
26.64, 1.336, 4.008
26.65, 1.335, 5.959
26.66, 1.334, 4.009
26.67, 1.333, 6.204
26.68, 1.332, 5.651
26.69, 1.331, 5.564
26.70, 1.330, 4.090
26.71, 1.329, 4.399
26.72, 1.328, 3.852
26.73, 1.327, 4.665
26.74, 1.326, 2.734
26.75, 1.325, 4.050
26.76, 1.324, 3.672
26.77, 1.323, 5.428
26.78, 1.322, 3.667
26.79, 1.321, 3.515
26.80, 1.320, 2.642
26.81, 1.319, 2.684
26.82, 1.318, 2.932
26.83, 1.317, 1.878
26.84, 1.316, 1.738
26.85, 1.315, 2.519
26.86, 1.314, 1.330
26.87, 1.313, 2.627
26.88, 1.312, 1.473
26.89, 1.311, 2.569
26.90, 1.310, 1.943
26.91, 1.309, 1.755
26.92, 1.308, 0.9570
26.93, 1.307, 1.320
26.94, 1.306, 1.553
26.95, 1.305, 0.6484
26.96, 1.304, 1.107
26.97, 1.303, 0.1848
26.98, 1.302, -0.03355
26.99, 1.301, -0.8659
27.00, 1.300, 1.746
27.01, 1.299, -0.3907
27.02, 1.298, -0.9466
27.03, 1.297, 0.3750
27.04, 1.296, 0.02613
27.05, 1.295, -1.152
27.06, 1.294, -0.2351
27.07, 1.293, -0.7733
27.08, 1.292, 0.6065
27.09, 1.291, -0.5313
27.10, 1.290, 0.6080
27.11, 1.289, -2.317
27.12, 1.288, 0.1990
27.13, 1.287, -1.565
27.14, 1.286, 0.5738
27.15, 1.285, -1.484
27.16, 1.284, 0.6225
27.17, 1.283, -1.312
27.18, 1.282, -0.5423
27.19, 1.281, -0.7310
27.20, 1.280, 0.1792
27.21, 1.279, -0.3295
27.22, 1.278, -0.6036
27.23, 1.277, -1.154
27.24, 1.276, -1.261
27.25, 1.275, -0.9112
27.26, 1.274, 1.845
27.27, 1.273, 0.5972
27.28, 1.272, -0.3254
27.29, 1.271, 2.970
27.30, 1.270, 1.328
27.31, 1.269, 1.883
27.32, 1.268, 0.5341
27.33, 1.267, 1.225
27.34, 1.266, 1.522
27.35, 1.265, 1.069
27.36, 1.264, 0.2577
27.37, 1.263, 0.1189
27.38, 1.262, -0.7249
27.39, 1.261, 0.5931
27.40, 1.260, -1.689
27.41, 1.259, -0.6804
27.42, 1.258, -1.734
27.43, 1.257, 0.5266
27.44, 1.256, -1.129
27.45, 1.255, -1.627
27.46, 1.254, -1.255
27.47, 1.253, -0.05897
27.48, 1.252, -0.8252
27.49, 1.251, -1.031
27.50, 1.250, -2.387
27.51, 1.249, -1.451
27.52, 1.248, 0.1149
27.53, 1.247, -0.5531
27.54, 1.246, -1.293
27.55, 1.245, 0.5249
27.56, 1.244, -0.3457
27.57, 1.243, -2.052
27.58, 1.242, -0.3469
27.59, 1.241, -4.009
27.60, 1.240, -0.01584
27.61, 1.239, -2.056
27.62, 1.238, -1.328
27.63, 1.237, -2.159
27.64, 1.236, -1.391
27.65, 1.235, -0.5649
27.66, 1.234, -1.731
27.67, 1.233, -2.107
27.68, 1.232, -0.7318
27.69, 1.231, -3.801
27.70, 1.230, -2.118
27.71, 1.229, -1.804
27.72, 1.228, -3.587
27.73, 1.227, -2.546
27.74, 1.226, -1.930
27.75, 1.225, -2.512
27.76, 1.224, -3.069
27.77, 1.223, -2.931
27.78, 1.222, -3.113
27.79, 1.221, -4.026
27.80, 1.220, -3.974
27.81, 1.219, -3.419
27.82, 1.218, -3.804
27.83, 1.217, -4.013
27.84, 1.216, -1.612
27.85, 1.215, -3.427
27.86, 1.214, -2.906
27.87, 1.213, -3.507
27.88, 1.212, -3.464
27.89, 1.211, -2.171
27.90, 1.210, -3.848
27.91, 1.209, -3.050
27.92, 1.208, -4.548
27.93, 1.207, -0.9634
27.94, 1.206, -3.873
27.95, 1.205, -4.243
27.96, 1.204, -4.292
27.97, 1.203, -3.030
27.98, 1.202, -4.324
27.99, 1.201, -2.905
28.00, 1.200, -4.233
28.01, 1.199, -3.140
28.02, 1.198, -2.944
28.03, 1.197, -3.997
28.04, 1.196, -5.274
28.05, 1.195, -3.732
28.06, 1.194, -5.189
28.07, 1.193, -5.250
28.08, 1.192, -5.410
28.09, 1.191, -3.143
28.10, 1.190, -4.246
28.11, 1.189, -3.848
28.12, 1.188, -3.312
28.13, 1.187, -4.329
28.14, 1.186, -3.519
28.15, 1.185, -2.793
28.16, 1.184, -4.268
28.17, 1.183, -3.900
28.18, 1.182, -4.099
28.19, 1.181, -4.282
28.20, 1.180, -4.169
28.21, 1.179, -3.049
28.22, 1.178, -4.646
28.23, 1.177, -4.590
28.24, 1.176, -2.805
28.25, 1.175, -5.061
28.26, 1.174, -3.798
28.27, 1.173, -3.432
28.28, 1.172, -3.855
28.29, 1.171, -3.913
28.30, 1.170, -3.918
28.31, 1.169, -4.845
28.32, 1.168, -2.795
28.33, 1.167, -4.639
28.34, 1.166, -3.021
28.35, 1.165, -4.193
28.36, 1.164, -2.002
28.37, 1.163, -4.395
28.38, 1.162, -4.579
28.39, 1.161, -3.820
28.40, 1.160, -5.930
28.41, 1.159, -4.490
28.42, 1.158, -3.751
28.43, 1.157, -4.818
28.44, 1.156, -5.730
28.45, 1.155, -3.946
28.46, 1.154, -3.963
28.47, 1.153, -4.642
28.48, 1.152, -5.033
28.49, 1.151, -3.972
28.50, 1.150, -6.098
28.51, 1.149, -4.464
28.52, 1.148, -5.020
28.53, 1.147, -3.418
28.54, 1.146, -5.235
28.55, 1.145, -5.137
28.56, 1.144, -6.018
28.57, 1.143, -4.245
28.58, 1.142, -4.748
28.59, 1.141, -4.271
28.60, 1.140, -6.074
28.61, 1.139, -5.501
28.62, 1.138, -6.562
28.63, 1.137, -5.168
28.64, 1.136, -5.305
28.65, 1.135, -5.320
28.66, 1.134, -6.074
28.67, 1.133, -6.130
28.68, 1.132, -5.160
28.69, 1.131, -5.439
28.70, 1.130, -5.114
28.71, 1.129, -5.671
28.72, 1.128, -3.234
28.73, 1.127, -6.108
28.74, 1.126, -4.474
28.75, 1.125, -4.002
28.76, 1.124, -1.842
28.77, 1.123, -4.344
28.78, 1.122, -4.280
28.79, 1.121, -4.920
28.80, 1.120, -4.107
28.81, 1.119, -2.942
28.82, 1.118, -4.811
28.83, 1.117, -2.768
28.84, 1.116, -5.033
28.85, 1.115, -3.431
28.86, 1.114, -5.771
28.87, 1.113, -2.876
28.88, 1.112, -4.387
28.89, 1.111, -5.624
28.90, 1.110, -5.262
28.91, 1.109, -4.867
28.92, 1.108, -5.034
28.93, 1.107, -5.267
28.94, 1.106, -5.000
28.95, 1.105, -4.821
28.96, 1.104, -3.951
28.97, 1.103, -5.093
28.98, 1.102, -4.632
28.99, 1.101, -5.603
29.00, 1.100, -5.282
29.01, 1.099, -5.221
29.02, 1.098, -4.613
29.03, 1.097, -3.349
29.04, 1.096, -3.965
29.05, 1.095, -4.517
29.06, 1.094, -5.107
29.07, 1.093, -3.307
29.08, 1.092, -4.883
29.09, 1.091, -4.079
29.10, 1.090, -5.273
29.11, 1.089, -4.234
29.12, 1.088, -4.453
29.13, 1.087, -3.036
29.14, 1.086, -5.178
29.15, 1.085, -4.237
29.16, 1.084, -3.301
29.17, 1.083, -4.363
29.18, 1.082, -5.479
29.19, 1.081, -4.509
29.20, 1.080, -5.787
29.21, 1.079, -5.537
29.22, 1.078, -4.318
29.23, 1.077, -5.086
29.24, 1.076, -5.152
29.25, 1.075, -4.730
29.26, 1.074, -3.140
29.27, 1.073, -4.595
29.28, 1.072, -6.224
29.29, 1.071, -5.746
29.30, 1.070, -4.733
29.31, 1.069, -5.486
29.32, 1.068, -5.130
29.33, 1.067, -3.833
29.34, 1.066, -4.385
29.35, 1.065, -6.367
29.36, 1.064, -5.038
29.37, 1.063, -5.114
29.38, 1.062, -5.264
29.39, 1.061, -4.888
29.40, 1.060, -3.949
29.41, 1.059, -3.969
29.42, 1.058, -6.050
29.43, 1.057, -4.832
29.44, 1.056, -4.776
29.45, 1.055, -3.949
29.46, 1.054, -4.784
29.47, 1.053, -5.147
29.48, 1.052, -4.756
29.49, 1.051, -5.868
29.50, 1.050, -3.818
29.51, 1.049, -6.265
29.52, 1.048, -5.007
29.53, 1.047, -3.923
29.54, 1.046, -5.178
29.55, 1.045, -4.968
29.56, 1.044, -4.925
29.57, 1.043, -5.455
29.58, 1.042, -3.860
29.59, 1.041, -5.480
29.60, 1.040, -4.301
29.61, 1.039, -4.134
29.62, 1.038, -5.249
29.63, 1.037, -4.213
29.64, 1.036, -4.550
29.65, 1.035, -4.732
29.66, 1.034, -5.440
29.67, 1.033, -4.635
29.68, 1.032, -6.008
29.69, 1.031, -5.558
29.70, 1.030, -4.872
29.71, 1.029, -5.316
29.72, 1.028, -2.941
29.73, 1.027, -4.084
29.74, 1.026, -4.663
29.75, 1.025, -5.541
29.76, 1.024, -5.603
29.77, 1.023, -4.832
29.78, 1.022, -4.308
29.79, 1.021, -6.134
29.80, 1.020, -4.517
29.81, 1.019, -5.397
29.82, 1.018, -4.735
29.83, 1.017, -6.062
29.84, 1.016, -5.990
29.85, 1.015, -5.312
29.86, 1.014, -4.765
29.87, 1.013, -5.230
29.88, 1.012, -4.226
29.89, 1.011, -4.560
29.90, 1.010, -4.528
29.91, 1.009, -4.825
29.92, 1.008, -6.119
29.93, 1.007, -4.143
29.94, 1.006, -6.551
29.95, 1.005, -4.071
29.96, 1.004, -4.425
29.97, 1.003, -4.589
29.98, 1.002, -3.742
29.99, 1.001, -6.020
30.00, 1.000, -7.696
30.01, 0.9990, -4.881
30.02, 0.9980, -5.242
30.03, 0.9970, -4.401
30.04, 0.9960, -5.050
30.05, 0.9950, -3.615
30.06, 0.9940, -5.500
30.07, 0.9930, -4.156
30.08, 0.9920, -4.903
30.09, 0.9910, -4.411
30.10, 0.9900, -5.062
30.11, 0.9890, -4.534
30.12, 0.9880, -4.553
30.13, 0.9870, -4.865
30.14, 0.9860, -4.781
30.15, 0.9850, -4.981
30.16, 0.9840, -4.457
30.17, 0.9830, -5.421
30.18, 0.9820, -5.153
30.19, 0.9810, -4.474
30.20, 0.9800, -3.673
30.21, 0.9790, -4.693
30.22, 0.9780, -5.222
30.23, 0.9770, -5.476
30.24, 0.9760, -5.388
30.25, 0.9750, -4.438
30.26, 0.9740, -5.097
30.27, 0.9730, -5.580
30.28, 0.9720, -4.277
30.29, 0.9710, -6.016
30.30, 0.9700, -4.060
30.31, 0.9690, -4.881
30.32, 0.9680, -4.614
30.33, 0.9670, -5.564
30.34, 0.9660, -3.932
30.35, 0.9650, -4.915
30.36, 0.9640, -3.143
30.37, 0.9630, -6.140
30.38, 0.9620, -5.163
30.39, 0.9610, -5.801
30.40, 0.9600, -5.249
30.41, 0.9590, -5.631
30.42, 0.9580, -4.808
30.43, 0.9570, -4.312
30.44, 0.9560, -3.959
30.45, 0.9550, -4.328
30.46, 0.9540, -3.619
30.47, 0.9530, -4.377
30.48, 0.9520, -5.831
30.49, 0.9510, -3.993
30.50, 0.9500, -4.609
30.51, 0.9490, -4.547
30.52, 0.9480, -4.754
30.53, 0.9470, -3.847
30.54, 0.9460, -5.435
30.55, 0.9450, -4.402
30.56, 0.9440, -5.154
30.57, 0.9430, -3.915
30.58, 0.9420, -2.104
30.59, 0.9410, -4.494
30.60, 0.9400, -3.534
30.61, 0.9390, -5.908
30.62, 0.9380, -4.300
30.63, 0.9370, -4.795
30.64, 0.9360, -3.923
30.65, 0.9350, -6.910
30.66, 0.9340, -4.391
30.67, 0.9330, -5.160
30.68, 0.9320, -5.009
30.69, 0.9310, -5.512
30.70, 0.9300, -5.156
30.71, 0.9290, -5.872
30.72, 0.9280, -4.257
30.73, 0.9270, -6.130
30.74, 0.9260, -5.033
30.75, 0.9250, -5.633
30.76, 0.9240, -5.481
30.77, 0.9230, -5.613
30.78, 0.9220, -4.952
30.79, 0.9210, -4.815
30.80, 0.9200, -3.460
30.81, 0.9190, -3.627
30.82, 0.9180, -4.668
30.83, 0.9170, -4.597
30.84, 0.9160, -4.475
30.85, 0.9150, -4.160
30.86, 0.9140, -4.391
30.87, 0.9130, -3.699
30.88, 0.9120, -5.015
30.89, 0.9110, -4.279
30.90, 0.9100, -5.263
30.91, 0.9090, -4.930
30.92, 0.9080, -5.296
30.93, 0.9070, -5.186
30.94, 0.9060, -5.861
30.95, 0.9050, -4.518
30.96, 0.9040, -4.817
30.97, 0.9030, -4.096
30.98, 0.9020, -5.294
30.99, 0.9010, -6.891
31.00, 0.9000, -4.297
31.01, 0.8990, -6.174
31.02, 0.8980, -4.211
31.03, 0.8970, -5.515
31.04, 0.8960, -5.581
31.05, 0.8950, -5.437
31.06, 0.8940, -4.813
31.07, 0.8930, -6.811
31.08, 0.8920, -4.561
31.09, 0.8910, -5.550
31.10, 0.8900, -4.279
31.11, 0.8890, -4.617
31.12, 0.8880, -4.744
31.13, 0.8870, -6.010
31.14, 0.8860, -5.413
31.15, 0.8850, -3.980
31.16, 0.8840, -5.887
31.17, 0.8830, -5.134
31.18, 0.8820, -4.197
31.19, 0.8810, -4.252
31.20, 0.8800, -4.421
31.21, 0.8790, -5.608
31.22, 0.8780, -5.240
31.23, 0.8770, -5.188
31.24, 0.8760, -4.494
31.25, 0.8750, -4.568
31.26, 0.8740, -5.414
31.27, 0.8730, -4.036
31.28, 0.8720, -4.074
31.29, 0.8710, -4.851
31.30, 0.8700, -6.219
31.31, 0.8690, -5.505
31.32, 0.8680, -3.999
31.33, 0.8670, -4.485
31.34, 0.8660, -4.167
31.35, 0.8650, -5.131
31.36, 0.8640, -4.672
31.37, 0.8630, -4.754
31.38, 0.8620, -5.099
31.39, 0.8610, -5.430
31.40, 0.8600, -6.502
31.41, 0.8590, -5.060
31.42, 0.8580, -4.952
31.43, 0.8570, -4.883
31.44, 0.8560, -3.832
31.45, 0.8550, -4.095
31.46, 0.8540, -4.065
31.47, 0.8530, -5.123
31.48, 0.8520, -3.976
31.49, 0.8510, -5.067
31.50, 0.8500, -5.512
31.51, 0.8490, -5.597
31.52, 0.8480, -6.014
31.53, 0.8470, -4.587
31.54, 0.8460, -5.011
31.55, 0.8450, -5.301
31.56, 0.8440, -5.408
31.57, 0.8430, -5.228
31.58, 0.8420, -4.955
31.59, 0.8410, -5.155
31.60, 0.8400, -6.403
31.61, 0.8390, -4.410
31.62, 0.8380, -5.434
31.63, 0.8370, -5.117
31.64, 0.8360, -5.586
31.65, 0.8350, -5.032
31.66, 0.8340, -4.887
31.67, 0.8330, -5.032
31.68, 0.8320, -5.166
31.69, 0.8310, -4.561
31.70, 0.8300, -4.949
31.71, 0.8290, -6.238
31.72, 0.8280, -4.448
31.73, 0.8270, -4.844
31.74, 0.8260, -4.750
31.75, 0.8250, -3.766
31.76, 0.8240, -4.313
31.77, 0.8230, -4.441
31.78, 0.8220, -5.097
31.79, 0.8210, -5.306
31.80, 0.8200, -5.044
31.81, 0.8190, -5.555
31.82, 0.8180, -4.953
31.83, 0.8170, -4.222
31.84, 0.8160, -4.466
31.85, 0.8150, -6.001
31.86, 0.8140, -5.247
31.87, 0.8130, -4.331
31.88, 0.8120, -5.193
31.89, 0.8110, -4.193
31.90, 0.8100, -5.701
31.91, 0.8090, -5.192
31.92, 0.8080, -6.214
31.93, 0.8070, -4.604
31.94, 0.8060, -4.745
31.95, 0.8050, -3.194
31.96, 0.8040, -5.294
31.97, 0.8030, -4.124
31.98, 0.8020, -4.851
31.99, 0.8010, -5.270
32.00, 0.8000, -5.715
32.01, 0.7990, -4.383
32.02, 0.7980, -4.597
32.03, 0.7970, -5.053
32.04, 0.7960, -3.639
32.05, 0.7950, -3.624
32.06, 0.7940, -4.950
32.07, 0.7930, -5.402
32.08, 0.7920, -4.904
32.09, 0.7910, -5.278
32.10, 0.7900, -5.815
32.11, 0.7890, -5.712
32.12, 0.7880, -4.920
32.13, 0.7870, -5.300
32.14, 0.7860, -5.124
32.15, 0.7850, -5.635
32.16, 0.7840, -5.594
32.17, 0.7830, -2.700
32.18, 0.7820, -4.976
32.19, 0.7810, -4.573
32.20, 0.7800, -6.763
32.21, 0.7790, -5.831
32.22, 0.7780, -5.313
32.23, 0.7770, -5.046
32.24, 0.7760, -4.488
32.25, 0.7750, -4.956
32.26, 0.7740, -5.675
32.27, 0.7730, -5.188
32.28, 0.7720, -5.497
32.29, 0.7710, -4.899
32.30, 0.7700, -5.177
32.31, 0.7690, -5.240
32.32, 0.7680, -5.705
32.33, 0.7670, -4.765
32.34, 0.7660, -4.700
32.35, 0.7650, -3.577
32.36, 0.7640, -4.842
32.37, 0.7630, -5.738
32.38, 0.7620, -5.726
32.39, 0.7610, -5.310
32.40, 0.7600, -2.795
32.41, 0.7590, -5.460
32.42, 0.7580, -5.344
32.43, 0.7570, -5.477
32.44, 0.7560, -4.717
32.45, 0.7550, -3.846
32.46, 0.7540, -4.213
32.47, 0.7530, -4.638
32.48, 0.7520, -5.063
32.49, 0.7510, -4.959
32.50, 0.7500, -5.225
32.51, 0.7490, -5.395
32.52, 0.7480, -4.719
32.53, 0.7470, -4.608
32.54, 0.7460, -4.815
32.55, 0.7450, -5.332
32.56, 0.7440, -4.496
32.57, 0.7430, -4.759
32.58, 0.7420, -5.076
32.59, 0.7410, -5.126
32.60, 0.7400, -5.647
32.61, 0.7390, -5.547
32.62, 0.7380, -4.667
32.63, 0.7370, -5.153
32.64, 0.7360, -3.806
32.65, 0.7350, -4.787
32.66, 0.7340, -3.321
32.67, 0.7330, -4.617
32.68, 0.7320, -6.133
32.69, 0.7310, -5.634
32.70, 0.7300, -4.290
32.71, 0.7290, -5.942
32.72, 0.7280, -5.170
32.73, 0.7270, -4.985
32.74, 0.7260, -4.477
32.75, 0.7250, -5.150
32.76, 0.7240, -3.741
32.77, 0.7230, -4.736
32.78, 0.7220, -4.259
32.79, 0.7210, -4.576
32.80, 0.7200, -5.166
32.81, 0.7190, -4.107
32.82, 0.7180, -4.573
32.83, 0.7170, -3.703
32.84, 0.7160, -5.212
32.85, 0.7150, -7.527
32.86, 0.7140, -4.596
32.87, 0.7130, -4.513
32.88, 0.7120, -5.718
32.89, 0.7110, -6.342
32.90, 0.7100, -4.620
32.91, 0.7090, -5.103
32.92, 0.7080, -4.992
32.93, 0.7070, -5.471
32.94, 0.7060, -5.688
32.95, 0.7050, -5.309
32.96, 0.7040, -5.194
32.97, 0.7030, -5.532
32.98, 0.7020, -6.210
32.99, 0.7010, -6.437
33.00, 0.7000, -5.420
33.01, 0.6990, -4.252
33.02, 0.6980, -4.517
33.03, 0.6970, -4.360
33.04, 0.6960, -6.022
33.05, 0.6950, -5.333
33.06, 0.6940, -6.057
33.07, 0.6930, -4.930
33.08, 0.6920, -6.098
33.09, 0.6910, -6.315
33.10, 0.6900, -4.473
33.11, 0.6890, -4.237
33.12, 0.6880, -4.094
33.13, 0.6870, -4.471
33.14, 0.6860, -3.629
33.15, 0.6850, -5.549
33.16, 0.6840, -4.233
33.17, 0.6830, -5.485
33.18, 0.6820, -5.391
33.19, 0.6810, -5.109
33.20, 0.6800, -5.533
33.21, 0.6790, -6.573
33.22, 0.6780, -4.064
33.23, 0.6770, -5.485
33.24, 0.6760, -4.129
33.25, 0.6750, -5.524
33.26, 0.6740, -4.915
33.27, 0.6730, -5.518
33.28, 0.6720, -4.774
33.29, 0.6710, -4.322
33.30, 0.6700, -4.408
33.31, 0.6690, -4.815
33.32, 0.6680, -5.384
33.33, 0.6670, -4.511
33.34, 0.6660, -5.016
33.35, 0.6650, -5.089
33.36, 0.6640, -4.565
33.37, 0.6630, -4.716
33.38, 0.6620, -5.356
33.39, 0.6610, -5.438
33.40, 0.6600, -4.937
33.41, 0.6590, -4.157
33.42, 0.6580, -5.270
33.43, 0.6570, -4.370
33.44, 0.6560, -4.911
33.45, 0.6550, -3.807
33.46, 0.6540, -5.618
33.47, 0.6530, -5.332
33.48, 0.6520, -4.827
33.49, 0.6510, -5.243
33.50, 0.6500, -5.992
33.51, 0.6490, -5.041
33.52, 0.6480, -5.490
33.53, 0.6470, -5.773
33.54, 0.6460, -4.981
33.55, 0.6450, -4.245
33.56, 0.6440, -5.742
33.57, 0.6430, -5.563
33.58, 0.6420, -5.868
33.59, 0.6410, -5.784
33.60, 0.6400, -4.454
33.61, 0.6390, -5.285
33.62, 0.6380, -5.113
33.63, 0.6370, -5.310
33.64, 0.6360, -5.671
33.65, 0.6350, -4.325
33.66, 0.6340, -4.417
33.67, 0.6330, -4.430
33.68, 0.6320, -5.287
33.69, 0.6310, -5.484
33.70, 0.6300, -6.125
33.71, 0.6290, -4.680
33.72, 0.6280, -5.259
33.73, 0.6270, -5.492
33.74, 0.6260, -4.684
33.75, 0.6250, -5.305
33.76, 0.6240, -4.808
33.77, 0.6230, -3.295
33.78, 0.6220, -4.542
33.79, 0.6210, -4.066
33.80, 0.6200, -2.909
33.81, 0.6190, -5.649
33.82, 0.6180, -5.934
33.83, 0.6170, -5.342
33.84, 0.6160, -4.929
33.85, 0.6150, -5.578
33.86, 0.6140, -3.169
33.87, 0.6130, -5.381
33.88, 0.6120, -5.071
33.89, 0.6110, -6.480
33.90, 0.6100, -5.240
33.91, 0.6090, -4.984
33.92, 0.6080, -4.314
33.93, 0.6070, -3.924
33.94, 0.6060, -2.369
33.95, 0.6050, -5.019
33.96, 0.6040, -5.965
33.97, 0.6030, -5.852
33.98, 0.6020, -4.350
33.99, 0.6010, -2.455
34.00, 0.6000, -5.674
34.01, 0.5990, -6.339
34.02, 0.5980, -4.796
34.03, 0.5970, -4.554
34.04, 0.5960, -4.068
34.05, 0.5950, -4.859
34.06, 0.5940, -5.144
34.07, 0.5930, -4.514
34.08, 0.5920, -5.030
34.09, 0.5910, -5.034
34.10, 0.5900, -3.258
34.11, 0.5890, -5.031
34.12, 0.5880, -4.487
34.13, 0.5870, -5.019
34.14, 0.5860, -4.325
34.15, 0.5850, -5.013
34.16, 0.5840, -4.839
34.17, 0.5830, -5.611
34.18, 0.5820, -5.048
34.19, 0.5810, -6.217
34.20, 0.5800, -4.471
34.21, 0.5790, -4.945
34.22, 0.5780, -4.897
34.23, 0.5770, -4.765
34.24, 0.5760, -4.597
34.25, 0.5750, -4.335
34.26, 0.5740, -4.794
34.27, 0.5730, -5.832
34.28, 0.5720, -5.347
34.29, 0.5710, -5.667
34.30, 0.5700, -5.053
34.31, 0.5690, -5.017
34.32, 0.5680, -5.693
34.33, 0.5670, -6.036
34.34, 0.5660, -4.640
34.35, 0.5650, -4.871
34.36, 0.5640, -5.378
34.37, 0.5630, -5.975
34.38, 0.5620, -4.921
34.39, 0.5610, -5.894
34.40, 0.5600, -5.261
34.41, 0.5590, -4.722
34.42, 0.5580, -5.170
34.43, 0.5570, -4.914
34.44, 0.5560, -5.131
34.45, 0.5550, -4.641
34.46, 0.5540, -4.993
34.47, 0.5530, -6.016
34.48, 0.5520, -5.113
34.49, 0.5510, -6.497
34.50, 0.5500, -3.756
34.51, 0.5490, -4.835
34.52, 0.5480, -4.998
34.53, 0.5470, -5.222
34.54, 0.5460, -4.943
34.55, 0.5450, -5.838
34.56, 0.5440, -4.680
34.57, 0.5430, -6.077
34.58, 0.5420, -3.827
34.59, 0.5410, -5.570
34.60, 0.5400, -3.280
34.61, 0.5390, -4.592
34.62, 0.5380, -4.415
34.63, 0.5370, -5.423
34.64, 0.5360, -5.680
34.65, 0.5350, -4.376
34.66, 0.5340, -5.566
34.67, 0.5330, -5.205
34.68, 0.5320, -5.320
34.69, 0.5310, -4.855
34.70, 0.5300, -4.812
34.71, 0.5290, -5.960
34.72, 0.5280, -5.432
34.73, 0.5270, -5.101
34.74, 0.5260, -6.078
34.75, 0.5250, -6.081
34.76, 0.5240, -5.628
34.77, 0.5230, -4.806
34.78, 0.5220, -6.549
34.79, 0.5210, -5.515
34.80, 0.5200, -5.557
34.81, 0.5190, -5.250
34.82, 0.5180, -3.943
34.83, 0.5170, -5.108
34.84, 0.5160, -5.965
34.85, 0.5150, -5.065
34.86, 0.5140, -4.781
34.87, 0.5130, -5.365
34.88, 0.5120, -6.077
34.89, 0.5110, -5.516
34.90, 0.5100, -4.754
34.91, 0.5090, -4.913
34.92, 0.5080, -5.768
34.93, 0.5070, -5.356
34.94, 0.5060, -5.536
34.95, 0.5050, -3.114
34.96, 0.5040, -5.048
34.97, 0.5030, -5.232
34.98, 0.5020, -6.535
34.99, 0.5010, -4.957
35.00, 0.5000, -5.794
35.01, 0.4990, -4.011
35.02, 0.4980, -5.287
35.03, 0.4970, -4.967
35.04, 0.4960, -6.016
35.05, 0.4950, -5.333
35.06, 0.4940, -6.076
35.07, 0.4930, -5.521
35.08, 0.4920, -4.588
35.09, 0.4910, -4.740
35.10, 0.4900, -5.067
35.11, 0.4890, -3.832
35.12, 0.4880, -5.077
35.13, 0.4870, -6.249
35.14, 0.4860, -4.610
35.15, 0.4850, -5.697
35.16, 0.4840, -5.442
35.17, 0.4830, -5.305
35.18, 0.4820, -5.740
35.19, 0.4810, -5.378
35.20, 0.4800, -5.627
35.21, 0.4790, -5.791
35.22, 0.4780, -4.114
35.23, 0.4770, -5.964
35.24, 0.4760, -5.139
35.25, 0.4750, -5.560
35.26, 0.4740, -5.633
35.27, 0.4730, -5.189
35.28, 0.4720, -5.514
35.29, 0.4710, -5.247
35.30, 0.4700, -4.251
35.31, 0.4690, -5.467
35.32, 0.4680, -4.873
35.33, 0.4670, -5.190
35.34, 0.4660, -4.425
35.35, 0.4650, -5.726
35.36, 0.4640, -4.445
35.37, 0.4630, -5.658
35.38, 0.4620, -5.189
35.39, 0.4610, -5.640
35.40, 0.4600, -4.839
35.41, 0.4590, -5.250
35.42, 0.4580, -4.936
35.43, 0.4570, -5.215
35.44, 0.4560, -5.329
35.45, 0.4550, -5.589
35.46, 0.4540, -3.563
35.47, 0.4530, -5.588
35.48, 0.4520, -4.898
35.49, 0.4510, -6.012
35.50, 0.4500, -4.019
35.51, 0.4490, -4.203
35.52, 0.4480, -4.821
35.53, 0.4470, -4.196
35.54, 0.4460, -5.733
35.55, 0.4450, -5.179
35.56, 0.4440, -5.220
35.57, 0.4430, -4.624
35.58, 0.4420, -4.062
35.59, 0.4410, -6.334
35.60, 0.4400, -4.796
35.61, 0.4390, -5.346
35.62, 0.4380, -5.977
35.63, 0.4370, -4.752
35.64, 0.4360, -3.187
35.65, 0.4350, -3.986
35.66, 0.4340, -6.973
35.67, 0.4330, -5.530
35.68, 0.4320, -5.240
35.69, 0.4310, -5.392
35.70, 0.4300, -5.300
35.71, 0.4290, -5.463
35.72, 0.4280, -4.098
35.73, 0.4270, -5.478
35.74, 0.4260, -5.712
35.75, 0.4250, -4.060
35.76, 0.4240, -4.612
35.77, 0.4230, -5.991
35.78, 0.4220, -7.688
35.79, 0.4210, -5.413
35.80, 0.4200, -5.639
35.81, 0.4190, -4.669
35.82, 0.4180, -5.746
35.83, 0.4170, -4.299
35.84, 0.4160, -5.932
35.85, 0.4150, -4.678
35.86, 0.4140, -4.564
35.87, 0.4130, -4.902
35.88, 0.4120, -5.903
35.89, 0.4110, -5.615
35.90, 0.4100, -5.782
35.91, 0.4090, -5.215
35.92, 0.4080, -4.592
35.93, 0.4070, -5.777
35.94, 0.4060, -5.086
35.95, 0.4050, -4.287
35.96, 0.4040, -5.058
35.97, 0.4030, -3.882
35.98, 0.4020, -5.279
35.99, 0.4010, -5.030
36.00, 0.4000, -5.500
36.01, 0.3990, -4.597
36.02, 0.3980, -5.688
36.03, 0.3970, -5.067
36.04, 0.3960, -5.351
36.05, 0.3950, -5.691
36.06, 0.3940, -5.308
36.07, 0.3930, -6.287
36.08, 0.3920, -5.901
36.09, 0.3910, -6.072
36.10, 0.3900, -4.316
36.11, 0.3890, -5.958
36.12, 0.3880, -5.443
36.13, 0.3870, -5.413
36.14, 0.3860, -5.282
36.15, 0.3850, -5.562
36.16, 0.3840, -5.654
36.17, 0.3830, -4.678
36.18, 0.3820, -5.740
36.19, 0.3810, -5.506
36.20, 0.3800, -5.164
36.21, 0.3790, -4.043
36.22, 0.3780, -4.617
36.23, 0.3770, -4.988
36.24, 0.3760, -4.420
36.25, 0.3750, -4.972
36.26, 0.3740, -6.077
36.27, 0.3730, -3.677
36.28, 0.3720, -5.476
36.29, 0.3710, -4.764
36.30, 0.3700, -5.004
36.31, 0.3690, -4.780
36.32, 0.3680, -5.607
36.33, 0.3670, -5.056
36.34, 0.3660, -4.993
36.35, 0.3650, -4.473
36.36, 0.3640, -5.479
36.37, 0.3630, -5.334
36.38, 0.3620, -6.877
36.39, 0.3610, -5.393
36.40, 0.3600, -5.465
36.41, 0.3590, -5.823
36.42, 0.3580, -5.262
36.43, 0.3570, -4.987
36.44, 0.3560, -5.196
36.45, 0.3550, -4.836
36.46, 0.3540, -5.033
36.47, 0.3530, -5.194
36.48, 0.3520, -4.935
36.49, 0.3510, -6.153
36.50, 0.3500, -6.420
36.51, 0.3490, -6.141
36.52, 0.3480, -5.493
36.53, 0.3470, -5.048
36.54, 0.3460, -5.473
36.55, 0.3450, -5.691
36.56, 0.3440, -4.567
36.57, 0.3430, -5.248
36.58, 0.3420, -4.841
36.59, 0.3410, -5.464
36.60, 0.3400, -5.650
36.61, 0.3390, -4.536
36.62, 0.3380, -3.997
36.63, 0.3370, -5.468
36.64, 0.3360, -5.600
36.65, 0.3350, -6.174
36.66, 0.3340, -6.755
36.67, 0.3330, -5.836
36.68, 0.3320, -4.699
36.69, 0.3310, -5.679
36.70, 0.3300, -5.379
36.71, 0.3290, -4.707
36.72, 0.3280, -4.767
36.73, 0.3270, -4.579
36.74, 0.3260, -4.375
36.75, 0.3250, -4.858
36.76, 0.3240, -5.154
36.77, 0.3230, -4.550
36.78, 0.3220, -5.224
36.79, 0.3210, -4.277
36.80, 0.3200, -5.272
36.81, 0.3190, -4.973
36.82, 0.3180, -5.472
36.83, 0.3170, -5.854
36.84, 0.3160, -6.308
36.85, 0.3150, -5.548
36.86, 0.3140, -5.423
36.87, 0.3130, -5.113
36.88, 0.3120, -6.439
36.89, 0.3110, -6.080
36.90, 0.3100, -5.954
36.91, 0.3090, -5.314
36.92, 0.3080, -6.043
36.93, 0.3070, -4.726
36.94, 0.3060, -5.974
36.95, 0.3050, -5.869
36.96, 0.3040, -5.883
36.97, 0.3030, -5.271
36.98, 0.3020, -7.113
36.99, 0.3010, -5.094
37.00, 0.3000, -5.653
37.01, 0.2990, -4.955
37.02, 0.2980, -6.017
37.03, 0.2970, -5.698
37.04, 0.2960, -5.143
37.05, 0.2950, -6.005
37.06, 0.2940, -5.308
37.07, 0.2930, -5.755
37.08, 0.2920, -4.846
37.09, 0.2910, -5.799
37.10, 0.2900, -5.374
37.11, 0.2890, -5.297
37.12, 0.2880, -4.261
37.13, 0.2870, -5.792
37.14, 0.2860, -4.817
37.15, 0.2850, -4.098
37.16, 0.2840, -4.409
37.17, 0.2830, -6.211
37.18, 0.2820, -5.436
37.19, 0.2810, -4.108
37.20, 0.2800, -4.263
37.21, 0.2790, -7.250
37.22, 0.2780, -4.664
37.23, 0.2770, -4.930
37.24, 0.2760, -2.850
37.25, 0.2750, -5.365
37.26, 0.2740, -4.876
37.27, 0.2730, -5.047
37.28, 0.2720, -5.615
37.29, 0.2710, -6.053
37.30, 0.2700, -6.066
37.31, 0.2690, -5.944
37.32, 0.2680, -5.449
37.33, 0.2670, -5.048
37.34, 0.2660, -5.731
37.35, 0.2650, -6.140
37.36, 0.2640, -7.125
37.37, 0.2630, -5.061
37.38, 0.2620, -5.936
37.39, 0.2610, -6.451
37.40, 0.2600, -5.864
37.41, 0.2590, -5.101
37.42, 0.2580, -5.653
37.43, 0.2570, -5.295
37.44, 0.2560, -5.618
37.45, 0.2550, -5.909
37.46, 0.2540, -5.091
37.47, 0.2530, -5.477
37.48, 0.2520, -5.350
37.49, 0.2510, -6.381
37.50, 0.2500, -5.608
37.51, 0.2490, -5.214
37.52, 0.2480, -4.692
37.53, 0.2470, -5.737
37.54, 0.2460, -6.276
37.55, 0.2450, -4.074
37.56, 0.2440, -7.170
37.57, 0.2430, -5.725
37.58, 0.2420, -6.059
37.59, 0.2410, -4.723
37.60, 0.2400, -5.104
37.61, 0.2390, -5.610
37.62, 0.2380, -4.732
37.63, 0.2370, -5.282
37.64, 0.2360, -5.283
37.65, 0.2350, -5.820
37.66, 0.2340, -6.868
37.67, 0.2330, -5.951
37.68, 0.2320, -6.053
37.69, 0.2310, -5.616
37.70, 0.2300, -5.207
37.71, 0.2290, -5.220
37.72, 0.2280, -6.699
37.73, 0.2270, -6.985
37.74, 0.2260, -5.423
37.75, 0.2250, -3.692
37.76, 0.2240, -6.419
37.77, 0.2230, -6.188
37.78, 0.2220, -5.680
37.79, 0.2210, -4.832
37.80, 0.2200, -7.239
37.81, 0.2190, -5.563
37.82, 0.2180, -5.889
37.83, 0.2170, -5.932
37.84, 0.2160, -6.651
37.85, 0.2150, -5.550
37.86, 0.2140, -6.199
37.87, 0.2130, -4.584
37.88, 0.2120, -4.555
37.89, 0.2110, -5.590
37.90, 0.2100, -6.116
37.91, 0.2090, -5.142
37.92, 0.2080, -5.696
37.93, 0.2070, -5.931
37.94, 0.2060, -4.554
37.95, 0.2050, -4.744
37.96, 0.2040, -5.409
37.97, 0.2030, -5.920
37.98, 0.2020, -5.337
37.99, 0.2010, -5.363
38.00, 0.2000, -5.239
38.01, 0.1990, -7.219
38.02, 0.1980, -4.995
38.03, 0.1970, -5.460
38.04, 0.1960, -5.253
38.05, 0.1950, -6.623
38.06, 0.1940, -5.624
38.07, 0.1930, -6.390
38.08, 0.1920, -3.869
38.09, 0.1910, -4.309
38.10, 0.1900, -4.438
38.11, 0.1890, -4.806
38.12, 0.1880, -6.122
38.13, 0.1870, -5.236
38.14, 0.1860, -6.096
38.15, 0.1850, -4.539
38.16, 0.1840, -5.873
38.17, 0.1830, -4.658
38.18, 0.1820, -4.223
38.19, 0.1810, -5.543
38.20, 0.1800, -5.822
38.21, 0.1790, -4.842
38.22, 0.1780, -6.406
38.23, 0.1770, -5.524
38.24, 0.1760, -6.220
38.25, 0.1750, -5.451
38.26, 0.1740, -4.787
38.27, 0.1730, -5.485
38.28, 0.1720, -5.570
38.29, 0.1710, -6.130
38.30, 0.1700, -5.774
38.31, 0.1690, -4.901
38.32, 0.1680, -5.998
38.33, 0.1670, -4.961
38.34, 0.1660, -5.487
38.35, 0.1650, -6.020
38.36, 0.1640, -6.177
38.37, 0.1630, -5.180
38.38, 0.1620, -4.334
38.39, 0.1610, -6.779
38.40, 0.1600, -4.579
38.41, 0.1590, -5.974
38.42, 0.1580, -5.045
38.43, 0.1570, -4.307
38.44, 0.1560, -4.962
38.45, 0.1550, -4.963
38.46, 0.1540, -5.474
38.47, 0.1530, -5.712
38.48, 0.1520, -5.347
38.49, 0.1510, -5.535
38.50, 0.1500, -5.145
38.51, 0.1490, -5.636
38.52, 0.1480, -7.063
38.53, 0.1470, -4.978
38.54, 0.1460, -7.332
38.55, 0.1450, -6.124
38.56, 0.1440, -5.047
38.57, 0.1430, -6.950
38.58, 0.1420, -5.696
38.59, 0.1410, -5.450
38.60, 0.1400, -4.539
38.61, 0.1390, -6.936
38.62, 0.1380, -5.584
38.63, 0.1370, -6.814
38.64, 0.1360, -5.706
38.65, 0.1350, -6.635
38.66, 0.1340, -4.907
38.67, 0.1330, -5.674
38.68, 0.1320, -5.602
38.69, 0.1310, -5.161
38.70, 0.1300, -4.991
38.71, 0.1290, -5.315
38.72, 0.1280, -4.725
38.73, 0.1270, -4.254
38.74, 0.1260, -6.082
38.75, 0.1250, -5.810
38.76, 0.1240, -5.293
38.77, 0.1230, -4.808
38.78, 0.1220, -5.831
38.79, 0.1210, -6.344
38.80, 0.1200, -5.660
38.81, 0.1190, -5.128
38.82, 0.1180, -5.974
38.83, 0.1170, -5.501
38.84, 0.1160, -6.185
38.85, 0.1150, -5.131
38.86, 0.1140, -5.978
38.87, 0.1130, -4.887
38.88, 0.1120, -5.323
38.89, 0.1110, -5.096
38.90, 0.1100, -6.578
38.91, 0.1090, -5.578
38.92, 0.1080, -6.163
38.93, 0.1070, -3.726
38.94, 0.1060, -5.879
38.95, 0.1050, -5.840
38.96, 0.1040, -5.848
38.97, 0.1030, -5.384
38.98, 0.1020, -5.677
38.99, 0.1010, -6.904
39.00, 0.1000, -5.607
39.01, 0.09900, -6.509
39.02, 0.09800, -5.857
39.03, 0.09700, -6.894
39.04, 0.09600, -6.131
39.05, 0.09500, -4.925
39.06, 0.09400, -5.937
39.07, 0.09300, -7.297
39.08, 0.09200, -5.081
39.09, 0.09100, -5.664
39.10, 0.09000, -5.731
39.11, 0.08900, -5.279
39.12, 0.08800, -6.528
39.13, 0.08700, -5.307
39.14, 0.08600, -6.177
39.15, 0.08500, -5.542
39.16, 0.08400, -6.773
39.17, 0.08300, -4.462
39.18, 0.08200, -6.195
39.19, 0.08100, -6.183
39.20, 0.08000, -5.668
39.21, 0.07900, -7.811
39.22, 0.07800, -5.477
39.23, 0.07700, -5.717
39.24, 0.07600, -6.797
39.25, 0.07500, -6.181
39.26, 0.07400, -5.338
39.27, 0.07300, -6.088
39.28, 0.07200, -4.850
39.29, 0.07100, -6.275
39.30, 0.07000, -5.074
39.31, 0.06900, -4.737
39.32, 0.06800, -5.483
39.33, 0.06700, -5.274
39.34, 0.06600, -5.883
39.35, 0.06500, -5.501
39.36, 0.06400, -5.303
39.37, 0.06300, -6.379
39.38, 0.06200, -5.927
39.39, 0.06100, -6.564
39.40, 0.06000, -5.875
39.41, 0.05900, -5.937
39.42, 0.05800, -6.164
39.43, 0.05700, -6.650
39.44, 0.05600, -6.724
39.45, 0.05500, -6.695
39.46, 0.05400, -4.363
39.47, 0.05300, -4.296
39.48, 0.05200, -5.145
39.49, 0.05100, -5.185
39.50, 0.05000, -6.424
39.51, 0.04900, -6.499
39.52, 0.04800, -7.435
39.53, 0.04700, -7.029
39.54, 0.04600, -4.094
39.55, 0.04500, -5.877
39.56, 0.04400, -5.744
39.57, 0.04300, -4.569
39.58, 0.04200, -4.501
39.59, 0.04100, -6.253
39.60, 0.04000, -5.726
39.61, 0.03900, -5.967
39.62, 0.03800, -3.779
39.63, 0.03700, -6.201
39.64, 0.03600, -4.804
39.65, 0.03500, -5.169
39.66, 0.03400, -4.250
39.67, 0.03300, -6.067
39.68, 0.03200, -6.052
39.69, 0.03100, -4.353
39.70, 0.03000, -5.609
39.71, 0.02900, -5.374
39.72, 0.02800, -6.261
39.73, 0.02700, -5.101
39.74, 0.02600, -5.182
39.75, 0.02500, -2.388
39.76, 0.02400, -4.755
39.77, 0.02300, -4.708
39.78, 0.02200, -5.367
39.79, 0.02100, -5.222
39.80, 0.02000, -5.461
39.81, 0.01900, -4.898
39.82, 0.01800, -5.000
39.83, 0.01700, -5.221
39.84, 0.01600, -7.229
39.85, 0.01500, -5.567
39.86, 0.01400, -6.569
39.87, 0.01300, -5.569
39.88, 0.01200, -6.888
39.89, 0.01100, -6.691
39.90, 0.01000, -5.580
39.91, 0.009000, -6.000
39.92, 0.008000, -6.465
39.93, 0.007000, -6.760
39.94, 0.006000, -5.970
39.95, 0.005000, -4.673
39.96, 0.004000, -6.155
39.97, 0.003000, -6.390
39.98, 0.002000, -5.234
39.99, 0.001000, -6.293
40.00, 0.000, -5.723
