0.01000, 0.001000, 0.7055
0.02000, 0.002000, -1.970
0.03000, 0.003000, -4.061
0.04000, 0.004000, -2.782
0.05000, 0.005000, -4.850
0.06000, 0.006000, -3.558
0.07000, 0.007000, -3.696
0.08000, 0.008000, -2.478
0.09000, 0.009000, -5.365
0.1000, 0.01000, -3.492
0.1100, 0.01100, -3.324
0.1200, 0.01200, -4.294
0.1300, 0.01300, -2.841
0.1400, 0.01400, -4.770
0.1500, 0.01500, -4.363
0.1600, 0.01600, -4.261
0.1700, 0.01700, -4.518
0.1800, 0.01800, -4.442
0.1900, 0.01900, -3.341
0.2000, 0.02000, -3.805
0.2100, 0.02100, -4.827
0.2200, 0.02200, -4.435
0.2300, 0.02300, -4.698
0.2400, 0.02400, -4.421
0.2500, 0.02500, -4.251
0.2600, 0.02600, -3.228
0.2700, 0.02700, -4.330
0.2800, 0.02800, -5.358
0.2900, 0.02900, -4.136
0.3000, 0.03000, -4.179
0.3100, 0.03100, -4.154
0.3200, 0.03200, -3.529
0.3300, 0.03300, -4.783
0.3400, 0.03400, -4.290
0.3500, 0.03500, -3.240
0.3600, 0.03600, -4.760
0.3700, 0.03700, -5.563
0.3800, 0.03800, -5.392
0.3900, 0.03900, -4.764
0.4000, 0.04000, -5.878
0.4100, 0.04100, -4.639
0.4200, 0.04200, -4.124
0.4300, 0.04300, -4.357
0.4400, 0.04400, -3.881
0.4500, 0.04500, -3.454
0.4600, 0.04600, -2.979
0.4700, 0.04700, -3.932
0.4800, 0.04800, -4.342
0.4900, 0.04900, -3.686
0.5000, 0.05000, -4.133
0.5100, 0.05100, -3.570
0.5200, 0.05200, -3.430
0.5300, 0.05300, -4.977
0.5400, 0.05400, -3.492
0.5500, 0.05500, -3.663
0.5600, 0.05600, -2.456
0.5700, 0.05700, -4.935
0.5800, 0.05800, -4.314
0.5900, 0.05900, -2.431
0.6000, 0.06000, -4.119
0.6100, 0.06100, -3.407
0.6200, 0.06200, -4.523
0.6300, 0.06300, -3.835
0.6400, 0.06400, -3.163
0.6500, 0.06500, -4.483
0.6600, 0.06600, -3.790
0.6700, 0.06700, -3.702
0.6800, 0.06800, -4.561
0.6900, 0.06900, -3.440
0.7000, 0.07000, -2.796
0.7100, 0.07100, -4.401
0.7200, 0.07200, -3.879
0.7300, 0.07300, -4.546
0.7400, 0.07400, -4.943
0.7500, 0.07500, -3.654
0.7600, 0.07600, -4.324
0.7700, 0.07700, -4.716
0.7800, 0.07800, -3.904
0.7900, 0.07900, -4.090
0.8000, 0.08000, -4.454
0.8100, 0.08100, -3.072
0.8200, 0.08200, -4.084
0.8300, 0.08300, -2.785
0.8400, 0.08400, -5.017
0.8500, 0.08500, -3.671
0.8600, 0.08600, -4.689
0.8700, 0.08700, -3.360
0.8800, 0.08800, -3.259
0.8900, 0.08900, -5.626
0.9000, 0.09000, -5.311
0.9100, 0.09100, -4.231
0.9200, 0.09200, -5.411
0.9300, 0.09300, -5.070
0.9400, 0.09400, -4.494
0.9500, 0.09500, -4.753
0.9600, 0.09600, -4.668
0.9700, 0.09700, -3.276
0.9800, 0.09800, -4.037
0.9900, 0.09900, -5.331
1.000, 0.1000, -4.512
1.010, 0.1010, -3.691
1.020, 0.1020, -3.918
1.030, 0.1030, -2.413
1.040, 0.1040, -4.578
1.050, 0.1050, -4.690
1.060, 0.1060, -2.988
1.070, 0.1070, -3.494
1.080, 0.1080, -2.499
1.090, 0.1090, -3.588
1.100, 0.1100, -4.188
1.110, 0.1110, -4.853
1.120, 0.1120, -3.400
1.130, 0.1130, -5.276
1.140, 0.1140, -4.132
1.150, 0.1150, -4.229
1.160, 0.1160, -4.470
1.170, 0.1170, -4.318
1.180, 0.1180, -3.711
1.190, 0.1190, -3.215
1.200, 0.1200, -3.851
1.210, 0.1210, -4.075
1.220, 0.1220, -4.322
1.230, 0.1230, -3.016
1.240, 0.1240, -3.886
1.250, 0.1250, -3.953
1.260, 0.1260, -3.396
1.270, 0.1270, -4.689
1.280, 0.1280, -2.987
1.290, 0.1290, -3.367
1.300, 0.1300, -3.939
1.310, 0.1310, -3.525
1.320, 0.1320, -2.859
1.330, 0.1330, -2.065
1.340, 0.1340, -2.193
1.350, 0.1350, -2.222
1.360, 0.1360, -3.715
1.370, 0.1370, -3.829
1.380, 0.1380, -3.649
1.390, 0.1390, -4.612
1.400, 0.1400, -3.893
1.410, 0.1410, -3.131
1.420, 0.1420, -3.112
1.430, 0.1430, -2.134
1.440, 0.1440, -2.794
1.450, 0.1450, -1.933
1.460, 0.1460, -1.932
1.470, 0.1470, -3.385
1.480, 0.1480, -3.910
1.490, 0.1490, -2.228
1.500, 0.1500, -2.899
1.510, 0.1510, -3.013
1.520, 0.1520, -3.102
1.530, 0.1530, -1.678
1.540, 0.1540, -1.313
1.550, 0.1550, -1.089
1.560, 0.1560, -2.424
1.570, 0.1570, -3.327
1.580, 0.1580, -0.6229
1.590, 0.1590, -1.411
1.600, 0.1600, -1.413
1.610, 0.1610, -2.783
1.620, 0.1620, -1.938
1.630, 0.1630, -2.672
1.640, 0.1640, -1.171
1.650, 0.1650, -1.306
1.660, 0.1660, -1.720
1.670, 0.1670, 0.2447
1.680, 0.1680, -0.9575
1.690, 0.1690, -0.9430
1.700, 0.1700, -0.8103
1.710, 0.1710, -1.780
1.720, 0.1720, -1.947
1.730, 0.1730, -3.256
1.740, 0.1740, -2.003
1.750, 0.1750, -1.662
1.760, 0.1760, -0.2793
1.770, 0.1770, -0.5063
1.780, 0.1780, 1.552
1.790, 0.1790, -0.7876
1.800, 0.1800, 0.9649
1.810, 0.1810, 0.3783
1.820, 0.1820, -0.1341
1.830, 0.1830, 0.1357
1.840, 0.1840, -0.6726
1.850, 0.1850, -1.736
1.860, 0.1860, 0.3844
1.870, 0.1870, 0.9102
1.880, 0.1880, 1.210
1.890, 0.1890, 1.607
1.900, 0.1900, 1.859
1.910, 0.1910, 0.6383
1.920, 0.1920, 1.993
1.930, 0.1930, 0.6763
1.940, 0.1940, 2.238
1.950, 0.1950, 2.189
1.960, 0.1960, 3.372
1.970, 0.1970, 1.065
1.980, 0.1980, 1.836
1.990, 0.1990, 1.732
2.000, 0.2000, 1.243
2.010, 0.2010, -0.3027
2.020, 0.2020, 1.087
2.030, 0.2030, 0.7688
2.040, 0.2040, 1.733
2.050, 0.2050, 0.2993
2.060, 0.2060, 1.683
2.070, 0.2070, 2.673
2.080, 0.2080, 1.676
2.090, 0.2090, 1.071
2.100, 0.2100, 0.8080
2.110, 0.2110, 1.934
2.120, 0.2120, 2.141
2.130, 0.2130, 0.5725
2.140, 0.2140, 1.813
2.150, 0.2150, -0.03376
2.160, 0.2160, 1.505
2.170, 0.2170, 2.148
2.180, 0.2180, 2.007
2.190, 0.2190, 1.856
2.200, 0.2200, 0.7618
2.210, 0.2210, 1.119
2.220, 0.2220, 1.905
2.230, 0.2230, 1.945
2.240, 0.2240, 1.395
2.250, 0.2250, 1.806
2.260, 0.2260, 1.893
2.270, 0.2270, 2.166
2.280, 0.2280, 2.004
2.290, 0.2290, 2.008
2.300, 0.2300, 1.037
2.310, 0.2310, 2.315
2.320, 0.2320, 1.313
2.330, 0.2330, 2.472
2.340, 0.2340, 0.2277
2.350, 0.2350, 0.4309
2.360, 0.2360, 2.312
2.370, 0.2370, 2.094
2.380, 0.2380, 2.560
2.390, 0.2390, 1.456
2.400, 0.2400, 1.899
2.410, 0.2410, 0.4546
2.420, 0.2420, 0.6720
2.430, 0.2430, 0.1417
2.440, 0.2440, -1.019
2.450, 0.2450, 1.161
2.460, 0.2460, -0.5328
2.470, 0.2470, -0.3814
2.480, 0.2480, 0.6999
2.490, 0.2490, 0.2759
2.500, 0.2500, -0.9288
2.510, 0.2510, 0.1991
2.520, 0.2520, 0.7767
2.530, 0.2530, -1.125
2.540, 0.2540, -2.454
2.550, 0.2550, -0.4296
2.560, 0.2560, -0.9756
2.570, 0.2570, -3.011
2.580, 0.2580, -1.046
2.590, 0.2590, -1.680
2.600, 0.2600, -1.100
2.610, 0.2610, -0.3010
2.620, 0.2620, -1.065
2.630, 0.2630, -3.849
2.640, 0.2640, -2.356
2.650, 0.2650, -3.706
2.660, 0.2660, -3.507
2.670, 0.2670, -1.977
2.680, 0.2680, -1.682
2.690, 0.2690, -2.985
2.700, 0.2700, -3.601
2.710, 0.2710, -4.540
2.720, 0.2720, -4.097
2.730, 0.2730, -2.310
2.740, 0.2740, -4.271
2.750, 0.2750, -2.178
2.760, 0.2760, -3.825
2.770, 0.2770, -2.138
2.780, 0.2780, -2.436
2.790, 0.2790, -2.814
2.800, 0.2800, -3.573
2.810, 0.2810, -4.301
2.820, 0.2820, -3.707
2.830, 0.2830, -1.928
2.840, 0.2840, -2.582
2.850, 0.2850, -4.698
2.860, 0.2860, -4.090
2.870, 0.2870, -2.223
2.880, 0.2880, -4.456
2.890, 0.2890, -4.403
2.900, 0.2900, -3.629
2.910, 0.2910, -3.893
2.920, 0.2920, -4.268
2.930, 0.2930, -4.481
2.940, 0.2940, -3.873
2.950, 0.2950, -4.766
2.960, 0.2960, -3.276
2.970, 0.2970, -4.315
2.980, 0.2980, -3.261
2.990, 0.2990, -4.259
3.000, 0.3000, -4.832
3.010, 0.3010, -4.221
3.020, 0.3020, -4.320
3.030, 0.3030, -4.135
3.040, 0.3040, -3.880
3.050, 0.3050, -4.814
3.060, 0.3060, -5.027
3.070, 0.3070, -5.189
3.080, 0.3080, -2.808
3.090, 0.3090, -3.466
3.100, 0.3100, -3.862
3.110, 0.3110, -3.374
3.120, 0.3120, -2.412
3.130, 0.3130, -4.839
3.140, 0.3140, -5.038
3.150, 0.3150, -4.213
3.160, 0.3160, -3.172
3.170, 0.3170, -2.903
3.180, 0.3180, -2.753
3.190, 0.3190, -4.366
3.200, 0.3200, -4.857
3.210, 0.3210, -3.517
3.220, 0.3220, -4.993
3.230, 0.3230, -4.255
3.240, 0.3240, -4.080
3.250, 0.3250, -4.168
3.260, 0.3260, -4.243
3.270, 0.3270, -4.001
3.280, 0.3280, -4.288
3.290, 0.3290, -4.056
3.300, 0.3300, -4.177
3.310, 0.3310, -3.448
3.320, 0.3320, -2.959
3.330, 0.3330, -3.297
3.340, 0.3340, -4.635
3.350, 0.3350, -5.292
3.360, 0.3360, -3.423
3.370, 0.3370, -2.899
3.380, 0.3380, -3.704
3.390, 0.3390, -3.160
3.400, 0.3400, -3.698
3.410, 0.3410, -3.142
3.420, 0.3420, -3.956
3.430, 0.3430, -4.615
3.440, 0.3440, -4.112
3.450, 0.3450, -5.712
3.460, 0.3460, -5.809
3.470, 0.3470, -3.580
3.480, 0.3480, -4.852
3.490, 0.3490, -4.050
3.500, 0.3500, -3.522
3.510, 0.3510, -4.892
3.520, 0.3520, -5.444
3.530, 0.3530, -5.552
3.540, 0.3540, -3.704
3.550, 0.3550, -3.439
3.560, 0.3560, -3.609
3.570, 0.3570, -5.060
3.580, 0.3580, -3.823
3.590, 0.3590, -4.042
3.600, 0.3600, -4.144
3.610, 0.3610, -4.364
3.620, 0.3620, -5.013
3.630, 0.3630, -5.338
3.640, 0.3640, -5.594
3.650, 0.3650, -4.152
3.660, 0.3660, -3.846
3.670, 0.3670, -3.514
3.680, 0.3680, -4.010
3.690, 0.3690, -4.066
3.700, 0.3700, -5.530
3.710, 0.3710, -4.582
3.720, 0.3720, -3.514
3.730, 0.3730, -4.089
3.740, 0.3740, -5.672
3.750, 0.3750, -5.164
3.760, 0.3760, -3.752
3.770, 0.3770, -5.320
3.780, 0.3780, -4.829
3.790, 0.3790, -3.943
3.800, 0.3800, -4.426
3.810, 0.3810, -4.759
3.820, 0.3820, -4.630
3.830, 0.3830, -4.338
3.840, 0.3840, -4.201
3.850, 0.3850, -6.219
3.860, 0.3860, -6.131
3.870, 0.3870, -3.905
3.880, 0.3880, -3.935
3.890, 0.3890, -5.127
3.900, 0.3900, -5.099
3.910, 0.3910, -3.284
3.920, 0.3920, -5.007
3.930, 0.3930, -2.899
3.940, 0.3940, -5.659
3.950, 0.3950, -4.978
3.960, 0.3960, -4.837
3.970, 0.3970, -4.775
3.980, 0.3980, -3.691
3.990, 0.3990, -4.667
4.000, 0.4000, -4.704
4.010, 0.4010, -4.413
4.020, 0.4020, -3.532
4.030, 0.4030, -3.499
4.040, 0.4040, -4.447
4.050, 0.4050, -4.950
4.060, 0.4060, -3.035
4.070, 0.4070, -4.172
4.080, 0.4080, -4.844
4.090, 0.4090, -3.662
4.100, 0.4100, -4.716
4.110, 0.4110, -2.349
4.120, 0.4120, -4.333
4.130, 0.4130, -4.090
4.140, 0.4140, -4.579
4.150, 0.4150, -4.080
4.160, 0.4160, -3.098
4.170, 0.4170, -5.027
4.180, 0.4180, -3.718
4.190, 0.4190, -3.646
4.200, 0.4200, -3.996
4.210, 0.4210, -4.252
4.220, 0.4220, -3.906
4.230, 0.4230, -4.126
4.240, 0.4240, -3.586
4.250, 0.4250, -3.380
4.260, 0.4260, -4.061
4.270, 0.4270, -3.468
4.280, 0.4280, -4.693
4.290, 0.4290, -4.462
4.300, 0.4300, -4.683
4.310, 0.4310, -3.832
4.320, 0.4320, -4.513
4.330, 0.4330, -2.911
4.340, 0.4340, -4.071
4.350, 0.4350, -6.264
4.360, 0.4360, -4.158
4.370, 0.4370, -5.513
4.380, 0.4380, -4.342
4.390, 0.4390, -4.798
4.400, 0.4400, -4.016
4.410, 0.4410, -5.936
4.420, 0.4420, -3.392
4.430, 0.4430, -4.495
4.440, 0.4440, -3.785
4.450, 0.4450, -4.092
4.460, 0.4460, -3.750
4.470, 0.4470, -3.164
4.480, 0.4480, -3.934
4.490, 0.4490, -2.832
4.500, 0.4500, -3.521
4.510, 0.4510, -2.219
4.520, 0.4520, -3.870
4.530, 0.4530, -3.871
4.540, 0.4540, -5.882
4.550, 0.4550, -5.294
4.560, 0.4560, -4.403
4.570, 0.4570, -4.821
4.580, 0.4580, -5.432
4.590, 0.4590, -5.330
4.600, 0.4600, -5.471
4.610, 0.4610, -3.923
4.620, 0.4620, -3.449
4.630, 0.4630, -3.128
4.640, 0.4640, -4.878
4.650, 0.4650, -4.296
4.660, 0.4660, -3.315
4.670, 0.4670, -3.724
4.680, 0.4680, -4.085
4.690, 0.4690, -3.703
4.700, 0.4700, -4.370
4.710, 0.4710, -4.044
4.720, 0.4720, -3.471
4.730, 0.4730, -4.088
4.740, 0.4740, -4.259
4.750, 0.4750, -3.831
4.760, 0.4760, -3.943
4.770, 0.4770, -5.082
4.780, 0.4780, -3.758
4.790, 0.4790, -3.571
4.800, 0.4800, -3.794
4.810, 0.4810, -3.957
4.820, 0.4820, -3.643
4.830, 0.4830, -4.556
4.840, 0.4840, -3.993
4.850, 0.4850, -4.382
4.860, 0.4860, -3.946
4.870, 0.4870, -4.449
4.880, 0.4880, -5.486
4.890, 0.4890, -4.628
4.900, 0.4900, -3.744
4.910, 0.4910, -5.072
4.920, 0.4920, -4.243
4.930, 0.4930, -5.095
4.940, 0.4940, -3.387
4.950, 0.4950, -5.328
4.960, 0.4960, -4.881
4.970, 0.4970, -4.639
4.980, 0.4980, -4.747
4.990, 0.4990, -3.713
5.000, 0.5000, -4.229
5.010, 0.5010, -4.577
5.020, 0.5020, -5.080
5.030, 0.5030, -3.469
5.040, 0.5040, -3.392
5.050, 0.5050, -5.517
5.060, 0.5060, -4.942
5.070, 0.5070, -4.701
5.080, 0.5080, -3.929
5.090, 0.5090, -4.403
5.100, 0.5100, -4.242
5.110, 0.5110, -3.636
5.120, 0.5120, -5.197
5.130, 0.5130, -4.359
5.140, 0.5140, -3.749
5.150, 0.5150, -4.039
5.160, 0.5160, -4.192
5.170, 0.5170, -4.758
5.180, 0.5180, -4.067
5.190, 0.5190, -4.853
5.200, 0.5200, -3.112
5.210, 0.5210, -3.723
5.220, 0.5220, -4.167
5.230, 0.5230, -3.482
5.240, 0.5240, -3.633
5.250, 0.5250, -3.684
5.260, 0.5260, -4.668
5.270, 0.5270, -4.252
5.280, 0.5280, -5.941
5.290, 0.5290, -2.832
5.300, 0.5300, -4.679
5.310, 0.5310, -3.776
5.320, 0.5320, -4.927
5.330, 0.5330, -6.420
5.340, 0.5340, -5.009
5.350, 0.5350, -4.093
5.360, 0.5360, -4.541
5.370, 0.5370, -5.276
5.380, 0.5380, -3.959
5.390, 0.5390, -5.566
5.400, 0.5400, -5.127
5.410, 0.5410, -4.206
5.420, 0.5420, -3.613
5.430, 0.5430, -4.007
5.440, 0.5440, -4.323
5.450, 0.5450, -3.244
5.460, 0.5460, -3.881
5.470, 0.5470, -4.504
5.480, 0.5480, -3.590
5.490, 0.5490, -3.529
5.500, 0.5500, -3.463
5.510, 0.5510, -4.686
5.520, 0.5520, -3.987
5.530, 0.5530, -3.795
5.540, 0.5540, -5.871
5.550, 0.5550, -4.373
5.560, 0.5560, -5.215
5.570, 0.5570, -4.195
5.580, 0.5580, -4.473
5.590, 0.5590, -5.621
5.600, 0.5600, -4.449
5.610, 0.5610, -4.177
5.620, 0.5620, -3.467
5.630, 0.5630, -4.474
5.640, 0.5640, -5.179
5.650, 0.5650, -5.137
5.660, 0.5660, -2.896
5.670, 0.5670, -4.659
5.680, 0.5680, -3.223
5.690, 0.5690, -2.985
5.700, 0.5700, -4.909
5.710, 0.5710, -5.489
5.720, 0.5720, -4.273
5.730, 0.5730, -4.040
5.740, 0.5740, -4.575
5.750, 0.5750, -3.424
5.760, 0.5760, -4.296
5.770, 0.5770, -3.711
5.780, 0.5780, -4.072
5.790, 0.5790, -3.676
5.800, 0.5800, -3.335
5.810, 0.5810, -3.346
5.820, 0.5820, -2.612
5.830, 0.5830, -5.503
5.840, 0.5840, -4.589
5.850, 0.5850, -4.404
5.860, 0.5860, -3.371
5.870, 0.5870, -4.403
5.880, 0.5880, -4.656
5.890, 0.5890, -3.806
5.900, 0.5900, -4.561
5.910, 0.5910, -3.787
5.920, 0.5920, -4.567
5.930, 0.5930, -4.869
5.940, 0.5940, -4.743
5.950, 0.5950, -3.661
5.960, 0.5960, -4.626
5.970, 0.5970, -4.304
5.980, 0.5980, -4.554
5.990, 0.5990, -4.958
6.000, 0.6000, -3.915
6.010, 0.6010, -3.787
6.020, 0.6020, -2.821
6.030, 0.6030, -4.296
6.040, 0.6040, -3.303
6.050, 0.6050, -3.128
6.060, 0.6060, -3.766
6.070, 0.6070, -3.677
6.080, 0.6080, -4.292
6.090, 0.6090, -3.592
6.100, 0.6100, -6.338
6.110, 0.6110, -4.041
6.120, 0.6120, -4.110
6.130, 0.6130, -3.229
6.140, 0.6140, -4.955
6.150, 0.6150, -4.091
6.160, 0.6160, -3.704
6.170, 0.6170, -3.174
6.180, 0.6180, -3.177
6.190, 0.6190, -3.340
6.200, 0.6200, -3.458
6.210, 0.6210, -4.174
6.220, 0.6220, -4.259
6.230, 0.6230, -3.684
6.240, 0.6240, -3.397
6.250, 0.6250, -3.292
6.260, 0.6260, -2.573
6.270, 0.6270, -4.020
6.280, 0.6280, -3.758
6.290, 0.6290, -6.452
6.300, 0.6300, -5.256
6.310, 0.6310, -3.471
6.320, 0.6320, -3.361
6.330, 0.6330, -4.432
6.340, 0.6340, -5.032
6.350, 0.6350, -4.074
6.360, 0.6360, -3.465
6.370, 0.6370, -3.365
6.380, 0.6380, -4.281
6.390, 0.6390, -4.989
6.400, 0.6400, -4.465
6.410, 0.6410, -4.555
6.420, 0.6420, -4.793
6.430, 0.6430, -4.160
6.440, 0.6440, -4.202
6.450, 0.6450, -4.727
6.460, 0.6460, -2.795
6.470, 0.6470, -4.392
6.480, 0.6480, -3.448
6.490, 0.6490, -4.292
6.500, 0.6500, -5.730
6.510, 0.6510, -5.494
6.520, 0.6520, -4.379
6.530, 0.6530, -5.146
6.540, 0.6540, -4.074
6.550, 0.6550, -3.587
6.560, 0.6560, -3.225
6.570, 0.6570, -3.538
6.580, 0.6580, -3.809
6.590, 0.6590, -3.333
6.600, 0.6600, -5.090
6.610, 0.6610, -3.107
6.620, 0.6620, -4.260
6.630, 0.6630, -3.573
6.640, 0.6640, -4.642
6.650, 0.6650, -3.216
6.660, 0.6660, -3.743
6.670, 0.6670, -4.857
6.680, 0.6680, -4.724
6.690, 0.6690, -4.365
6.700, 0.6700, -3.498
6.710, 0.6710, -3.670
6.720, 0.6720, -4.353
6.730, 0.6730, -3.524
6.740, 0.6740, -4.571
6.750, 0.6750, -4.418
6.760, 0.6760, -4.413
6.770, 0.6770, -4.477
6.780, 0.6780, -3.599
6.790, 0.6790, -2.658
6.800, 0.6800, -2.922
6.810, 0.6810, -2.856
6.820, 0.6820, -4.694
6.830, 0.6830, -4.049
6.840, 0.6840, -4.083
6.850, 0.6850, -3.892
6.860, 0.6860, -3.775
6.870, 0.6870, -3.241
6.880, 0.6880, -5.599
6.890, 0.6890, -3.533
6.900, 0.6900, -5.583
6.910, 0.6910, -3.666
6.920, 0.6920, -3.114
6.930, 0.6930, -4.278
6.940, 0.6940, -5.151
6.950, 0.6950, -3.671
6.960, 0.6960, -4.284
6.970, 0.6970, -3.067
6.980, 0.6980, -4.197
6.990, 0.6990, -3.355
7.000, 0.7000, -3.204
7.010, 0.7010, -2.387
7.020, 0.7020, -3.732
7.030, 0.7030, -3.327
7.040, 0.7040, -3.445
7.050, 0.7050, -4.578
7.060, 0.7060, -4.503
7.070, 0.7070, -5.533
7.080, 0.7080, -4.776
7.090, 0.7090, -5.279
7.100, 0.7100, -4.225
7.110, 0.7110, -4.443
7.120, 0.7120, -4.130
7.130, 0.7130, -4.146
7.140, 0.7140, -5.498
7.150, 0.7150, -5.294
7.160, 0.7160, -2.805
7.170, 0.7170, -3.912
7.180, 0.7180, -3.806
7.190, 0.7190, -3.052
7.200, 0.7200, -4.396
7.210, 0.7210, -5.121
7.220, 0.7220, -3.569
7.230, 0.7230, -4.697
7.240, 0.7240, -4.635
7.250, 0.7250, -3.415
7.260, 0.7260, -3.456
7.270, 0.7270, -4.940
7.280, 0.7280, -4.205
7.290, 0.7290, -3.760
7.300, 0.7300, -3.538
7.310, 0.7310, -3.009
7.320, 0.7320, -2.954
7.330, 0.7330, -4.942
7.340, 0.7340, -4.881
7.350, 0.7350, -5.497
7.360, 0.7360, -5.207
7.370, 0.7370, -4.985
7.380, 0.7380, -5.500
7.390, 0.7390, -3.592
7.400, 0.7400, -4.255
7.410, 0.7410, -3.345
7.420, 0.7420, -3.812
7.430, 0.7430, -3.850
7.440, 0.7440, -3.837
7.450, 0.7450, -3.605
7.460, 0.7460, -3.670
7.470, 0.7470, -4.097
7.480, 0.7480, -3.966
7.490, 0.7490, -4.488
7.500, 0.7500, -4.138
7.510, 0.7510, -4.114
7.520, 0.7520, -4.893
7.530, 0.7530, -4.939
7.540, 0.7540, -3.934
7.550, 0.7550, -5.329
7.560, 0.7560, -5.360
7.570, 0.7570, -2.683
7.580, 0.7580, -4.700
7.590, 0.7590, -2.673
7.600, 0.7600, -2.920
7.610, 0.7610, -4.734
7.620, 0.7620, -4.481
7.630, 0.7630, -3.618
7.640, 0.7640, -3.528
7.650, 0.7650, -4.413
7.660, 0.7660, -3.739
7.670, 0.7670, -3.764
7.680, 0.7680, -5.411
7.690, 0.7690, -4.855
7.700, 0.7700, -4.618
7.710, 0.7710, -4.964
7.720, 0.7720, -5.047
7.730, 0.7730, -4.086
7.740, 0.7740, -5.239
7.750, 0.7750, -3.903
7.760, 0.7760, -4.672
7.770, 0.7770, -4.884
7.780, 0.7780, -5.087
7.790, 0.7790, -3.869
7.800, 0.7800, -3.864
7.810, 0.7810, -4.908
7.820, 0.7820, -4.050
7.830, 0.7830, -4.394
7.840, 0.7840, -2.207
7.850, 0.7850, -2.752
7.860, 0.7860, -5.018
7.870, 0.7870, -4.267
7.880, 0.7880, -5.425
7.890, 0.7890, -5.312
7.900, 0.7900, -3.700
7.910, 0.7910, -4.053
7.920, 0.7920, -4.801
7.930, 0.7930, -3.992
7.940, 0.7940, -3.286
7.950, 0.7950, -3.787
7.960, 0.7960, -4.178
7.970, 0.7970, -4.196
7.980, 0.7980, -4.065
7.990, 0.7990, -3.447
8.000, 0.8000, -3.986
8.010, 0.8010, -5.394
8.020, 0.8020, -3.110
8.030, 0.8030, -4.593
8.040, 0.8040, -4.233
8.050, 0.8050, -5.060
8.060, 0.8060, -3.620
8.070, 0.8070, -3.235
8.080, 0.8080, -4.473
8.090, 0.8090, -2.976
8.100, 0.8100, -2.825
8.110, 0.8110, -4.357
8.120, 0.8120, -3.965
8.130, 0.8130, -4.800
8.140, 0.8140, -5.658
8.150, 0.8150, -5.213
8.160, 0.8160, -3.602
8.170, 0.8170, -4.484
8.180, 0.8180, -2.997
8.190, 0.8190, -4.921
8.200, 0.8200, -5.248
8.210, 0.8210, -4.750
8.220, 0.8220, -4.137
8.230, 0.8230, -3.993
8.240, 0.8240, -4.147
8.250, 0.8250, -3.745
8.260, 0.8260, -3.627
8.270, 0.8270, -3.312
8.280, 0.8280, -1.969
8.290, 0.8290, -3.602
8.300, 0.8300, -4.653
8.310, 0.8310, -3.435
8.320, 0.8320, -3.010
8.330, 0.8330, -3.719
8.340, 0.8340, -4.064
8.350, 0.8350, -3.769
8.360, 0.8360, -3.337
8.370, 0.8370, -4.737
8.380, 0.8380, -5.147
8.390, 0.8390, -4.038
8.400, 0.8400, -5.223
8.410, 0.8410, -5.426
8.420, 0.8420, -3.426
8.430, 0.8430, -4.081
8.440, 0.8440, -4.260
8.450, 0.8450, -3.105
8.460, 0.8460, -3.965
8.470, 0.8470, -4.770
8.480, 0.8480, -3.641
8.490, 0.8490, -4.296
8.500, 0.8500, -4.301
8.510, 0.8510, -4.517
8.520, 0.8520, -3.391
8.530, 0.8530, -3.904
8.540, 0.8540, -3.708
8.550, 0.8550, -4.895
8.560, 0.8560, -5.261
8.570, 0.8570, -4.496
8.580, 0.8580, -3.219
8.590, 0.8590, -3.892
8.600, 0.8600, -3.805
8.610, 0.8610, -3.552
8.620, 0.8620, -3.079
8.630, 0.8630, -4.432
8.640, 0.8640, -3.646
8.650, 0.8650, -3.687
8.660, 0.8660, -2.266
8.670, 0.8670, -3.857
8.680, 0.8680, -2.512
8.690, 0.8690, -3.805
8.700, 0.8700, -4.286
8.710, 0.8710, -2.317
8.720, 0.8720, -1.190
8.730, 0.8730, -3.323
8.740, 0.8740, -4.182
8.750, 0.8750, -3.748
8.760, 0.8760, -3.579
8.770, 0.8770, -2.825
8.780, 0.8780, -4.049
8.790, 0.8790, -5.097
8.800, 0.8800, -4.258
8.810, 0.8810, -3.691
8.820, 0.8820, -5.638
8.830, 0.8830, -4.973
8.840, 0.8840, -4.954
8.850, 0.8850, -3.286
8.860, 0.8860, -5.034
8.870, 0.8870, -5.072
8.880, 0.8880, -3.684
8.890, 0.8890, -3.630
8.900, 0.8900, -4.470
8.910, 0.8910, -2.929
8.920, 0.8920, -4.542
8.930, 0.8930, -3.189
8.940, 0.8940, -4.487
8.950, 0.8950, -3.703
8.960, 0.8960, -3.831
8.970, 0.8970, -3.958
8.980, 0.8980, -4.558
8.990, 0.8990, -2.817
9.000, 0.9000, -4.936
9.010, 0.9010, -2.608
9.020, 0.9020, -3.852
9.030, 0.9030, -3.733
9.040, 0.9040, -5.058
9.050, 0.9050, -4.065
9.060, 0.9060, -3.398
9.070, 0.9070, -3.812
9.080, 0.9080, -2.807
9.090, 0.9090, -3.228
9.100, 0.9100, -4.603
9.110, 0.9110, -4.186
9.120, 0.9120, -3.083
9.130, 0.9130, -3.468
9.140, 0.9140, -3.684
9.150, 0.9150, -3.801
9.160, 0.9160, -2.881
9.170, 0.9170, -3.019
9.180, 0.9180, -2.986
9.190, 0.9190, -5.679
9.200, 0.9200, -4.962
9.210, 0.9210, -3.787
9.220, 0.9220, -3.991
9.230, 0.9230, -4.675
9.240, 0.9240, -3.720
9.250, 0.9250, -3.997
9.260, 0.9260, -4.656
9.270, 0.9270, -5.370
9.280, 0.9280, -4.839
9.290, 0.9290, -5.428
9.300, 0.9300, -5.141
9.310, 0.9310, -4.549
9.320, 0.9320, -4.514
9.330, 0.9330, -3.748
9.340, 0.9340, -3.749
9.350, 0.9350, -2.970
9.360, 0.9360, -4.862
9.370, 0.9370, -5.019
9.380, 0.9380, -4.112
9.390, 0.9390, -3.736
9.400, 0.9400, -2.876
9.410, 0.9410, -4.794
9.420, 0.9420, -4.379
9.430, 0.9430, -3.836
9.440, 0.9440, -2.735
9.450, 0.9450, -2.916
9.460, 0.9460, -4.630
9.470, 0.9470, -4.658
9.480, 0.9480, -5.666
9.490, 0.9490, -2.671
9.500, 0.9500, -2.470
9.510, 0.9510, -2.451
9.520, 0.9520, -3.517
9.530, 0.9530, -2.834
9.540, 0.9540, -4.110
9.550, 0.9550, -2.670
9.560, 0.9560, -3.098
9.570, 0.9570, -3.966
9.580, 0.9580, -3.226
9.590, 0.9590, -2.261
9.600, 0.9600, -4.022
9.610, 0.9610, -4.168
9.620, 0.9620, -3.124
9.630, 0.9630, -3.496
9.640, 0.9640, -4.128
9.650, 0.9650, -2.811
9.660, 0.9660, -4.837
9.670, 0.9670, -2.352
9.680, 0.9680, -4.067
9.690, 0.9690, -4.517
9.700, 0.9700, -4.692
9.710, 0.9710, -3.452
9.720, 0.9720, -4.057
9.730, 0.9730, -5.246
9.740, 0.9740, -3.745
9.750, 0.9750, -4.216
9.760, 0.9760, -5.136
9.770, 0.9770, -3.434
9.780, 0.9780, -5.528
9.790, 0.9790, -4.222
9.800, 0.9800, -3.799
9.810, 0.9810, -3.672
9.820, 0.9820, -2.623
9.830, 0.9830, -2.712
9.840, 0.9840, -3.837
9.850, 0.9850, -3.088
9.860, 0.9860, -2.883
9.870, 0.9870, -3.327
9.880, 0.9880, -2.577
9.890, 0.9890, -3.438
9.900, 0.9900, -3.767
9.910, 0.9910, -2.340
9.920, 0.9920, -3.651
9.930, 0.9930, -2.290
9.940, 0.9940, -3.131
9.950, 0.9950, -2.704
9.960, 0.9960, -2.410
9.970, 0.9970, -3.355
9.980, 0.9980, -2.961
9.990, 0.9990, -4.420
10.00, 1.000, -3.190
10.01, 1.001, -5.221
10.02, 1.002, -5.225
10.03, 1.003, -3.264
10.04, 1.004, -3.531
10.05, 1.005, -4.571
10.06, 1.006, -3.663
10.07, 1.007, -3.311
10.08, 1.008, -3.093
10.09, 1.009, -3.741
10.10, 1.010, -3.301
10.11, 1.011, -3.443
10.12, 1.012, -3.652
10.13, 1.013, -4.559
10.14, 1.014, -3.697
10.15, 1.015, -2.773
10.16, 1.016, -3.500
10.17, 1.017, -3.728
10.18, 1.018, -3.917
10.19, 1.019, -3.132
10.20, 1.020, -3.630
10.21, 1.021, -4.315
10.22, 1.022, -3.395
10.23, 1.023, -3.390
10.24, 1.024, -3.533
10.25, 1.025, -3.172
10.26, 1.026, -2.996
10.27, 1.027, -3.297
10.28, 1.028, -2.130
10.29, 1.029, -2.796
10.30, 1.030, -3.612
10.31, 1.031, -3.334
10.32, 1.032, -4.368
10.33, 1.033, -3.364
10.34, 1.034, -4.798
10.35, 1.035, -3.169
10.36, 1.036, -2.740
10.37, 1.037, -3.863
10.38, 1.038, -3.047
10.39, 1.039, -3.039
10.40, 1.040, -2.423
10.41, 1.041, -4.262
10.42, 1.042, -4.591
10.43, 1.043, -3.609
10.44, 1.044, -2.717
10.45, 1.045, -3.307
10.46, 1.046, -4.428
10.47, 1.047, -3.952
10.48, 1.048, -3.598
10.49, 1.049, -3.657
10.50, 1.050, -2.560
10.51, 1.051, -3.297
10.52, 1.052, -2.304
10.53, 1.053, -3.026
10.54, 1.054, -3.600
10.55, 1.055, -4.218
10.56, 1.056, -2.876
10.57, 1.057, -2.262
10.58, 1.058, -4.551
10.59, 1.059, -4.386
10.60, 1.060, -2.306
10.61, 1.061, -2.011
10.62, 1.062, -3.118
10.63, 1.063, -3.381
10.64, 1.064, -3.329
10.65, 1.065, -4.689
10.66, 1.066, -3.933
10.67, 1.067, -3.167
10.68, 1.068, -3.135
10.69, 1.069, -2.368
10.70, 1.070, -3.194
10.71, 1.071, -3.844
10.72, 1.072, -4.164
10.73, 1.073, -3.780
10.74, 1.074, -1.750
10.75, 1.075, -1.612
10.76, 1.076, -2.502
10.77, 1.077, -1.343
10.78, 1.078, -2.143
10.79, 1.079, -2.763
10.80, 1.080, -2.692
10.81, 1.081, -4.069
10.82, 1.082, -2.809
10.83, 1.083, -1.683
10.84, 1.084, -2.219
10.85, 1.085, -2.525
10.86, 1.086, -2.720
10.87, 1.087, -1.883
10.88, 1.088, -2.878
10.89, 1.089, -3.133
10.90, 1.090, -1.481
10.91, 1.091, -2.703
10.92, 1.092, -3.924
10.93, 1.093, -2.890
10.94, 1.094, -3.684
10.95, 1.095, -4.218
10.96, 1.096, -1.209
10.97, 1.097, -2.320
10.98, 1.098, -2.141
10.99, 1.099, -2.036
11.00, 1.100, -2.745
11.01, 1.101, -2.641
11.02, 1.102, -2.431
11.03, 1.103, -2.618
11.04, 1.104, -1.960
11.05, 1.105, -2.056
11.06, 1.106, -1.150
11.07, 1.107, -2.752
11.08, 1.108, -2.408
11.09, 1.109, -1.468
11.10, 1.110, -1.629
11.11, 1.111, -1.947
11.12, 1.112, -1.790
11.13, 1.113, -1.415
11.14, 1.114, -1.155
11.15, 1.115, -1.778
11.16, 1.116, -1.732
11.17, 1.117, -1.005
11.18, 1.118, -1.429
11.19, 1.119, -0.1789
11.20, 1.120, -0.7875
11.21, 1.121, -0.5520
11.22, 1.122, -1.416
11.23, 1.123, -2.489
11.24, 1.124, -2.048
11.25, 1.125, -1.306
11.26, 1.126, -3.027
11.27, 1.127, -0.7236
11.28, 1.128, -1.170
11.29, 1.129, -1.340
11.30, 1.130, -1.696
11.31, 1.131, -2.406
11.32, 1.132, -0.4430
11.33, 1.133, -0.8051
11.34, 1.134, -2.441
11.35, 1.135, -0.5285
11.36, 1.136, -1.903
11.37, 1.137, -3.155
11.38, 1.138, -0.5769
11.39, 1.139, -1.917
11.40, 1.140, 0.2355
11.41, 1.141, -0.8957
11.42, 1.142, -0.5959
11.43, 1.143, 0.1335
11.44, 1.144, -2.069
11.45, 1.145, -0.7061
11.46, 1.146, 0.2857
11.47, 1.147, -0.5954
11.48, 1.148, -0.01829
11.49, 1.149, 1.037
11.50, 1.150, 0.3617
11.51, 1.151, 1.517
11.52, 1.152, -0.1850
11.53, 1.153, 2.279
11.54, 1.154, 1.746
11.55, 1.155, 0.6923
11.56, 1.156, 0.8763
11.57, 1.157, -2.030
11.58, 1.158, -0.08815
11.59, 1.159, 0.5459
11.60, 1.160, 0.9099
11.61, 1.161, 0.03601
11.62, 1.162, 0.5143
11.63, 1.163, 1.386
11.64, 1.164, 2.285
11.65, 1.165, 1.005
11.66, 1.166, 0.4504
11.67, 1.167, 1.384
11.68, 1.168, 2.029
11.69, 1.169, 2.287
11.70, 1.170, 3.092
11.71, 1.171, 1.250
11.72, 1.172, 2.134
11.73, 1.173, 1.272
11.74, 1.174, 2.056
11.75, 1.175, 2.420
11.76, 1.176, 0.7042
11.77, 1.177, 1.289
11.78, 1.178, 1.211
11.79, 1.179, 3.131
11.80, 1.180, 2.774
11.81, 1.181, 1.548
11.82, 1.182, 1.865
11.83, 1.183, 2.596
11.84, 1.184, 2.544
11.85, 1.185, 2.116
11.86, 1.186, 2.278
11.87, 1.187, 1.648
11.88, 1.188, 0.7170
11.89, 1.189, 0.1028
11.90, 1.190, 1.415
11.91, 1.191, 1.220
11.92, 1.192, 2.443
11.93, 1.193, 0.9841
11.94, 1.194, 3.021
11.95, 1.195, 1.709
11.96, 1.196, 1.785
11.97, 1.197, 2.440
11.98, 1.198, 2.812
11.99, 1.199, 2.999
12.00, 1.200, 3.254
12.01, 1.201, 3.423
12.02, 1.202, 2.404
12.03, 1.203, 3.597
12.04, 1.204, 2.617
12.05, 1.205, 3.620
12.06, 1.206, 2.295
12.07, 1.207, 2.768
12.08, 1.208, 1.675
12.09, 1.209, 3.185
12.10, 1.210, 0.8373
12.11, 1.211, 2.382
12.12, 1.212, 2.426
12.13, 1.213, 2.209
12.14, 1.214, 1.510
12.15, 1.215, 3.518
12.16, 1.216, 1.911
12.17, 1.217, 3.139
12.18, 1.218, 3.118
12.19, 1.219, 2.132
12.20, 1.220, 3.015
12.21, 1.221, 2.103
12.22, 1.222, 2.635
12.23, 1.223, 3.298
12.24, 1.224, 2.258
12.25, 1.225, 3.586
12.26, 1.226, 2.195
12.27, 1.227, 2.444
12.28, 1.228, 2.992
12.29, 1.229, 2.272
12.30, 1.230, 1.257
12.31, 1.231, 0.8172
12.32, 1.232, 1.273
12.33, 1.233, 0.9724
12.34, 1.234, 0.7993
12.35, 1.235, 1.672
12.36, 1.236, 3.197
12.37, 1.237, 1.831
12.38, 1.238, 2.725
12.39, 1.239, 1.444
12.40, 1.240, 0.2007
12.41, 1.241, 1.662
12.42, 1.242, 2.448
12.43, 1.243, 2.919
12.44, 1.244, 3.095
12.45, 1.245, 3.114
12.46, 1.246, 3.507
12.47, 1.247, 3.068
12.48, 1.248, 2.428
12.49, 1.249, 2.769
12.50, 1.250, 1.326
12.51, 1.251, 0.5011
12.52, 1.252, 2.910
12.53, 1.253, 1.473
12.54, 1.254, 1.239
12.55, 1.255, 1.484
12.56, 1.256, 1.271
12.57, 1.257, 2.069
12.58, 1.258, 1.667
12.59, 1.259, 3.428
12.60, 1.260, 1.721
12.61, 1.261, 2.058
12.62, 1.262, 2.847
12.63, 1.263, 0.2889
12.64, 1.264, 1.397
12.65, 1.265, 0.5606
12.66, 1.266, 0.9388
12.67, 1.267, 1.650
12.68, 1.268, 1.431
12.69, 1.269, 2.183
12.70, 1.270, 0.9157
12.71, 1.271, 3.014
12.72, 1.272, 2.399
12.73, 1.273, 2.710
12.74, 1.274, 2.460
12.75, 1.275, 2.177
12.76, 1.276, 2.627
12.77, 1.277, 1.855
12.78, 1.278, 2.404
12.79, 1.279, 2.297
12.80, 1.280, 2.039
12.81, 1.281, 2.109
12.82, 1.282, 2.240
12.83, 1.283, 2.235
12.84, 1.284, 2.164
12.85, 1.285, 2.946
12.86, 1.286, 0.5266
12.87, 1.287, 2.534
12.88, 1.288, 3.141
12.89, 1.289, 3.094
12.90, 1.290, 3.588
12.91, 1.291, 0.08944
12.92, 1.292, 2.461
12.93, 1.293, 2.370
12.94, 1.294, -0.7154
12.95, 1.295, 0.8778
12.96, 1.296, 0.9797
12.97, 1.297, 3.576
12.98, 1.298, 2.659
12.99, 1.299, 1.587
13.00, 1.300, 2.165
13.01, 1.301, 2.457
13.02, 1.302, 2.352
13.03, 1.303, 2.752
13.04, 1.304, 1.473
13.05, 1.305, 2.574
13.06, 1.306, 1.030
13.07, 1.307, 1.904
13.08, 1.308, 3.404
13.09, 1.309, 2.745
13.10, 1.310, 3.800
13.11, 1.311, 0.5474
13.12, 1.312, 2.788
13.13, 1.313, 1.953
13.14, 1.314, 3.429
13.15, 1.315, 2.861
13.16, 1.316, 1.325
13.17, 1.317, 2.955
13.18, 1.318, 3.635
13.19, 1.319, 2.626
13.20, 1.320, 0.6257
13.21, 1.321, 2.858
13.22, 1.322, 3.127
13.23, 1.323, 3.397
13.24, 1.324, 3.379
13.25, 1.325, 3.229
13.26, 1.326, 5.038
13.27, 1.327, 2.758
13.28, 1.328, 3.174
13.29, 1.329, 2.958
13.30, 1.330, 3.891
13.31, 1.331, 3.262
13.32, 1.332, 4.001
13.33, 1.333, 3.662
13.34, 1.334, 3.024
13.35, 1.335, 2.598
13.36, 1.336, 3.549
13.37, 1.337, 3.515
13.38, 1.338, 4.306
13.39, 1.339, 4.634
13.40, 1.340, 2.693
13.41, 1.341, 4.248
13.42, 1.342, 4.004
13.43, 1.343, 2.539
13.44, 1.344, 3.398
13.45, 1.345, 4.336
13.46, 1.346, 4.919
13.47, 1.347, 4.075
13.48, 1.348, 4.468
13.49, 1.349, 4.595
13.50, 1.350, 3.235
13.51, 1.351, 3.046
13.52, 1.352, 4.054
13.53, 1.353, 4.243
13.54, 1.354, 3.220
13.55, 1.355, 2.976
13.56, 1.356, 4.334
13.57, 1.357, 2.312
13.58, 1.358, 3.342
13.59, 1.359, 4.974
13.60, 1.360, 3.577
13.61, 1.361, 5.450
13.62, 1.362, 3.823
13.63, 1.363, 4.135
13.64, 1.364, 5.969
13.65, 1.365, 4.546
13.66, 1.366, 5.530
13.67, 1.367, 5.100
13.68, 1.368, 4.878
13.69, 1.369, 4.615
13.70, 1.370, 4.968
13.71, 1.371, 6.286
13.72, 1.372, 4.819
13.73, 1.373, 6.319
13.74, 1.374, 6.955
13.75, 1.375, 7.475
13.76, 1.376, 6.893
13.77, 1.377, 7.019
13.78, 1.378, 7.832
13.79, 1.379, 8.653
13.80, 1.380, 7.925
13.81, 1.381, 7.482
13.82, 1.382, 7.871
13.83, 1.383, 8.560
13.84, 1.384, 8.443
13.85, 1.385, 8.635
13.86, 1.386, 9.640
13.87, 1.387, 7.192
13.88, 1.388, 8.097
13.89, 1.389, 9.126
13.90, 1.390, 8.795
13.91, 1.391, 8.726
13.92, 1.392, 8.693
13.93, 1.393, 7.881
13.94, 1.394, 9.280
13.95, 1.395, 9.932
13.96, 1.396, 11.13
13.97, 1.397, 12.44
13.98, 1.398, 11.35
13.99, 1.399, 11.49
14.00, 1.400, 11.03
14.01, 1.401, 11.87
14.02, 1.402, 14.44
14.03, 1.403, 14.67
14.04, 1.404, 15.96
14.05, 1.405, 16.85
14.06, 1.406, 17.50
14.07, 1.407, 19.88
14.08, 1.408, 19.45
14.09, 1.409, 19.93
14.10, 1.410, 20.15
14.11, 1.411, 21.90
14.12, 1.412, 23.07
14.13, 1.413, 23.12
14.14, 1.414, 23.35
14.15, 1.415, 25.03
14.16, 1.416, 27.04
14.17, 1.417, 28.59
14.18, 1.418, 30.11
14.19, 1.419, 31.82
14.20, 1.420, 33.08
14.21, 1.421, 34.28
14.22, 1.422, 38.06
14.23, 1.423, 39.03
14.24, 1.424, 37.52
14.25, 1.425, 39.80
14.26, 1.426, 40.08
14.27, 1.427, 42.01
14.28, 1.428, 42.60
14.29, 1.429, 43.09
14.30, 1.430, 45.51
14.31, 1.431, 45.06
14.32, 1.432, 46.48
14.33, 1.433, 47.10
14.34, 1.434, 48.58
14.35, 1.435, 48.65
14.36, 1.436, 51.29
14.37, 1.437, 51.62
14.38, 1.438, 54.61
14.39, 1.439, 56.26
14.40, 1.440, 55.46
14.41, 1.441, 57.90
14.42, 1.442, 58.48
14.43, 1.443, 59.98
14.44, 1.444, 59.52
14.45, 1.445, 62.61
14.46, 1.446, 62.93
14.47, 1.447, 64.45
14.48, 1.448, 65.76
14.49, 1.449, 68.40
14.50, 1.450, 68.45
14.51, 1.451, 72.25
14.52, 1.452, 72.06
14.53, 1.453, 72.49
14.54, 1.454, 74.29
14.55, 1.455, 74.63
14.56, 1.456, 75.37
14.57, 1.457, 76.20
14.58, 1.458, 77.50
14.59, 1.459, 79.41
14.60, 1.460, 79.65
14.61, 1.461, 81.88
14.62, 1.462, 82.02
14.63, 1.463, 83.55
14.64, 1.464, 85.27
14.65, 1.465, 87.02
14.66, 1.466, 88.70
14.67, 1.467, 91.27
14.68, 1.468, 93.81
14.69, 1.469, 93.49
14.70, 1.470, 93.79
14.71, 1.471, 93.39
14.72, 1.472, 96.47
14.73, 1.473, 97.21
14.74, 1.474, 99.68
14.75, 1.475, 99.93
14.76, 1.476, 101.6
14.77, 1.477, 102.0
14.78, 1.478, 103.6
14.79, 1.479, 104.6
14.80, 1.480, 106.4
14.81, 1.481, 108.4
14.82, 1.482, 108.0
14.83, 1.483, 109.6
14.84, 1.484, 110.3
14.85, 1.485, 113.5
14.86, 1.486, 115.1
14.87, 1.487, 115.9
14.88, 1.488, 117.7
14.89, 1.489, 116.9
14.90, 1.490, 120.2
14.91, 1.491, 121.2
14.92, 1.492, 121.4
14.93, 1.493, 124.2
14.94, 1.494, 125.6
14.95, 1.495, 128.0
14.96, 1.496, 126.7
14.97, 1.497, 130.4
14.98, 1.498, 130.5
14.99, 1.499, 132.3
15.00, 1.500, 132.0
15.01, 1.501, 131.5
15.02, 1.502, 134.9
15.03, 1.503, 135.2
15.04, 1.504, 136.7
15.05, 1.505, 139.2
15.06, 1.506, 138.9
15.07, 1.507, 140.4
15.08, 1.508, 142.9
15.09, 1.509, 143.6
15.10, 1.510, 145.6
15.11, 1.511, 147.4
15.12, 1.512, 147.4
15.13, 1.513, 148.6
15.14, 1.514, 148.7
15.15, 1.515, 151.9
15.16, 1.516, 153.1
15.17, 1.517, 153.0
15.18, 1.518, 156.1
15.19, 1.519, 156.0
15.20, 1.520, 157.8
15.21, 1.521, 158.0
15.22, 1.522, 161.1
15.23, 1.523, 163.6
15.24, 1.524, 162.2
15.25, 1.525, 164.0
15.26, 1.526, 165.8
15.27, 1.527, 167.9
15.28, 1.528, 170.0
15.29, 1.529, 170.5
15.30, 1.530, 172.1
15.31, 1.531, 173.0
15.32, 1.532, 176.3
15.33, 1.533, 175.3
15.34, 1.534, 177.6
15.35, 1.535, 179.9
15.36, 1.536, 182.8
15.37, 1.537, 184.6
15.38, 1.538, 184.5
15.39, 1.539, 186.1
15.40, 1.540, 188.7
15.41, 1.541, 190.2
15.42, 1.542, 191.8
15.43, 1.543, 193.8
15.44, 1.544, 194.8
15.45, 1.545, 195.8
15.46, 1.546, 197.3
15.47, 1.547, 198.1
15.48, 1.548, 199.3
15.49, 1.549, 199.9
15.50, 1.550, 201.6
15.51, 1.551, 203.9
15.52, 1.552, 204.6
15.53, 1.553, 206.7
15.54, 1.554, 209.1
15.55, 1.555, 209.6
15.56, 1.556, 211.7
15.57, 1.557, 212.7
15.58, 1.558, 214.6
15.59, 1.559, 217.1
15.60, 1.560, 218.7
15.61, 1.561, 219.9
15.62, 1.562, 222.0
15.63, 1.563, 223.2
15.64, 1.564, 224.6
15.65, 1.565, 223.6
15.66, 1.566, 225.4
15.67, 1.567, 225.9
15.68, 1.568, 229.1
15.69, 1.569, 230.4
15.70, 1.570, 232.2
15.71, 1.571, 232.5
15.72, 1.572, 234.3
15.73, 1.573, 236.4
15.74, 1.574, 237.8
15.75, 1.575, 239.8
15.76, 1.576, 240.8
15.77, 1.577, 242.5
15.78, 1.578, 247.0
15.79, 1.579, 246.6
15.80, 1.580, 246.7
15.81, 1.581, 247.8
15.82, 1.582, 248.7
15.83, 1.583, 251.2
15.84, 1.584, 251.2
15.85, 1.585, 256.1
15.86, 1.586, 255.9
15.87, 1.587, 259.1
15.88, 1.588, 260.3
15.89, 1.589, 262.0
15.90, 1.590, 264.7
15.91, 1.591, 265.3
15.92, 1.592, 268.4
15.93, 1.593, 269.0
15.94, 1.594, 270.8
15.95, 1.595, 272.3
15.96, 1.596, 272.3
15.97, 1.597, 276.2
15.98, 1.598, 276.8
15.99, 1.599, 277.4
16.00, 1.600, 281.1
16.01, 1.601, 281.8
16.02, 1.602, 283.7
16.03, 1.603, 284.8
16.04, 1.604, 286.8
16.05, 1.605, 287.7
16.06, 1.606, 288.6
16.07, 1.607, 290.7
16.08, 1.608, 291.3
16.09, 1.609, 292.9
16.10, 1.610, 294.4
16.11, 1.611, 294.3
16.12, 1.612, 298.5
16.13, 1.613, 298.4
16.14, 1.614, 302.3
16.15, 1.615, 300.5
16.16, 1.616, 305.0
16.17, 1.617, 307.0
16.18, 1.618, 308.3
16.19, 1.619, 309.3
16.20, 1.620, 312.2
16.21, 1.621, 312.3
16.22, 1.622, 314.6
16.23, 1.623, 316.8
16.24, 1.624, 317.8
16.25, 1.625, 317.8
16.26, 1.626, 321.1
16.27, 1.627, 321.9
16.28, 1.628, 323.9
16.29, 1.629, 324.5
16.30, 1.630, 325.6
16.31, 1.631, 328.7
16.32, 1.632, 331.9
16.33, 1.633, 332.8
16.34, 1.634, 333.1
16.35, 1.635, 336.1
16.36, 1.636, 337.3
16.37, 1.637, 339.7
16.38, 1.638, 341.9
16.39, 1.639, 341.4
16.40, 1.640, 344.9
16.41, 1.641, 346.6
16.42, 1.642, 346.4
16.43, 1.643, 347.3
16.44, 1.644, 349.4
16.45, 1.645, 350.3
16.46, 1.646, 352.6
16.47, 1.647, 354.7
16.48, 1.648, 356.0
16.49, 1.649, 356.3
16.50, 1.650, 357.2
16.51, 1.651, 359.5
16.52, 1.652, 362.3
16.53, 1.653, 365.4
16.54, 1.654, 367.2
16.55, 1.655, 366.9
16.56, 1.656, 370.5
16.57, 1.657, 373.8
16.58, 1.658, 371.9
16.59, 1.659, 373.0
16.60, 1.660, 374.5
16.61, 1.661, 377.7
16.62, 1.662, 380.0
16.63, 1.663, 381.6
16.64, 1.664, 382.8
16.65, 1.665, 383.2
16.66, 1.666, 385.7
16.67, 1.667, 387.6
16.68, 1.668, 389.2
16.69, 1.669, 390.8
16.70, 1.670, 392.7
16.71, 1.671, 394.2
16.72, 1.672, 397.6
16.73, 1.673, 397.4
16.74, 1.674, 399.7
16.75, 1.675, 401.7
16.76, 1.676, 403.8
16.77, 1.677, 404.7
16.78, 1.678, 407.5
16.79, 1.679, 409.1
16.80, 1.680, 410.0
16.81, 1.681, 411.8
16.82, 1.682, 414.9
16.83, 1.683, 417.5
16.84, 1.684, 419.3
16.85, 1.685, 419.0
16.86, 1.686, 420.4
16.87, 1.687, 423.8
16.88, 1.688, 424.6
16.89, 1.689, 426.2
16.90, 1.690, 428.0
16.91, 1.691, 429.5
16.92, 1.692, 427.5
16.93, 1.693, 432.5
16.94, 1.694, 433.9
16.95, 1.695, 434.6
16.96, 1.696, 435.4
16.97, 1.697, 437.1
16.98, 1.698, 437.6
16.99, 1.699, 441.7
17.00, 1.700, 441.5
17.01, 1.701, 446.2
17.02, 1.702, 447.6
17.03, 1.703, 448.9
17.04, 1.704, 451.6
17.05, 1.705, 452.6
17.06, 1.706, 452.8
17.07, 1.707, 455.7
17.08, 1.708, 456.3
17.09, 1.709, 456.3
17.10, 1.710, 459.9
17.11, 1.711, 461.6
17.12, 1.712, 461.4
17.13, 1.713, 465.1
17.14, 1.714, 466.1
17.15, 1.715, 468.7
17.16, 1.716, 470.8
17.17, 1.717, 471.2
17.18, 1.718, 472.1
17.19, 1.719, 474.7
17.20, 1.720, 476.9
17.21, 1.721, 480.0
17.22, 1.722, 481.5
17.23, 1.723, 482.2
17.24, 1.724, 482.7
17.25, 1.725, 486.8
17.26, 1.726, 486.8
17.27, 1.727, 490.1
17.28, 1.728, 488.6
17.29, 1.729, 493.1
17.30, 1.730, 492.2
17.31, 1.731, 495.5
17.32, 1.732, 498.1
17.33, 1.733, 497.5
17.34, 1.734, 503.3
17.35, 1.735, 502.9
17.36, 1.736, 506.8
17.37, 1.737, 508.3
17.38, 1.738, 507.9
17.39, 1.739, 510.5
17.40, 1.740, 510.9
17.41, 1.741, 513.4
17.42, 1.742, 513.9
17.43, 1.743, 517.5
17.44, 1.744, 518.1
17.45, 1.745, 519.8
17.46, 1.746, 523.3
17.47, 1.747, 525.7
17.48, 1.748, 525.3
17.49, 1.749, 525.3
17.50, 1.750, 529.6
17.51, 1.751, 529.6
17.52, 1.752, 529.9
17.53, 1.753, 534.2
17.54, 1.754, 536.5
17.55, 1.755, 537.2
17.56, 1.756, 538.4
17.57, 1.757, 538.2
17.58, 1.758, 541.4
17.59, 1.759, 543.7
17.60, 1.760, 544.5
17.61, 1.761, 546.2
17.62, 1.762, 548.1
17.63, 1.763, 550.1
17.64, 1.764, 552.6
17.65, 1.765, 554.0
17.66, 1.766, 554.1
17.67, 1.767, 557.6
17.68, 1.768, 559.1
17.69, 1.769, 558.6
17.70, 1.770, 562.1
17.71, 1.771, 564.0
17.72, 1.772, 566.4
17.73, 1.773, 568.2
17.74, 1.774, 569.9
17.75, 1.775, 571.4
17.76, 1.776, 570.0
17.77, 1.777, 574.3
17.78, 1.778, 573.3
17.79, 1.779, 575.5
17.80, 1.780, 578.6
17.81, 1.781, 581.2
17.82, 1.782, 582.1
17.83, 1.783, 580.6
17.84, 1.784, 585.2
17.85, 1.785, 586.1
17.86, 1.786, 589.3
17.87, 1.787, 589.7
17.88, 1.788, 592.0
17.89, 1.789, 593.9
17.90, 1.790, 594.5
17.91, 1.791, 597.4
17.92, 1.792, 597.7
17.93, 1.793, 600.4
17.94, 1.794, 601.4
17.95, 1.795, 605.0
17.96, 1.796, 605.7
17.97, 1.797, 609.3
17.98, 1.798, 610.8
17.99, 1.799, 611.4
18.00, 1.800, 613.0
18.01, 1.801, 615.9
18.02, 1.802, 617.2
18.03, 1.803, 618.0
18.04, 1.804, 620.9
18.05, 1.805, 621.5
18.06, 1.806, 624.9
18.07, 1.807, 625.9
18.08, 1.808, 628.5
18.09, 1.809, 628.2
18.10, 1.810, 629.5
18.11, 1.811, 630.6
18.12, 1.812, 632.8
18.13, 1.813, 634.7
18.14, 1.814, 633.8
18.15, 1.815, 637.4
18.16, 1.816, 639.4
18.17, 1.817, 642.6
18.18, 1.818, 643.3
18.19, 1.819, 645.1
18.20, 1.820, 647.7
18.21, 1.821, 648.6
18.22, 1.822, 648.9
18.23, 1.823, 651.5
18.24, 1.824, 653.4
18.25, 1.825, 652.4
18.26, 1.826, 657.9
18.27, 1.827, 656.7
18.28, 1.828, 658.7
18.29, 1.829, 660.1
18.30, 1.830, 660.6
18.31, 1.831, 665.3
18.32, 1.832, 665.7
18.33, 1.833, 665.2
18.34, 1.834, 669.7
18.35, 1.835, 672.7
18.36, 1.836, 673.3
18.37, 1.837, 675.6
18.38, 1.838, 678.2
18.39, 1.839, 678.5
18.40, 1.840, 681.5
18.41, 1.841, 683.6
18.42, 1.842, 683.4
18.43, 1.843, 686.2
18.44, 1.844, 684.8
18.45, 1.845, 688.7
18.46, 1.846, 692.0
18.47, 1.847, 694.1
18.48, 1.848, 695.7
18.49, 1.849, 693.9
18.50, 1.850, 697.8
18.51, 1.851, 700.8
18.52, 1.852, 701.7
18.53, 1.853, 702.2
18.54, 1.854, 705.7
18.55, 1.855, 707.0
18.56, 1.856, 707.3
18.57, 1.857, 710.8
18.58, 1.858, 712.8
18.59, 1.859, 712.8
18.60, 1.860, 716.4
18.61, 1.861, 716.0
18.62, 1.862, 718.6
18.63, 1.863, 717.5
18.64, 1.864, 720.6
18.65, 1.865, 722.2
18.66, 1.866, 724.9
18.67, 1.867, 726.6
18.68, 1.868, 728.5
18.69, 1.869, 730.4
18.70, 1.870, 732.7
18.71, 1.871, 734.6
18.72, 1.872, 735.4
18.73, 1.873, 737.2
18.74, 1.874, 737.1
18.75, 1.875, 739.6
18.76, 1.876, 742.2
18.77, 1.877, 740.8
18.78, 1.878, 744.1
18.79, 1.879, 745.1
18.80, 1.880, 749.1
18.81, 1.881, 747.1
18.82, 1.882, 751.6
18.83, 1.883, 754.8
18.84, 1.884, 757.4
18.85, 1.885, 756.8
18.86, 1.886, 759.5
18.87, 1.887, 761.2
18.88, 1.888, 763.4
18.89, 1.889, 763.0
18.90, 1.890, 764.5
18.91, 1.891, 767.8
18.92, 1.892, 768.5
18.93, 1.893, 770.2
18.94, 1.894, 772.2
18.95, 1.895, 774.6
18.96, 1.896, 775.6
18.97, 1.897, 777.5
18.98, 1.898, 778.0
18.99, 1.899, 781.0
19.00, 1.900, 783.8
19.01, 1.901, 783.9
19.02, 1.902, 788.1
19.03, 1.903, 789.3
19.04, 1.904, 791.1
19.05, 1.905, 790.3
19.06, 1.906, 791.1
19.07, 1.907, 793.7
19.08, 1.908, 796.4
19.09, 1.909, 798.2
19.10, 1.910, 798.2
19.11, 1.911, 800.3
19.12, 1.912, 802.3
19.13, 1.913, 803.0
19.14, 1.914, 805.3
19.15, 1.915, 806.9
19.16, 1.916, 809.9
19.17, 1.917, 810.4
19.18, 1.918, 813.7
19.19, 1.919, 814.8
19.20, 1.920, 818.7
19.21, 1.921, 820.6
19.22, 1.922, 821.4
19.23, 1.923, 821.2
19.24, 1.924, 821.2
19.25, 1.925, 825.6
19.26, 1.926, 826.8
19.27, 1.927, 827.8
19.28, 1.928, 827.8
19.29, 1.929, 832.5
19.30, 1.930, 833.4
19.31, 1.931, 836.1
19.32, 1.932, 837.3
19.33, 1.933, 841.4
19.34, 1.934, 841.5
19.35, 1.935, 844.1
19.36, 1.936, 844.7
19.37, 1.937, 847.4
19.38, 1.938, 847.3
19.39, 1.939, 848.0
19.40, 1.940, 850.8
19.41, 1.941, 849.0
19.42, 1.942, 853.4
19.43, 1.943, 853.6
19.44, 1.944, 857.9
19.45, 1.945, 859.9
19.46, 1.946, 861.9
19.47, 1.947, 860.8
19.48, 1.948, 863.7
19.49, 1.949, 862.1
19.50, 1.950, 866.5
19.51, 1.951, 868.4
19.52, 1.952, 868.4
19.53, 1.953, 873.0
19.54, 1.954, 872.3
19.55, 1.955, 874.3
19.56, 1.956, 877.7
19.57, 1.957, 878.4
19.58, 1.958, 880.0
19.59, 1.959, 881.3
19.60, 1.960, 883.8
19.61, 1.961, 884.0
19.62, 1.962, 885.7
19.63, 1.963, 887.5
19.64, 1.964, 890.6
19.65, 1.965, 892.9
19.66, 1.966, 893.3
19.67, 1.967, 896.9
19.68, 1.968, 898.1
19.69, 1.969, 900.6
19.70, 1.970, 900.7
19.71, 1.971, 902.9
19.72, 1.972, 904.4
19.73, 1.973, 906.8
19.74, 1.974, 908.2
19.75, 1.975, 910.1
19.76, 1.976, 910.8
19.77, 1.977, 911.9
19.78, 1.978, 914.0
19.79, 1.979, 915.0
19.80, 1.980, 915.3
19.81, 1.981, 917.1
19.82, 1.982, 918.6
19.83, 1.983, 917.8
19.84, 1.984, 918.1
19.85, 1.985, 919.4
19.86, 1.986, 919.8
19.87, 1.987, 918.8
19.88, 1.988, 917.9
19.89, 1.989, 918.6
19.90, 1.990, 918.6
19.91, 1.991, 918.8
19.92, 1.992, 918.0
19.93, 1.993, 919.1
19.94, 1.994, 917.8
19.95, 1.995, 919.7
19.96, 1.996, 919.2
19.97, 1.997, 917.8
19.98, 1.998, 917.9
19.99, 1.999, 918.0
20.00, 2.000, 918.4
20.01, 1.999, 918.3
20.02, 1.998, 917.7
20.03, 1.997, 917.6
20.04, 1.996, 917.5
20.05, 1.995, 918.1
20.06, 1.994, 917.5
20.07, 1.993, 917.5
20.08, 1.992, 918.4
20.09, 1.991, 915.1
20.10, 1.990, 916.0
20.11, 1.989, 917.7
20.12, 1.988, 916.6
20.13, 1.987, 918.2
20.14, 1.986, 916.2
20.15, 1.985, 916.2
20.16, 1.984, 916.1
20.17, 1.983, 916.6
20.18, 1.982, 914.6
20.19, 1.981, 914.3
20.20, 1.980, 914.7
20.21, 1.979, 911.9
20.22, 1.978, 909.8
20.23, 1.977, 909.1
20.24, 1.976, 905.1
20.25, 1.975, 906.1
20.26, 1.974, 904.2
20.27, 1.973, 903.0
20.28, 1.972, 901.3
20.29, 1.971, 898.2
20.30, 1.970, 897.8
20.31, 1.969, 895.5
20.32, 1.968, 895.7
20.33, 1.967, 894.2
20.34, 1.966, 890.8
20.35, 1.965, 888.5
20.36, 1.964, 886.9
20.37, 1.963, 884.6
20.38, 1.962, 882.1
20.39, 1.961, 883.6
20.40, 1.960, 880.8
20.41, 1.959, 878.2
20.42, 1.958, 877.7
20.43, 1.957, 876.1
20.44, 1.956, 874.6
20.45, 1.955, 872.3
20.46, 1.954, 867.4
20.47, 1.953, 866.1
20.48, 1.952, 865.0
20.49, 1.951, 862.2
20.50, 1.950, 862.0
20.51, 1.949, 859.0
20.52, 1.948, 856.9
20.53, 1.947, 856.7
20.54, 1.946, 853.3
20.55, 1.945, 852.4
20.56, 1.944, 850.4
20.57, 1.943, 848.8
20.58, 1.942, 845.8
20.59, 1.941, 843.3
20.60, 1.940, 845.0
20.61, 1.939, 840.3
20.62, 1.938, 841.4
20.63, 1.937, 840.6
20.64, 1.936, 836.1
20.65, 1.935, 832.7
20.66, 1.934, 832.9
20.67, 1.933, 833.1
20.68, 1.932, 829.6
20.69, 1.931, 828.6
20.70, 1.930, 826.2
20.71, 1.929, 826.9
20.72, 1.928, 823.1
20.73, 1.927, 823.5
20.74, 1.926, 821.3
20.75, 1.925, 818.9
20.76, 1.924, 817.5
20.77, 1.923, 816.7
20.78, 1.922, 815.2
20.79, 1.921, 811.7
20.80, 1.920, 812.0
20.81, 1.919, 809.6
20.82, 1.918, 808.7
20.83, 1.917, 806.3
20.84, 1.916, 802.1
20.85, 1.915, 802.7
20.86, 1.914, 801.4
20.87, 1.913, 798.8
20.88, 1.912, 796.4
20.89, 1.911, 791.8
20.90, 1.910, 791.5
20.91, 1.909, 789.1
20.92, 1.908, 787.1
20.93, 1.907, 785.5
20.94, 1.906, 785.8
20.95, 1.905, 783.3
20.96, 1.904, 778.1
20.97, 1.903, 780.7
20.98, 1.902, 777.6
20.99, 1.901, 776.5
21.00, 1.900, 772.8
21.01, 1.899, 772.5
21.02, 1.898, 767.4
21.03, 1.897, 767.4
21.04, 1.896, 766.5
21.05, 1.895, 763.7
21.06, 1.894, 764.5
21.07, 1.893, 761.5
21.08, 1.892, 759.2
21.09, 1.891, 758.8
21.10, 1.890, 758.0
21.11, 1.889, 756.2
21.12, 1.888, 751.8
21.13, 1.887, 750.6
21.14, 1.886, 748.8
21.15, 1.885, 745.6
21.16, 1.884, 744.9
21.17, 1.883, 743.7
21.18, 1.882, 741.8
21.19, 1.881, 737.1
21.20, 1.880, 735.8
21.21, 1.879, 735.7
21.22, 1.878, 734.9
21.23, 1.877, 730.7
21.24, 1.876, 730.5
21.25, 1.875, 731.2
21.26, 1.874, 726.4
21.27, 1.873, 728.1
21.28, 1.872, 725.8
21.29, 1.871, 724.3
21.30, 1.870, 720.2
21.31, 1.869, 718.3
21.32, 1.868, 717.8
21.33, 1.867, 714.4
21.34, 1.866, 711.0
21.35, 1.865, 709.4
21.36, 1.864, 710.4
21.37, 1.863, 708.1
21.38, 1.862, 705.9
21.39, 1.861, 702.5
21.40, 1.860, 700.7
21.41, 1.859, 700.6
21.42, 1.858, 696.0
21.43, 1.857, 694.9
21.44, 1.856, 694.1
21.45, 1.855, 693.1
21.46, 1.854, 689.6
21.47, 1.853, 686.1
21.48, 1.852, 685.7
21.49, 1.851, 686.2
21.50, 1.850, 681.1
21.51, 1.849, 680.2
21.52, 1.848, 678.1
21.53, 1.847, 678.2
21.54, 1.846, 675.0
21.55, 1.845, 672.5
21.56, 1.844, 672.8
21.57, 1.843, 671.2
21.58, 1.842, 667.3
21.59, 1.841, 667.4
21.60, 1.840, 665.1
21.61, 1.839, 663.5
21.62, 1.838, 661.3
21.63, 1.837, 657.1
21.64, 1.836, 657.5
21.65, 1.835, 652.5
21.66, 1.834, 653.3
21.67, 1.833, 650.9
21.68, 1.832, 649.8
21.69, 1.831, 647.2
21.70, 1.830, 642.4
21.71, 1.829, 643.9
21.72, 1.828, 644.6
21.73, 1.827, 640.2
21.74, 1.826, 641.5
21.75, 1.825, 641.7
21.76, 1.824, 639.4
21.77, 1.823, 637.5
21.78, 1.822, 636.9
21.79, 1.821, 634.6
21.80, 1.820, 630.1
21.81, 1.819, 630.0
21.82, 1.818, 629.1
21.83, 1.817, 624.5
21.84, 1.816, 622.7
21.85, 1.815, 618.4
21.86, 1.814, 619.5
21.87, 1.813, 618.3
21.88, 1.812, 618.3
21.89, 1.811, 615.3
21.90, 1.810, 612.2
21.91, 1.809, 610.6
21.92, 1.808, 610.3
21.93, 1.807, 604.6
21.94, 1.806, 602.7
21.95, 1.805, 600.1
21.96, 1.804, 599.3
21.97, 1.803, 596.8
21.98, 1.802, 595.5
21.99, 1.801, 594.7
22.00, 1.800, 592.6
22.01, 1.799, 592.7
22.02, 1.798, 589.6
22.03, 1.797, 587.0
22.04, 1.796, 586.5
22.05, 1.795, 582.4
22.06, 1.794, 581.7
22.07, 1.793, 581.9
22.08, 1.792, 579.6
22.09, 1.791, 574.2
22.10, 1.790, 574.7
22.11, 1.789, 571.0
22.12, 1.788, 569.4
22.13, 1.787, 566.1
22.14, 1.786, 565.6
22.15, 1.785, 563.0
22.16, 1.784, 559.6
22.17, 1.783, 557.9
22.18, 1.782, 556.2
22.19, 1.781, 553.3
22.20, 1.780, 550.9
22.21, 1.779, 549.1
22.22, 1.778, 546.2
22.23, 1.777, 545.5
22.24, 1.776, 544.7
22.25, 1.775, 543.3
22.26, 1.774, 541.1
22.27, 1.773, 537.9
22.28, 1.772, 537.0
22.29, 1.771, 536.1
22.30, 1.770, 534.3
22.31, 1.769, 530.0
22.32, 1.768, 528.4
22.33, 1.767, 525.7
22.34, 1.766, 523.7
22.35, 1.765, 522.9
22.36, 1.764, 517.3
22.37, 1.763, 517.5
22.38, 1.762, 515.9
22.39, 1.761, 514.4
22.40, 1.760, 510.6
22.41, 1.759, 507.9
22.42, 1.758, 507.9
22.43, 1.757, 504.0
22.44, 1.756, 502.9
22.45, 1.755, 499.7
22.46, 1.754, 497.6
22.47, 1.753, 498.7
22.48, 1.752, 496.1
22.49, 1.751, 493.0
22.50, 1.750, 492.5
22.51, 1.749, 491.5
22.52, 1.748, 489.3
22.53, 1.747, 486.7
22.54, 1.746, 485.4
22.55, 1.745, 479.6
22.56, 1.744, 480.4
22.57, 1.743, 477.3
22.58, 1.742, 476.4
22.59, 1.741, 470.5
22.60, 1.740, 468.9
22.61, 1.739, 465.5
22.62, 1.738, 465.6
22.63, 1.737, 464.9
22.64, 1.736, 462.0
22.65, 1.735, 460.3
22.66, 1.734, 457.1
22.67, 1.733, 456.2
22.68, 1.732, 454.4
22.69, 1.731, 451.3
22.70, 1.730, 449.7
22.71, 1.729, 445.1
22.72, 1.728, 444.8
22.73, 1.727, 441.7
22.74, 1.726, 441.1
22.75, 1.725, 439.3
22.76, 1.724, 437.2
22.77, 1.723, 433.4
22.78, 1.722, 432.9
22.79, 1.721, 431.0
22.80, 1.720, 428.4
22.81, 1.719, 424.5
22.82, 1.718, 422.3
22.83, 1.717, 422.8
22.84, 1.716, 420.0
22.85, 1.715, 419.8
22.86, 1.714, 416.4
22.87, 1.713, 415.8
22.88, 1.712, 412.9
22.89, 1.711, 411.1
22.90, 1.710, 408.9
22.91, 1.709, 405.5
22.92, 1.708, 403.3
22.93, 1.707, 400.5
22.94, 1.706, 398.0
22.95, 1.705, 396.2
22.96, 1.704, 392.5
22.97, 1.703, 393.3
22.98, 1.702, 390.7
22.99, 1.701, 389.1
23.00, 1.700, 386.8
23.01, 1.699, 386.3
23.02, 1.698, 380.0
23.03, 1.697, 378.2
23.04, 1.696, 376.5
23.05, 1.695, 375.8
23.06, 1.694, 371.3
23.07, 1.693, 370.0
23.08, 1.692, 368.4
23.09, 1.691, 364.8
23.10, 1.690, 365.3
23.11, 1.689, 362.6
23.12, 1.688, 360.5
23.13, 1.687, 357.8
23.14, 1.686, 356.3
23.15, 1.685, 356.6
23.16, 1.684, 353.6
23.17, 1.683, 349.8
23.18, 1.682, 347.6
23.19, 1.681, 345.3
23.20, 1.680, 345.0
23.21, 1.679, 341.6
23.22, 1.678, 340.5
23.23, 1.677, 338.2
23.24, 1.676, 335.0
23.25, 1.675, 333.4
23.26, 1.674, 330.8
23.27, 1.673, 330.0
23.28, 1.672, 327.9
23.29, 1.671, 326.2
23.30, 1.670, 322.9
23.31, 1.669, 322.4
23.32, 1.668, 320.6
23.33, 1.667, 318.4
23.34, 1.666, 314.1
23.35, 1.665, 313.6
23.36, 1.664, 311.0
23.37, 1.663, 310.8
23.38, 1.662, 305.9
23.39, 1.661, 304.6
23.40, 1.660, 302.6
23.41, 1.659, 299.7
23.42, 1.658, 298.2
23.43, 1.657, 295.0
23.44, 1.656, 294.4
23.45, 1.655, 293.0
23.46, 1.654, 290.1
23.47, 1.653, 288.9
23.48, 1.652, 287.6
23.49, 1.651, 284.3
23.50, 1.650, 281.7
23.51, 1.649, 281.6
23.52, 1.648, 280.0
23.53, 1.647, 275.7
23.54, 1.646, 273.7
23.55, 1.645, 271.2
23.56, 1.644, 268.7
23.57, 1.643, 269.4
23.58, 1.642, 266.9
23.59, 1.641, 264.8
23.60, 1.640, 262.3
23.61, 1.639, 261.9
23.62, 1.638, 259.2
23.63, 1.637, 257.7
23.64, 1.636, 257.3
23.65, 1.635, 253.3
23.66, 1.634, 251.5
23.67, 1.633, 249.5
23.68, 1.632, 247.3
23.69, 1.631, 244.1
23.70, 1.630, 242.0
23.71, 1.629, 240.1
23.72, 1.628, 239.3
23.73, 1.627, 236.7
23.74, 1.626, 234.3
23.75, 1.625, 233.7
23.76, 1.624, 231.4
23.77, 1.623, 229.9
23.78, 1.622, 228.1
23.79, 1.621, 227.0
23.80, 1.620, 226.0
23.81, 1.619, 222.6
23.82, 1.618, 221.7
23.83, 1.617, 218.4
23.84, 1.616, 215.8
23.85, 1.615, 213.8
23.86, 1.614, 211.4
23.87, 1.613, 210.1
23.88, 1.612, 209.2
23.89, 1.611, 207.5
23.90, 1.610, 205.9
23.91, 1.609, 204.2
23.92, 1.608, 202.8
23.93, 1.607, 199.2
23.94, 1.606, 198.2
23.95, 1.605, 196.0
23.96, 1.604, 194.8
23.97, 1.603, 192.2
23.98, 1.602, 190.2
23.99, 1.601, 188.5
24.00, 1.600, 187.5
24.01, 1.599, 184.3
24.02, 1.598, 183.7
24.03, 1.597, 181.4
24.04, 1.596, 180.5
24.05, 1.595, 177.8
24.06, 1.594, 176.5
24.07, 1.593, 175.1
24.08, 1.592, 173.5
24.09, 1.591, 172.0
24.10, 1.590, 170.7
24.11, 1.589, 168.1
24.12, 1.588, 167.7
24.13, 1.587, 165.5
24.14, 1.586, 162.7
24.15, 1.585, 160.7
24.16, 1.584, 160.6
24.17, 1.583, 158.8
24.18, 1.582, 156.6
24.19, 1.581, 156.5
24.20, 1.580, 153.7
24.21, 1.579, 151.8
24.22, 1.578, 151.8
24.23, 1.577, 149.6
24.24, 1.576, 147.0
24.25, 1.575, 145.1
24.26, 1.574, 142.5
24.27, 1.573, 140.2
24.28, 1.572, 139.0
24.29, 1.571, 140.3
24.30, 1.570, 136.3
24.31, 1.569, 136.5
24.32, 1.568, 135.2
24.33, 1.567, 133.7
24.34, 1.566, 131.8
24.35, 1.565, 130.1
24.36, 1.564, 130.1
24.37, 1.563, 127.2
24.38, 1.562, 127.5
24.39, 1.561, 124.6
24.40, 1.560, 124.5
24.41, 1.559, 122.5
24.42, 1.558, 120.5
24.43, 1.557, 118.9
24.44, 1.556, 117.8
24.45, 1.555, 115.1
24.46, 1.554, 113.2
24.47, 1.553, 112.9
24.48, 1.552, 112.0
24.49, 1.551, 110.0
24.50, 1.550, 109.0
24.51, 1.549, 106.5
24.52, 1.548, 106.1
24.53, 1.547, 106.2
24.54, 1.546, 104.0
24.55, 1.545, 103.0
24.56, 1.544, 100.6
24.57, 1.543, 102.0
24.58, 1.542, 97.12
24.59, 1.541, 98.43
24.60, 1.540, 96.98
24.61, 1.539, 94.36
24.62, 1.538, 95.36
24.63, 1.537, 90.98
24.64, 1.536, 91.92
24.65, 1.535, 90.47
24.66, 1.534, 88.90
24.67, 1.533, 87.46
24.68, 1.532, 85.78
24.69, 1.531, 85.49
24.70, 1.530, 83.66
24.71, 1.529, 81.21
24.72, 1.528, 80.79
24.73, 1.527, 78.54
24.74, 1.526, 78.01
24.75, 1.525, 76.89
24.76, 1.524, 76.85
24.77, 1.523, 76.20
24.78, 1.522, 74.98
24.79, 1.521, 74.18
24.80, 1.520, 71.66
24.81, 1.519, 70.31
24.82, 1.518, 69.97
24.83, 1.517, 69.94
24.84, 1.516, 69.37
24.85, 1.515, 68.09
24.86, 1.514, 67.60
24.87, 1.513, 64.66
24.88, 1.512, 65.00
24.89, 1.511, 63.52
24.90, 1.510, 62.19
24.91, 1.509, 60.69
24.92, 1.508, 60.96
24.93, 1.507, 59.93
24.94, 1.506, 57.60
24.95, 1.505, 58.51
24.96, 1.504, 56.43
24.97, 1.503, 55.51
24.98, 1.502, 54.87
24.99, 1.501, 54.44
25.00, 1.500, 54.89
25.01, 1.499, 53.41
25.02, 1.498, 53.44
25.03, 1.497, 52.18
25.04, 1.496, 52.15
25.05, 1.495, 49.69
25.06, 1.494, 49.05
25.07, 1.493, 48.99
25.08, 1.492, 45.87
25.09, 1.491, 45.88
25.10, 1.490, 44.87
25.11, 1.489, 44.71
25.12, 1.488, 43.09
25.13, 1.487, 43.07
25.14, 1.486, 41.55
25.15, 1.485, 41.05
25.16, 1.484, 40.34
25.17, 1.483, 39.02
25.18, 1.482, 38.96
25.19, 1.481, 38.61
25.20, 1.480, 38.11
25.21, 1.479, 37.67
25.22, 1.478, 36.66
25.23, 1.477, 34.90
25.24, 1.476, 34.56
25.25, 1.475, 34.82
25.26, 1.474, 32.87
25.27, 1.473, 32.38
25.28, 1.472, 31.00
25.29, 1.471, 31.23
25.30, 1.470, 30.54
25.31, 1.469, 29.23
25.32, 1.468, 28.80
25.33, 1.467, 29.18
25.34, 1.466, 28.67
25.35, 1.465, 29.65
25.36, 1.464, 27.80
25.37, 1.463, 26.46
25.38, 1.462, 27.08
25.39, 1.461, 26.73
25.40, 1.460, 25.19
25.41, 1.459, 24.26
25.42, 1.458, 24.73
25.43, 1.457, 23.41
25.44, 1.456, 22.64
25.45, 1.455, 22.59
25.46, 1.454, 22.46
25.47, 1.453, 21.68
25.48, 1.452, 20.11
25.49, 1.451, 20.75
25.50, 1.450, 18.85
25.51, 1.449, 20.38
25.52, 1.448, 19.47
25.53, 1.447, 17.62
25.54, 1.446, 18.17
25.55, 1.445, 17.96
25.56, 1.444, 17.68
25.57, 1.443, 15.70
25.58, 1.442, 15.61
25.59, 1.441, 14.59
25.60, 1.440, 14.74
25.61, 1.439, 15.11
25.62, 1.438, 14.76
25.63, 1.437, 13.84
25.64, 1.436, 14.33
25.65, 1.435, 13.60
25.66, 1.434, 11.95
25.67, 1.433, 13.26
25.68, 1.432, 11.82
25.69, 1.431, 11.61
25.70, 1.430, 11.27
25.71, 1.429, 10.64
25.72, 1.428, 9.035
25.73, 1.427, 9.762
25.74, 1.426, 10.50
25.75, 1.425, 9.541
25.76, 1.424, 10.07
25.77, 1.423, 9.268
25.78, 1.422, 7.476
25.79, 1.421, 9.436
25.80, 1.420, 8.423
25.81, 1.419, 7.037
25.82, 1.418, 8.360
25.83, 1.417, 8.517
25.84, 1.416, 8.124
25.85, 1.415, 7.783
25.86, 1.414, 6.301
25.87, 1.413, 5.160
25.88, 1.412, 5.059
25.89, 1.411, 6.671
25.90, 1.410, 6.165
25.91, 1.409, 7.390
25.92, 1.408, 5.610
25.93, 1.407, 6.263
25.94, 1.406, 4.193
25.95, 1.405, 4.593
25.96, 1.404, 3.705
25.97, 1.403, 2.243
25.98, 1.402, 4.012
25.99, 1.401, 3.487
26.00, 1.400, 1.427
26.01, 1.399, 2.741
26.02, 1.398, 3.606
26.03, 1.397, 3.290
26.04, 1.396, 3.176
26.05, 1.395, 4.067
26.06, 1.394, 2.098
26.07, 1.393, 1.709
26.08, 1.392, 2.592
26.09, 1.391, 2.285
26.10, 1.390, 2.317
26.11, 1.389, -1.695
26.12, 1.388, 1.077
26.13, 1.387, 1.561
26.14, 1.386, 2.182
26.15, 1.385, -0.4229
26.16, 1.384, 0.2600
26.17, 1.383, -0.02047
26.18, 1.382, -0.3941
26.19, 1.381, -0.8219
26.20, 1.380, 1.111
26.21, 1.379, 0.5938
26.22, 1.378, -0.6047
26.23, 1.377, -0.6095
26.24, 1.376, 0.09307
26.25, 1.375, 0.5127
26.26, 1.374, -1.188
26.27, 1.373, -0.5975
26.28, 1.372, 0.8441
26.29, 1.371, -0.6729
26.30, 1.370, 0.08442
26.31, 1.369, -1.531
26.32, 1.368, -1.935
26.33, 1.367, -0.6822
26.34, 1.366, -1.782
26.35, 1.365, -0.9750
26.36, 1.364, -3.806
26.37, 1.363, -1.522
26.38, 1.362, -1.918
26.39, 1.361, -2.913
26.40, 1.360, -2.450
26.41, 1.359, -4.251
26.42, 1.358, -2.466
26.43, 1.357, -3.890
26.44, 1.356, -2.251
26.45, 1.355, -3.335
26.46, 1.354, -1.805
26.47, 1.353, -1.482
26.48, 1.352, -3.072
26.49, 1.351, -3.721
26.50, 1.350, -3.593
26.51, 1.349, -4.351
26.52, 1.348, -4.695
26.53, 1.347, -4.535
26.54, 1.346, -4.152
26.55, 1.345, -4.892
26.56, 1.344, -3.817
26.57, 1.343, -4.547
26.58, 1.342, -3.974
26.59, 1.341, -5.114
26.60, 1.340, -4.063
26.61, 1.339, -4.901
26.62, 1.338, -5.298
26.63, 1.337, -4.710
26.64, 1.336, -5.719
26.65, 1.335, -5.545
26.66, 1.334, -6.066
26.67, 1.333, -7.541
26.68, 1.332, -5.671
26.69, 1.331, -5.414
26.70, 1.330, -4.853
26.71, 1.329, -5.556
26.72, 1.328, -6.677
26.73, 1.327, -8.187
26.74, 1.326, -7.773
26.75, 1.325, -7.979
26.76, 1.324, -9.345
26.77, 1.323, -8.491
26.78, 1.322, -8.770
26.79, 1.321, -9.199
26.80, 1.320, -10.69
26.81, 1.319, -8.993
26.82, 1.318, -10.23
26.83, 1.317, -9.641
26.84, 1.316, -9.142
26.85, 1.315, -9.736
26.86, 1.314, -10.48
26.87, 1.313, -9.504
26.88, 1.312, -11.05
26.89, 1.311, -9.107
26.90, 1.310, -10.12
26.91, 1.309, -10.05
26.92, 1.308, -9.242
26.93, 1.307, -9.951
26.94, 1.306, -9.845
26.95, 1.305, -8.007
26.96, 1.304, -9.354
26.97, 1.303, -8.106
26.98, 1.302, -9.682
26.99, 1.301, -9.787
27.00, 1.300, -9.219
27.01, 1.299, -8.490
27.02, 1.298, -8.677
27.03, 1.297, -7.974
27.04, 1.296, -7.112
27.05, 1.295, -7.706
27.06, 1.294, -6.985
27.07, 1.293, -7.227
27.08, 1.292, -5.954
27.09, 1.291, -8.377
27.10, 1.290, -7.177
27.11, 1.289, -5.136
27.12, 1.288, -6.555
27.13, 1.287, -7.563
27.14, 1.286, -6.383
27.15, 1.285, -7.214
27.16, 1.284, -6.739
27.17, 1.283, -8.345
27.18, 1.282, -7.414
27.19, 1.281, -7.158
27.20, 1.280, -7.277
27.21, 1.279, -9.324
27.22, 1.278, -6.751
27.23, 1.277, -6.310
27.24, 1.276, -6.837
27.25, 1.275, -6.082
27.26, 1.274, -6.146
27.27, 1.273, -7.901
27.28, 1.272, -7.741
27.29, 1.271, -7.167
27.30, 1.270, -7.470
27.31, 1.269, -6.585
27.32, 1.268, -6.543
27.33, 1.267, -7.478
27.34, 1.266, -7.266
27.35, 1.265, -5.788
27.36, 1.264, -6.518
27.37, 1.263, -6.752
27.38, 1.262, -6.458
27.39, 1.261, -5.618
27.40, 1.260, -6.563
27.41, 1.259, -8.826
27.42, 1.258, -6.300
27.43, 1.257, -6.796
27.44, 1.256, -7.466
27.45, 1.255, -6.776
27.46, 1.254, -7.738
27.47, 1.253, -6.988
27.48, 1.252, -5.875
27.49, 1.251, -7.760
27.50, 1.250, -6.315
27.51, 1.249, -6.091
27.52, 1.248, -6.187
27.53, 1.247, -6.909
27.54, 1.246, -6.860
27.55, 1.245, -6.690
27.56, 1.244, -6.052
27.57, 1.243, -7.618
27.58, 1.242, -6.864
27.59, 1.241, -5.489
27.60, 1.240, -5.960
27.61, 1.239, -5.445
27.62, 1.238, -5.325
27.63, 1.237, -6.185
27.64, 1.236, -5.698
27.65, 1.235, -5.975
27.66, 1.234, -5.962
27.67, 1.233, -6.222
27.68, 1.232, -7.012
27.69, 1.231, -5.433
27.70, 1.230, -7.059
27.71, 1.229, -5.477
27.72, 1.228, -5.893
27.73, 1.227, -5.919
27.74, 1.226, -5.620
27.75, 1.225, -6.130
27.76, 1.224, -4.859
27.77, 1.223, -4.903
27.78, 1.222, -5.650
27.79, 1.221, -5.703
27.80, 1.220, -5.445
27.81, 1.219, -5.820
27.82, 1.218, -6.003
27.83, 1.217, -6.785
27.84, 1.216, -5.511
27.85, 1.215, -5.861
27.86, 1.214, -4.869
27.87, 1.213, -5.724
27.88, 1.212, -4.574
27.89, 1.211, -5.540
27.90, 1.210, -5.128
27.91, 1.209, -5.162
27.92, 1.208, -4.277
27.93, 1.207, -3.492
27.94, 1.206, -4.167
27.95, 1.205, -4.939
27.96, 1.204, -5.621
27.97, 1.203, -5.288
27.98, 1.202, -5.272
27.99, 1.201, -4.782
28.00, 1.200, -4.672
28.01, 1.199, -5.506
28.02, 1.198, -5.728
28.03, 1.197, -5.398
28.04, 1.196, -5.834
28.05, 1.195, -3.403
28.06, 1.194, -4.941
28.07, 1.193, -4.411
28.08, 1.192, -5.157
28.09, 1.191, -4.613
28.10, 1.190, -4.614
28.11, 1.189, -4.672
28.12, 1.188, -4.553
28.13, 1.187, -5.833
28.14, 1.186, -5.107
28.15, 1.185, -4.728
28.16, 1.184, -4.900
28.17, 1.183, -5.371
28.18, 1.182, -4.585
28.19, 1.181, -5.469
28.20, 1.180, -3.506
28.21, 1.179, -4.884
28.22, 1.178, -5.075
28.23, 1.177, -4.570
28.24, 1.176, -3.225
28.25, 1.175, -5.598
28.26, 1.174, -5.524
28.27, 1.173, -4.780
28.28, 1.172, -5.010
28.29, 1.171, -4.552
28.30, 1.170, -5.796
28.31, 1.169, -5.848
28.32, 1.168, -5.209
28.33, 1.167, -4.585
28.34, 1.166, -3.999
28.35, 1.165, -4.226
28.36, 1.164, -5.768
28.37, 1.163, -4.434
28.38, 1.162, -4.301
28.39, 1.161, -5.024
28.40, 1.160, -4.977
28.41, 1.159, -4.425
28.42, 1.158, -3.897
28.43, 1.157, -3.680
28.44, 1.156, -3.603
28.45, 1.155, -3.259
28.46, 1.154, -6.356
28.47, 1.153, -5.306
28.48, 1.152, -5.951
28.49, 1.151, -5.952
28.50, 1.150, -4.934
28.51, 1.149, -5.513
28.52, 1.148, -4.162
28.53, 1.147, -4.943
28.54, 1.146, -4.802
28.55, 1.145, -3.472
28.56, 1.144, -4.185
28.57, 1.143, -5.949
28.58, 1.142, -4.795
28.59, 1.141, -4.319
28.60, 1.140, -5.095
28.61, 1.139, -4.388
28.62, 1.138, -4.494
28.63, 1.137, -4.769
28.64, 1.136, -4.740
28.65, 1.135, -5.076
28.66, 1.134, -4.176
28.67, 1.133, -4.092
28.68, 1.132, -6.863
28.69, 1.131, -3.745
28.70, 1.130, -4.428
28.71, 1.129, -3.781
28.72, 1.128, -5.167
28.73, 1.127, -4.636
28.74, 1.126, -5.186
28.75, 1.125, -4.748
28.76, 1.124, -4.027
28.77, 1.123, -5.241
28.78, 1.122, -5.333
28.79, 1.121, -4.750
28.80, 1.120, -5.617
28.81, 1.119, -5.872
28.82, 1.118, -4.495
28.83, 1.117, -3.617
28.84, 1.116, -4.510
28.85, 1.115, -4.941
28.86, 1.114, -3.775
28.87, 1.113, -5.309
28.88, 1.112, -4.776
28.89, 1.111, -4.711
28.90, 1.110, -7.025
28.91, 1.109, -4.505
28.92, 1.108, -4.892
28.93, 1.107, -4.230
28.94, 1.106, -5.020
28.95, 1.105, -4.125
28.96, 1.104, -3.883
28.97, 1.103, -4.062
28.98, 1.102, -4.652
28.99, 1.101, -4.431
29.00, 1.100, -3.655
29.01, 1.099, -3.905
29.02, 1.098, -3.894
29.03, 1.097, -5.184
29.04, 1.096, -2.725
29.05, 1.095, -3.223
29.06, 1.094, -5.663
29.07, 1.093, -5.079
29.08, 1.092, -5.975
29.09, 1.091, -4.170
29.10, 1.090, -4.341
29.11, 1.089, -3.837
29.12, 1.088, -5.116
29.13, 1.087, -4.296
29.14, 1.086, -3.794
29.15, 1.085, -4.652
29.16, 1.084, -3.258
29.17, 1.083, -4.531
29.18, 1.082, -6.255
29.19, 1.081, -4.323
29.20, 1.080, -4.471
29.21, 1.079, -4.914
29.22, 1.078, -5.294
29.23, 1.077, -4.084
29.24, 1.076, -4.420
29.25, 1.075, -3.507
29.26, 1.074, -4.260
29.27, 1.073, -4.530
29.28, 1.072, -5.921
29.29, 1.071, -5.363
29.30, 1.070, -5.906
29.31, 1.069, -4.909
29.32, 1.068, -4.737
29.33, 1.067, -4.938
29.34, 1.066, -4.375
29.35, 1.065, -5.389
29.36, 1.064, -4.357
29.37, 1.063, -5.977
29.38, 1.062, -4.436
29.39, 1.061, -3.891
29.40, 1.060, -4.925
29.41, 1.059, -3.868
29.42, 1.058, -5.546
29.43, 1.057, -4.778
29.44, 1.056, -5.065
29.45, 1.055, -4.093
29.46, 1.054, -4.278
29.47, 1.053, -5.769
29.48, 1.052, -4.630
29.49, 1.051, -3.470
29.50, 1.050, -4.481
29.51, 1.049, -5.794
29.52, 1.048, -6.463
29.53, 1.047, -4.852
29.54, 1.046, -5.314
29.55, 1.045, -3.820
29.56, 1.044, -3.043
29.57, 1.043, -7.001
29.58, 1.042, -3.129
29.59, 1.041, -3.107
29.60, 1.040, -4.008
29.61, 1.039, -4.030
29.62, 1.038, -3.931
29.63, 1.037, -3.962
29.64, 1.036, -3.865
29.65, 1.035, -4.586
29.66, 1.034, -4.662
29.67, 1.033, -4.694
29.68, 1.032, -4.917
29.69, 1.031, -3.714
29.70, 1.030, -3.329
29.71, 1.029, -3.563
29.72, 1.028, -4.836
29.73, 1.027, -5.238
29.74, 1.026, -5.833
29.75, 1.025, -5.144
29.76, 1.024, -4.614
29.77, 1.023, -3.639
29.78, 1.022, -4.663
29.79, 1.021, -4.464
29.80, 1.020, -3.824
29.81, 1.019, -3.990
29.82, 1.018, -4.787
29.83, 1.017, -3.992
29.84, 1.016, -5.381
29.85, 1.015, -5.456
29.86, 1.014, -4.740
29.87, 1.013, -4.027
29.88, 1.012, -5.216
29.89, 1.011, -4.370
29.90, 1.010, -6.092
29.91, 1.009, -4.045
29.92, 1.008, -5.515
29.93, 1.007, -4.426
29.94, 1.006, -5.120
29.95, 1.005, -4.087
29.96, 1.004, -4.647
29.97, 1.003, -5.287
29.98, 1.002, -5.941
29.99, 1.001, -5.113
30.00, 1.000, -6.399
30.01, 0.9990, -4.788
30.02, 0.9980, -4.133
30.03, 0.9970, -5.118
30.04, 0.9960, -3.753
30.05, 0.9950, -3.673
30.06, 0.9940, -4.870
30.07, 0.9930, -6.539
30.08, 0.9920, -5.145
30.09, 0.9910, -4.069
30.10, 0.9900, -4.251
30.11, 0.9890, -4.395
30.12, 0.9880, -4.887
30.13, 0.9870, -4.313
30.14, 0.9860, -4.296
30.15, 0.9850, -4.148
30.16, 0.9840, -4.132
30.17, 0.9830, -5.160
30.18, 0.9820, -6.062
30.19, 0.9810, -4.959
30.20, 0.9800, -4.712
30.21, 0.9790, -3.446
30.22, 0.9780, -5.221
30.23, 0.9770, -4.005
30.24, 0.9760, -3.789
30.25, 0.9750, -3.946
30.26, 0.9740, -3.195
30.27, 0.9730, -4.047
30.28, 0.9720, -5.729
30.29, 0.9710, -3.186
30.30, 0.9700, -4.926
30.31, 0.9690, -6.598
30.32, 0.9680, -4.550
30.33, 0.9670, -5.645
30.34, 0.9660, -3.958
30.35, 0.9650, -4.688
30.36, 0.9640, -4.300
30.37, 0.9630, -4.067
30.38, 0.9620, -6.323
30.39, 0.9610, -2.510
30.40, 0.9600, -2.681
30.41, 0.9590, -5.373
30.42, 0.9580, -6.293
30.43, 0.9570, -6.148
30.44, 0.9560, -4.577
30.45, 0.9550, -4.766
30.46, 0.9540, -3.837
30.47, 0.9530, -3.359
30.48, 0.9520, -5.191
30.49, 0.9510, -4.190
30.50, 0.9500, -4.082
30.51, 0.9490, -5.583
30.52, 0.9480, -4.054
30.53, 0.9470, -3.018
30.54, 0.9460, -4.075
30.55, 0.9450, -6.383
30.56, 0.9440, -4.192
30.57, 0.9430, -5.421
30.58, 0.9420, -5.097
30.59, 0.9410, -4.972
30.60, 0.9400, -4.011
30.61, 0.9390, -6.053
30.62, 0.9380, -4.279
30.63, 0.9370, -4.232
30.64, 0.9360, -4.740
30.65, 0.9350, -4.325
30.66, 0.9340, -4.447
30.67, 0.9330, -3.003
30.68, 0.9320, -3.853
30.69, 0.9310, -2.963
30.70, 0.9300, -3.723
30.71, 0.9290, -3.440
30.72, 0.9280, -5.810
30.73, 0.9270, -5.572
30.74, 0.9260, -4.951
30.75, 0.9250, -3.334
30.76, 0.9240, -3.005
30.77, 0.9230, -4.081
30.78, 0.9220, -6.559
30.79, 0.9210, -3.909
30.80, 0.9200, -4.287
30.81, 0.9190, -4.286
30.82, 0.9180, -4.909
30.83, 0.9170, -3.518
30.84, 0.9160, -4.223
30.85, 0.9150, -6.129
30.86, 0.9140, -4.903
30.87, 0.9130, -4.620
30.88, 0.9120, -5.451
30.89, 0.9110, -3.220
30.90, 0.9100, -5.783
30.91, 0.9090, -3.802
30.92, 0.9080, -4.481
30.93, 0.9070, -2.650
30.94, 0.9060, -4.032
30.95, 0.9050, -4.786
30.96, 0.9040, -7.017
30.97, 0.9030, -5.440
30.98, 0.9020, -5.874
30.99, 0.9010, -5.203
31.00, 0.9000, -4.546
31.01, 0.8990, -3.189
31.02, 0.8980, -3.578
31.03, 0.8970, -3.505
31.04, 0.8960, -4.042
31.05, 0.8950, -3.917
31.06, 0.8940, -6.119
31.07, 0.8930, -5.459
31.08, 0.8920, -3.663
31.09, 0.8910, -4.368
31.10, 0.8900, -4.464
31.11, 0.8890, -4.253
31.12, 0.8880, -4.835
31.13, 0.8870, -5.178
31.14, 0.8860, -4.357
31.15, 0.8850, -5.418
31.16, 0.8840, -5.085
31.17, 0.8830, -5.355
31.18, 0.8820, -3.189
31.19, 0.8810, -4.731
31.20, 0.8800, -5.200
31.21, 0.8790, -4.629
31.22, 0.8780, -5.201
31.23, 0.8770, -4.845
31.24, 0.8760, -2.921
31.25, 0.8750, -3.889
31.26, 0.8740, -5.222
31.27, 0.8730, -4.130
31.28, 0.8720, -6.600
31.29, 0.8710, -3.404
31.30, 0.8700, -4.789
31.31, 0.8690, -3.067
31.32, 0.8680, -5.064
31.33, 0.8670, -3.156
31.34, 0.8660, -4.264
31.35, 0.8650, -3.644
31.36, 0.8640, -4.904
31.37, 0.8630, -4.462
31.38, 0.8620, -4.353
31.39, 0.8610, -5.468
31.40, 0.8600, -5.511
31.41, 0.8590, -5.383
31.42, 0.8580, -4.830
31.43, 0.8570, -5.891
31.44, 0.8560, -4.704
31.45, 0.8550, -4.052
31.46, 0.8540, -5.514
31.47, 0.8530, -4.435
31.48, 0.8520, -4.838
31.49, 0.8510, -3.733
31.50, 0.8500, -3.729
31.51, 0.8490, -4.373
31.52, 0.8480, -4.907
31.53, 0.8470, -3.353
31.54, 0.8460, -5.690
31.55, 0.8450, -3.220
31.56, 0.8440, -5.192
31.57, 0.8430, -4.504
31.58, 0.8420, -4.240
31.59, 0.8410, -3.425
31.60, 0.8400, -4.745
31.61, 0.8390, -5.248
31.62, 0.8380, -3.852
31.63, 0.8370, -5.477
31.64, 0.8360, -3.746
31.65, 0.8350, -5.603
31.66, 0.8340, -4.553
31.67, 0.8330, -5.212
31.68, 0.8320, -4.333
31.69, 0.8310, -3.615
31.70, 0.8300, -5.598
31.71, 0.8290, -3.859
31.72, 0.8280, -4.129
31.73, 0.8270, -5.898
31.74, 0.8260, -5.728
31.75, 0.8250, -4.080
31.76, 0.8240, -7.474
31.77, 0.8230, -5.685
31.78, 0.8220, -4.367
31.79, 0.8210, -5.512
31.80, 0.8200, -5.239
31.81, 0.8190, -4.655
31.82, 0.8180, -4.748
31.83, 0.8170, -4.052
31.84, 0.8160, -4.769
31.85, 0.8150, -4.048
31.86, 0.8140, -3.675
31.87, 0.8130, -6.358
31.88, 0.8120, -5.025
31.89, 0.8110, -5.543
31.90, 0.8100, -4.502
31.91, 0.8090, -4.052
31.92, 0.8080, -5.869
31.93, 0.8070, -5.752
31.94, 0.8060, -5.984
31.95, 0.8050, -4.296
31.96, 0.8040, -4.952
31.97, 0.8030, -3.908
31.98, 0.8020, -6.153
31.99, 0.8010, -6.513
32.00, 0.8000, -6.827
32.01, 0.7990, -5.247
32.02, 0.7980, -5.398
32.03, 0.7970, -4.252
32.04, 0.7960, -3.745
32.05, 0.7950, -3.847
32.06, 0.7940, -4.690
32.07, 0.7930, -2.928
32.08, 0.7920, -4.506
32.09, 0.7910, -4.752
32.10, 0.7900, -3.198
32.11, 0.7890, -4.326
32.12, 0.7880, -3.577
32.13, 0.7870, -5.480
32.14, 0.7860, -5.374
32.15, 0.7850, -4.539
32.16, 0.7840, -5.644
32.17, 0.7830, -4.508
32.18, 0.7820, -3.664
32.19, 0.7810, -3.726
32.20, 0.7800, -4.168
32.21, 0.7790, -4.272
32.22, 0.7780, -4.338
32.23, 0.7770, -4.162
32.24, 0.7760, -4.912
32.25, 0.7750, -5.746
32.26, 0.7740, -5.883
32.27, 0.7730, -5.668
32.28, 0.7720, -4.617
32.29, 0.7710, -5.689
32.30, 0.7700, -6.263
32.31, 0.7690, -4.645
32.32, 0.7680, -4.329
32.33, 0.7670, -5.873
32.34, 0.7660, -4.790
32.35, 0.7650, -4.746
32.36, 0.7640, -3.899
32.37, 0.7630, -4.834
32.38, 0.7620, -3.480
32.39, 0.7610, -5.653
32.40, 0.7600, -4.930
32.41, 0.7590, -4.902
32.42, 0.7580, -3.685
32.43, 0.7570, -4.127
32.44, 0.7560, -3.995
32.45, 0.7550, -4.821
32.46, 0.7540, -4.302
32.47, 0.7530, -5.406
32.48, 0.7520, -4.959
32.49, 0.7510, -5.079
32.50, 0.7500, -5.406
32.51, 0.7490, -4.175
32.52, 0.7480, -5.574
32.53, 0.7470, -4.900
32.54, 0.7460, -5.690
32.55, 0.7450, -3.951
32.56, 0.7440, -7.055
32.57, 0.7430, -3.483
32.58, 0.7420, -5.949
32.59, 0.7410, -4.191
32.60, 0.7400, -4.973
32.61, 0.7390, -5.388
32.62, 0.7380, -3.789
32.63, 0.7370, -3.980
32.64, 0.7360, -5.436
32.65, 0.7350, -6.744
32.66, 0.7340, -5.015
32.67, 0.7330, -5.155
32.68, 0.7320, -4.679
32.69, 0.7310, -5.098
32.70, 0.7300, -5.797
32.71, 0.7290, -4.579
32.72, 0.7280, -4.880
32.73, 0.7270, -6.657
32.74, 0.7260, -4.669
32.75, 0.7250, -4.271
32.76, 0.7240, -5.452
32.77, 0.7230, -4.705
32.78, 0.7220, -4.553
32.79, 0.7210, -4.660
32.80, 0.7200, -4.616
32.81, 0.7190, -5.081
32.82, 0.7180, -4.627
32.83, 0.7170, -5.114
32.84, 0.7160, -3.982
32.85, 0.7150, -3.168
32.86, 0.7140, -5.100
32.87, 0.7130, -3.363
32.88, 0.7120, -3.724
32.89, 0.7110, -5.797
32.90, 0.7100, -4.920
32.91, 0.7090, -5.658
32.92, 0.7080, -6.598
32.93, 0.7070, -4.828
32.94, 0.7060, -5.615
32.95, 0.7050, -5.358
32.96, 0.7040, -4.707
32.97, 0.7030, -4.868
32.98, 0.7020, -3.861
32.99, 0.7010, -3.846
33.00, 0.7000, -4.657
33.01, 0.6990, -4.410
33.02, 0.6980, -5.827
33.03, 0.6970, -3.788
33.04, 0.6960, -5.560
33.05, 0.6950, -5.810
33.06, 0.6940, -4.952
33.07, 0.6930, -4.830
33.08, 0.6920, -4.413
33.09, 0.6910, -5.214
33.10, 0.6900, -5.412
33.11, 0.6890, -4.668
33.12, 0.6880, -4.198
33.13, 0.6870, -5.091
33.14, 0.6860, -4.648
33.15, 0.6850, -5.633
33.16, 0.6840, -5.660
33.17, 0.6830, -6.998
33.18, 0.6820, -3.613
33.19, 0.6810, -4.653
33.20, 0.6800, -3.330
33.21, 0.6790, -4.135
33.22, 0.6780, -5.014
33.23, 0.6770, -4.471
33.24, 0.6760, -5.246
33.25, 0.6750, -4.804
33.26, 0.6740, -4.672
33.27, 0.6730, -5.481
33.28, 0.6720, -6.584
33.29, 0.6710, -5.253
33.30, 0.6700, -4.379
33.31, 0.6690, -5.776
33.32, 0.6680, -4.948
33.33, 0.6670, -7.023
33.34, 0.6660, -4.972
33.35, 0.6650, -3.869
33.36, 0.6640, -4.903
33.37, 0.6630, -4.868
33.38, 0.6620, -4.170
33.39, 0.6610, -5.167
33.40, 0.6600, -4.270
33.41, 0.6590, -4.417
33.42, 0.6580, -6.235
33.43, 0.6570, -4.986
33.44, 0.6560, -4.194
33.45, 0.6550, -4.909
33.46, 0.6540, -4.741
33.47, 0.6530, -4.259
33.48, 0.6520, -4.300
33.49, 0.6510, -3.421
33.50, 0.6500, -3.529
33.51, 0.6490, -4.340
33.52, 0.6480, -5.188
33.53, 0.6470, -4.947
33.54, 0.6460, -6.727
33.55, 0.6450, -5.253
33.56, 0.6440, -4.203
33.57, 0.6430, -4.829
33.58, 0.6420, -3.962
33.59, 0.6410, -5.668
33.60, 0.6400, -4.936
33.61, 0.6390, -4.417
33.62, 0.6380, -4.996
33.63, 0.6370, -4.535
33.64, 0.6360, -4.715
33.65, 0.6350, -5.633
33.66, 0.6340, -4.928
33.67, 0.6330, -5.993
33.68, 0.6320, -4.655
33.69, 0.6310, -4.596
33.70, 0.6300, -5.154
33.71, 0.6290, -5.651
33.72, 0.6280, -5.015
33.73, 0.6270, -4.037
33.74, 0.6260, -4.301
33.75, 0.6250, -5.321
33.76, 0.6240, -3.151
33.77, 0.6230, -4.881
33.78, 0.6220, -4.052
33.79, 0.6210, -4.858
33.80, 0.6200, -4.056
33.81, 0.6190, -4.726
33.82, 0.6180, -3.768
33.83, 0.6170, -3.355
33.84, 0.6160, -5.704
33.85, 0.6150, -4.082
33.86, 0.6140, -4.058
33.87, 0.6130, -4.808
33.88, 0.6120, -3.959
33.89, 0.6110, -4.269
33.90, 0.6100, -5.534
33.91, 0.6090, -5.325
33.92, 0.6080, -5.279
33.93, 0.6070, -4.810
33.94, 0.6060, -3.696
33.95, 0.6050, -4.491
33.96, 0.6040, -4.497
33.97, 0.6030, -3.255
33.98, 0.6020, -4.555
33.99, 0.6010, -4.228
34.00, 0.6000, -5.953
34.01, 0.5990, -5.672
34.02, 0.5980, -5.269
34.03, 0.5970, -4.830
34.04, 0.5960, -3.933
34.05, 0.5950, -6.492
34.06, 0.5940, -4.939
34.07, 0.5930, -3.881
34.08, 0.5920, -4.610
34.09, 0.5910, -4.481
34.10, 0.5900, -3.732
34.11, 0.5890, -4.963
34.12, 0.5880, -5.196
34.13, 0.5870, -4.283
34.14, 0.5860, -4.721
34.15, 0.5850, -4.118
34.16, 0.5840, -5.026
34.17, 0.5830, -4.960
34.18, 0.5820, -5.361
34.19, 0.5810, -5.975
34.20, 0.5800, -5.001
34.21, 0.5790, -5.468
34.22, 0.5780, -5.036
34.23, 0.5770, -4.985
34.24, 0.5760, -6.388
34.25, 0.5750, -6.547
34.26, 0.5740, -3.683
34.27, 0.5730, -4.237
34.28, 0.5720, -6.156
34.29, 0.5710, -4.920
34.30, 0.5700, -5.337
34.31, 0.5690, -5.728
34.32, 0.5680, -5.520
34.33, 0.5670, -5.276
34.34, 0.5660, -3.765
34.35, 0.5650, -4.670
34.36, 0.5640, -6.041
34.37, 0.5630, -4.116
34.38, 0.5620, -5.287
34.39, 0.5610, -4.399
34.40, 0.5600, -4.605
34.41, 0.5590, -4.612
34.42, 0.5580, -5.239
34.43, 0.5570, -4.261
34.44, 0.5560, -4.897
34.45, 0.5550, -4.019
34.46, 0.5540, -4.224
34.47, 0.5530, -4.956
34.48, 0.5520, -4.003
34.49, 0.5510, -6.154
34.50, 0.5500, -5.356
34.51, 0.5490, -6.263
34.52, 0.5480, -5.932
34.53, 0.5470, -4.078
34.54, 0.5460, -4.609
34.55, 0.5450, -4.659
34.56, 0.5440, -5.534
34.57, 0.5430, -4.664
34.58, 0.5420, -6.446
34.59, 0.5410, -4.251
34.60, 0.5400, -6.405
34.61, 0.5390, -4.031
34.62, 0.5380, -4.476
34.63, 0.5370, -3.955
34.64, 0.5360, -4.388
34.65, 0.5350, -4.386
34.66, 0.5340, -5.762
34.67, 0.5330, -5.039
34.68, 0.5320, -5.383
34.69, 0.5310, -4.493
34.70, 0.5300, -5.918
34.71, 0.5290, -4.796
34.72, 0.5280, -4.281
34.73, 0.5270, -5.119
34.74, 0.5260, -6.022
34.75, 0.5250, -6.337
34.76, 0.5240, -4.991
34.77, 0.5230, -4.409
34.78, 0.5220, -4.250
34.79, 0.5210, -4.901
34.80, 0.5200, -5.726
34.81, 0.5190, -3.897
34.82, 0.5180, -6.179
34.83, 0.5170, -5.058
34.84, 0.5160, -3.531
34.85, 0.5150, -4.031
34.86, 0.5140, -5.264
34.87, 0.5130, -5.801
34.88, 0.5120, -4.001
34.89, 0.5110, -5.214
34.90, 0.5100, -3.726
34.91, 0.5090, -3.630
34.92, 0.5080, -3.566
34.93, 0.5070, -6.890
34.94, 0.5060, -5.813
34.95, 0.5050, -6.792
34.96, 0.5040, -4.771
34.97, 0.5030, -4.561
34.98, 0.5020, -6.294
34.99, 0.5010, -4.699
35.00, 0.5000, -3.904
35.01, 0.4990, -5.663
35.02, 0.4980, -4.530
35.03, 0.4970, -5.195
35.04, 0.4960, -5.566
35.05, 0.4950, -4.391
35.06, 0.4940, -4.767
35.07, 0.4930, -3.597
35.08, 0.4920, -6.757
35.09, 0.4910, -5.871
35.10, 0.4900, -4.238
35.11, 0.4890, -4.965
35.12, 0.4880, -3.975
35.13, 0.4870, -2.637
35.14, 0.4860, -3.611
35.15, 0.4850, -6.303
35.16, 0.4840, -5.303
35.17, 0.4830, -6.759
35.18, 0.4820, -4.441
35.19, 0.4810, -5.112
35.20, 0.4800, -4.681
35.21, 0.4790, -5.371
35.22, 0.4780, -4.397
35.23, 0.4770, -4.363
35.24, 0.4760, -4.276
35.25, 0.4750, -4.294
35.26, 0.4740, -6.302
35.27, 0.4730, -6.099
35.28, 0.4720, -4.950
35.29, 0.4710, -6.190
35.30, 0.4700, -4.445
35.31, 0.4690, -5.556
35.32, 0.4680, -4.552
35.33, 0.4670, -4.852
35.34, 0.4660, -5.150
35.35, 0.4650, -5.174
35.36, 0.4640, -5.580
35.37, 0.4630, -3.691
35.38, 0.4620, -4.096
35.39, 0.4610, -5.451
35.40, 0.4600, -5.999
35.41, 0.4590, -5.415
35.42, 0.4580, -4.863
35.43, 0.4570, -5.088
35.44, 0.4560, -4.452
35.45, 0.4550, -4.068
35.46, 0.4540, -4.511
35.47, 0.4530, -5.155
35.48, 0.4520, -3.869
35.49, 0.4510, -4.434
35.50, 0.4500, -4.307
35.51, 0.4490, -5.481
35.52, 0.4480, -5.608
35.53, 0.4470, -6.441
35.54, 0.4460, -5.373
35.55, 0.4450, -5.183
35.56, 0.4440, -5.621
35.57, 0.4430, -4.075
35.58, 0.4420, -4.643
35.59, 0.4410, -5.791
35.60, 0.4400, -4.874
35.61, 0.4390, -5.138
35.62, 0.4380, -3.815
35.63, 0.4370, -4.073
35.64, 0.4360, -5.325
35.65, 0.4350, -4.543
35.66, 0.4340, -5.091
35.67, 0.4330, -3.973
35.68, 0.4320, -6.175
35.69, 0.4310, -5.238
35.70, 0.4300, -4.376
35.71, 0.4290, -4.948
35.72, 0.4280, -5.888
35.73, 0.4270, -4.622
35.74, 0.4260, -5.268
35.75, 0.4250, -5.477
35.76, 0.4240, -5.343
35.77, 0.4230, -6.660
35.78, 0.4220, -4.482
35.79, 0.4210, -4.378
35.80, 0.4200, -4.613
35.81, 0.4190, -4.144
35.82, 0.4180, -4.184
35.83, 0.4170, -3.655
35.84, 0.4160, -6.647
35.85, 0.4150, -5.634
35.86, 0.4140, -3.763
35.87, 0.4130, -5.870
35.88, 0.4120, -4.428
35.89, 0.4110, -3.853
35.90, 0.4100, -6.251
35.91, 0.4090, -3.641
35.92, 0.4080, -4.581
35.93, 0.4070, -6.216
35.94, 0.4060, -6.686
35.95, 0.4050, -6.686
35.96, 0.4040, -4.255
35.97, 0.4030, -5.639
35.98, 0.4020, -5.395
35.99, 0.4010, -3.199
36.00, 0.4000, -3.890
36.01, 0.3990, -5.756
36.02, 0.3980, -4.165
36.03, 0.3970, -7.227
36.04, 0.3960, -5.373
36.05, 0.3950, -6.493
36.06, 0.3940, -5.310
36.07, 0.3930, -7.071
36.08, 0.3920, -4.825
36.09, 0.3910, -4.995
36.10, 0.3900, -6.471
36.11, 0.3890, -5.464
36.12, 0.3880, -3.418
36.13, 0.3870, -5.954
36.14, 0.3860, -3.009
36.15, 0.3850, -3.904
36.16, 0.3840, -5.581
36.17, 0.3830, -5.160
36.18, 0.3820, -6.048
36.19, 0.3810, -4.169
36.20, 0.3800, -4.488
36.21, 0.3790, -6.486
36.22, 0.3780, -3.923
36.23, 0.3770, -4.091
36.24, 0.3760, -4.201
36.25, 0.3750, -7.124
36.26, 0.3740, -5.677
36.27, 0.3730, -4.895
36.28, 0.3720, -5.670
36.29, 0.3710, -5.250
36.30, 0.3700, -6.087
36.31, 0.3690, -4.563
36.32, 0.3680, -4.437
36.33, 0.3670, -3.523
36.34, 0.3660, -3.661
36.35, 0.3650, -3.605
36.36, 0.3640, -4.899
36.37, 0.3630, -3.626
36.38, 0.3620, -4.350
36.39, 0.3610, -4.325
36.40, 0.3600, -4.065
36.41, 0.3590, -7.163
36.42, 0.3580, -4.565
36.43, 0.3570, -5.202
36.44, 0.3560, -4.230
36.45, 0.3550, -4.415
36.46, 0.3540, -5.296
36.47, 0.3530, -5.471
36.48, 0.3520, -5.481
36.49, 0.3510, -4.948
36.50, 0.3500, -4.211
36.51, 0.3490, -7.673
36.52, 0.3480, -6.808
36.53, 0.3470, -3.390
36.54, 0.3460, -7.334
36.55, 0.3450, -4.871
36.56, 0.3440, -4.178
36.57, 0.3430, -4.914
36.58, 0.3420, -4.953
36.59, 0.3410, -6.492
36.60, 0.3400, -5.221
36.61, 0.3390, -3.961
36.62, 0.3380, -4.363
36.63, 0.3370, -6.571
36.64, 0.3360, -4.018
36.65, 0.3350, -4.587
36.66, 0.3340, -3.259
36.67, 0.3330, -5.403
36.68, 0.3320, -4.552
36.69, 0.3310, -6.886
36.70, 0.3300, -3.975
36.71, 0.3290, -4.134
36.72, 0.3280, -3.253
36.73, 0.3270, -5.884
36.74, 0.3260, -6.482
36.75, 0.3250, -4.108
36.76, 0.3240, -6.261
36.77, 0.3230, -3.950
36.78, 0.3220, -5.096
36.79, 0.3210, -4.239
36.80, 0.3200, -5.835
36.81, 0.3190, -6.303
36.82, 0.3180, -5.425
36.83, 0.3170, -4.952
36.84, 0.3160, -3.958
36.85, 0.3150, -3.290
36.86, 0.3140, -4.805
36.87, 0.3130, -4.508
36.88, 0.3120, -6.379
36.89, 0.3110, -5.997
36.90, 0.3100, -4.739
36.91, 0.3090, -5.414
36.92, 0.3080, -3.961
36.93, 0.3070, -7.937
36.94, 0.3060, -4.354
36.95, 0.3050, -4.166
36.96, 0.3040, -4.116
36.97, 0.3030, -4.208
36.98, 0.3020, -4.065
36.99, 0.3010, -7.111
37.00, 0.3000, -6.219
37.01, 0.2990, -4.567
37.02, 0.2980, -4.437
37.03, 0.2970, -5.316
37.04, 0.2960, -5.563
37.05, 0.2950, -5.362
37.06, 0.2940, -3.906
37.07, 0.2930, -6.540
37.08, 0.2920, -5.917
37.09, 0.2910, -5.700
37.10, 0.2900, -6.448
37.11, 0.2890, -5.225
37.12, 0.2880, -5.413
37.13, 0.2870, -4.081
37.14, 0.2860, -4.101
37.15, 0.2850, -4.658
37.16, 0.2840, -6.263
37.17, 0.2830, -5.742
37.18, 0.2820, -4.441
37.19, 0.2810, -6.040
37.20, 0.2800, -3.384
37.21, 0.2790, -4.011
37.22, 0.2780, -6.680
37.23, 0.2770, -5.088
37.24, 0.2760, -5.646
37.25, 0.2750, -5.090
37.26, 0.2740, -4.159
37.27, 0.2730, -5.130
37.28, 0.2720, -5.958
37.29, 0.2710, -5.495
37.30, 0.2700, -5.092
37.31, 0.2690, -6.675
37.32, 0.2680, -4.201
37.33, 0.2670, -4.404
37.34, 0.2660, -5.358
37.35, 0.2650, -5.103
37.36, 0.2640, -6.235
37.37, 0.2630, -5.257
37.38, 0.2620, -5.623
37.39, 0.2610, -6.356
37.40, 0.2600, -4.927
37.41, 0.2590, -6.839
37.42, 0.2580, -6.629
37.43, 0.2570, -4.528
37.44, 0.2560, -3.944
37.45, 0.2550, -4.850
37.46, 0.2540, -3.067
37.47, 0.2530, -7.038
37.48, 0.2520, -4.681
37.49, 0.2510, -6.213
37.50, 0.2500, -4.604
37.51, 0.2490, -3.590
37.52, 0.2480, -4.662
37.53, 0.2470, -4.333
37.54, 0.2460, -4.871
37.55, 0.2450, -3.882
37.56, 0.2440, -5.181
37.57, 0.2430, -6.510
37.58, 0.2420, -7.189
37.59, 0.2410, -5.240
37.60, 0.2400, -6.515
37.61, 0.2390, -4.599
37.62, 0.2380, -5.367
37.63, 0.2370, -5.268
37.64, 0.2360, -4.378
37.65, 0.2350, -4.656
37.66, 0.2340, -4.568
37.67, 0.2330, -5.411
37.68, 0.2320, -5.522
37.69, 0.2310, -5.454
37.70, 0.2300, -6.112
37.71, 0.2290, -5.581
37.72, 0.2280, -6.033
37.73, 0.2270, -6.488
37.74, 0.2260, -5.787
37.75, 0.2250, -4.710
37.76, 0.2240, -3.705
37.77, 0.2230, -5.367
37.78, 0.2220, -5.132
37.79, 0.2210, -5.123
37.80, 0.2200, -5.272
37.81, 0.2190, -4.494
37.82, 0.2180, -4.978
37.83, 0.2170, -4.402
37.84, 0.2160, -5.121
37.85, 0.2150, -4.314
37.86, 0.2140, -4.984
37.87, 0.2130, -4.858
37.88, 0.2120, -4.091
37.89, 0.2110, -4.607
37.90, 0.2100, -5.241
37.91, 0.2090, -7.667
37.92, 0.2080, -4.246
37.93, 0.2070, -5.875
37.94, 0.2060, -3.537
37.95, 0.2050, -6.287
37.96, 0.2040, -5.211
37.97, 0.2030, -6.236
37.98, 0.2020, -5.174
37.99, 0.2010, -5.644
38.00, 0.2000, -4.435
38.01, 0.1990, -4.546
38.02, 0.1980, -3.815
38.03, 0.1970, -5.862
38.04, 0.1960, -6.354
38.05, 0.1950, -4.041
38.06, 0.1940, -3.682
38.07, 0.1930, -3.929
38.08, 0.1920, -4.242
38.09, 0.1910, -4.466
38.10, 0.1900, -5.277
38.11, 0.1890, -7.623
38.12, 0.1880, -5.863
38.13, 0.1870, -6.641
38.14, 0.1860, -5.802
38.15, 0.1850, -5.713
38.16, 0.1840, -5.181
38.17, 0.1830, -5.049
38.18, 0.1820, -5.111
38.19, 0.1810, -4.525
38.20, 0.1800, -5.851
38.21, 0.1790, -4.675
38.22, 0.1780, -4.845
38.23, 0.1770, -7.385
38.24, 0.1760, -4.205
38.25, 0.1750, -4.564
38.26, 0.1740, -5.498
38.27, 0.1730, -6.379
38.28, 0.1720, -5.969
38.29, 0.1710, -4.663
38.30, 0.1700, -4.642
38.31, 0.1690, -6.757
38.32, 0.1680, -4.130
38.33, 0.1670, -6.086
38.34, 0.1660, -5.116
38.35, 0.1650, -4.241
38.36, 0.1640, -5.413
38.37, 0.1630, -6.121
38.38, 0.1620, -6.140
38.39, 0.1610, -4.979
38.40, 0.1600, -4.525
38.41, 0.1590, -5.196
38.42, 0.1580, -6.055
38.43, 0.1570, -3.945
38.44, 0.1560, -4.732
38.45, 0.1550, -4.754
38.46, 0.1540, -5.222
38.47, 0.1530, -4.541
38.48, 0.1520, -6.928
38.49, 0.1510, -5.744
38.50, 0.1500, -4.974
38.51, 0.1490, -6.262
38.52, 0.1480, -3.900
38.53, 0.1470, -6.081
38.54, 0.1460, -5.951
38.55, 0.1450, -4.888
38.56, 0.1440, -5.518
38.57, 0.1430, -6.117
38.58, 0.1420, -5.913
38.59, 0.1410, -5.974
38.60, 0.1400, -6.608
38.61, 0.1390, -4.387
38.62, 0.1380, -5.011
38.63, 0.1370, -4.795
38.64, 0.1360, -4.946
38.65, 0.1350, -6.931
38.66, 0.1340, -4.069
38.67, 0.1330, -6.052
38.68, 0.1320, -4.349
38.69, 0.1310, -4.519
38.70, 0.1300, -4.900
38.71, 0.1290, -6.189
38.72, 0.1280, -5.011
38.73, 0.1270, -5.582
38.74, 0.1260, -6.497
38.75, 0.1250, -5.539
38.76, 0.1240, -5.385
38.77, 0.1230, -4.623
38.78, 0.1220, -4.668
38.79, 0.1210, -4.691
38.80, 0.1200, -5.596
38.81, 0.1190, -4.299
38.82, 0.1180, -5.622
38.83, 0.1170, -5.255
38.84, 0.1160, -5.037
38.85, 0.1150, -5.460
38.86, 0.1140, -6.170
38.87, 0.1130, -6.177
38.88, 0.1120, -4.646
38.89, 0.1110, -5.278
38.90, 0.1100, -4.898
38.91, 0.1090, -5.933
38.92, 0.1080, -4.061
38.93, 0.1070, -4.253
38.94, 0.1060, -5.308
38.95, 0.1050, -4.116
38.96, 0.1040, -6.403
38.97, 0.1030, -5.438
38.98, 0.1020, -4.887
38.99, 0.1010, -6.081
39.00, 0.1000, -5.038
39.01, 0.09900, -5.514
39.02, 0.09800, -4.826
39.03, 0.09700, -6.939
39.04, 0.09600, -6.206
39.05, 0.09500, -5.192
39.06, 0.09400, -5.058
39.07, 0.09300, -5.170
39.08, 0.09200, -7.284
39.09, 0.09100, -6.385
39.10, 0.09000, -6.814
39.11, 0.08900, -6.586
39.12, 0.08800, -6.294
39.13, 0.08700, -6.879
39.14, 0.08600, -5.151
39.15, 0.08500, -4.394
39.16, 0.08400, -5.143
39.17, 0.08300, -5.092
39.18, 0.08200, -5.405
39.19, 0.08100, -4.602
39.20, 0.08000, -4.993
39.21, 0.07900, -5.071
39.22, 0.07800, -4.574
39.23, 0.07700, -6.621
39.24, 0.07600, -5.052
39.25, 0.07500, -5.224
39.26, 0.07400, -3.836
39.27, 0.07300, -5.470
39.28, 0.07200, -5.410
39.29, 0.07100, -5.817
39.30, 0.07000, -6.194
39.31, 0.06900, -5.474
39.32, 0.06800, -6.717
39.33, 0.06700, -4.813
39.34, 0.06600, -5.402
39.35, 0.06500, -5.238
39.36, 0.06400, -5.438
39.37, 0.06300, -4.786
39.38, 0.06200, -7.092
39.39, 0.06100, -7.378
39.40, 0.06000, -4.891
39.41, 0.05900, -6.724
39.42, 0.05800, -5.464
39.43, 0.05700, -4.594
39.44, 0.05600, -5.102
39.45, 0.05500, -6.730
39.46, 0.05400, -5.367
39.47, 0.05300, -7.594
39.48, 0.05200, -7.003
39.49, 0.05100, -6.038
39.50, 0.05000, -6.511
39.51, 0.04900, -5.688
39.52, 0.04800, -6.228
39.53, 0.04700, -5.594
39.54, 0.04600, -4.967
39.55, 0.04500, -4.453
39.56, 0.04400, -6.007
39.57, 0.04300, -5.287
39.58, 0.04200, -4.721
39.59, 0.04100, -5.015
39.60, 0.04000, -5.124
39.61, 0.03900, -4.586
39.62, 0.03800, -4.265
39.63, 0.03700, -5.294
39.64, 0.03600, -5.463
39.65, 0.03500, -5.766
39.66, 0.03400, -5.108
39.67, 0.03300, -5.204
39.68, 0.03200, -4.703
39.69, 0.03100, -4.283
39.70, 0.03000, -6.071
39.71, 0.02900, -6.022
39.72, 0.02800, -5.058
39.73, 0.02700, -6.563
39.74, 0.02600, -6.801
39.75, 0.02500, -4.821
39.76, 0.02400, -4.249
39.77, 0.02300, -4.952
39.78, 0.02200, -5.235
39.79, 0.02100, -4.908
39.80, 0.02000, -5.023
39.81, 0.01900, -4.873
39.82, 0.01800, -4.061
39.83, 0.01700, -6.060
39.84, 0.01600, -4.307
39.85, 0.01500, -6.522
39.86, 0.01400, -6.289
39.87, 0.01300, -5.823
39.88, 0.01200, -6.301
39.89, 0.01100, -5.060
39.90, 0.01000, -5.772
39.91, 0.009000, -5.726
39.92, 0.008000, -6.319
39.93, 0.007000, -6.153
39.94, 0.006000, -5.449
39.95, 0.005000, -6.174
39.96, 0.004000, -4.631
39.97, 0.003000, -5.385
39.98, 0.002000, -4.880
39.99, 0.001000, -6.031
40.00, 0.000, -5.640
