0.01000, 0.001000, 0.7121
0.02000, 0.002000, -1.698
0.03000, 0.003000, -3.753
0.04000, 0.004000, -3.731
0.05000, 0.005000, -5.749
0.06000, 0.006000, -5.553
0.07000, 0.007000, -6.698
0.08000, 0.008000, -6.095
0.09000, 0.009000, -4.802
0.1000, 0.01000, -5.095
0.1100, 0.01100, -4.403
0.1200, 0.01200, -5.034
0.1300, 0.01300, -4.423
0.1400, 0.01400, -6.211
0.1500, 0.01500, -4.517
0.1600, 0.01600, -4.946
0.1700, 0.01700, -6.165
0.1800, 0.01800, -6.348
0.1900, 0.01900, -4.707
0.2000, 0.02000, -4.944
0.2100, 0.02100, -4.448
0.2200, 0.02200, -4.134
0.2300, 0.02300, -4.314
0.2400, 0.02400, -2.213
0.2500, 0.02500, -4.183
0.2600, 0.02600, -3.727
0.2700, 0.02700, -4.916
0.2800, 0.02800, -5.442
0.2900, 0.02900, -5.809
0.3000, 0.03000, -4.741
0.3100, 0.03100, -4.536
0.3200, 0.03200, -4.608
0.3300, 0.03300, -4.928
0.3400, 0.03400, -4.618
0.3500, 0.03500, -4.214
0.3600, 0.03600, -4.335
0.3700, 0.03700, -4.346
0.3800, 0.03800, -3.817
0.3900, 0.03900, -5.252
0.4000, 0.04000, -5.346
0.4100, 0.04100, -4.803
0.4200, 0.04200, -5.316
0.4300, 0.04300, -4.476
0.4400, 0.04400, -4.583
0.4500, 0.04500, -4.292
0.4600, 0.04600, -4.033
0.4700, 0.04700, -2.685
0.4800, 0.04800, -5.286
0.4900, 0.04900, -4.956
0.5000, 0.05000, -4.644
0.5100, 0.05100, -3.894
0.5200, 0.05200, -4.213
0.5300, 0.05300, -4.742
0.5400, 0.05400, -3.901
0.5500, 0.05500, -2.713
0.5600, 0.05600, -5.734
0.5700, 0.05700, -5.257
0.5800, 0.05800, -4.489
0.5900, 0.05900, -4.917
0.6000, 0.06000, -4.145
0.6100, 0.06100, -4.713
0.6200, 0.06200, -3.872
0.6300, 0.06300, -5.118
0.6400, 0.06400, -4.851
0.6500, 0.06500, -4.896
0.6600, 0.06600, -4.273
0.6700, 0.06700, -5.007
0.6800, 0.06800, -4.306
0.6900, 0.06900, -4.728
0.7000, 0.07000, -4.513
0.7100, 0.07100, -4.513
0.7200, 0.07200, -5.210
0.7300, 0.07300, -5.032
0.7400, 0.07400, -3.998
0.7500, 0.07500, -4.301
0.7600, 0.07600, -2.920
0.7700, 0.07700, -3.977
0.7800, 0.07800, -3.470
0.7900, 0.07900, -4.596
0.8000, 0.08000, -3.746
0.8100, 0.08100, -3.965
0.8200, 0.08200, -3.069
0.8300, 0.08300, -4.523
0.8400, 0.08400, -2.604
0.8500, 0.08500, -1.848
0.8600, 0.08600, -5.290
0.8700, 0.08700, -5.808
0.8800, 0.08800, -5.269
0.8900, 0.08900, -4.796
0.9000, 0.09000, -5.220
0.9100, 0.09100, -5.326
0.9200, 0.09200, -6.374
0.9300, 0.09300, -5.314
0.9400, 0.09400, -5.623
0.9500, 0.09500, -5.053
0.9600, 0.09600, -5.753
0.9700, 0.09700, -5.584
0.9800, 0.09800, -4.978
0.9900, 0.09900, -4.961
1.000, 0.1000, -4.386
1.010, 0.1010, -4.588
1.020, 0.1020, -3.853
1.030, 0.1030, -1.873
1.040, 0.1040, -2.909
1.050, 0.1050, -4.704
1.060, 0.1060, -4.146
1.070, 0.1070, -4.086
1.080, 0.1080, -4.219
1.090, 0.1090, -4.166
1.100, 0.1100, -4.232
1.110, 0.1110, -4.988
1.120, 0.1120, -4.751
1.130, 0.1130, -4.431
1.140, 0.1140, -3.582
1.150, 0.1150, -4.477
1.160, 0.1160, -4.186
1.170, 0.1170, -4.588
1.180, 0.1180, -6.701
1.190, 0.1190, -3.300
1.200, 0.1200, -3.783
1.210, 0.1210, -5.585
1.220, 0.1220, -4.994
1.230, 0.1230, -5.014
1.240, 0.1240, -5.370
1.250, 0.1250, -5.423
1.260, 0.1260, -5.244
1.270, 0.1270, -4.878
1.280, 0.1280, -4.841
1.290, 0.1290, -4.246
1.300, 0.1300, -4.361
1.310, 0.1310, -4.737
1.320, 0.1320, -4.624
1.330, 0.1330, -4.645
1.340, 0.1340, -4.930
1.350, 0.1350, -3.210
1.360, 0.1360, -3.566
1.370, 0.1370, -4.436
1.380, 0.1380, -4.268
1.390, 0.1390, -4.272
1.400, 0.1400, -2.062
1.410, 0.1410, -0.4869
1.420, 0.1420, -5.187
1.430, 0.1430, -3.206
1.440, 0.1440, -2.388
1.450, 0.1450, -2.289
1.460, 0.1460, -3.772
1.470, 0.1470, -3.000
1.480, 0.1480, -5.374
1.490, 0.1490, -4.578
1.500, 0.1500, -4.826
1.510, 0.1510, -2.012
1.520, 0.1520, -3.343
1.530, 0.1530, -3.710
1.540, 0.1540, -2.169
1.550, 0.1550, -3.673
1.560, 0.1560, -4.366
1.570, 0.1570, -3.857
1.580, 0.1580, -4.292
1.590, 0.1590, -4.543
1.600, 0.1600, -4.048
1.610, 0.1610, -4.668
1.620, 0.1620, -1.141
1.630, 0.1630, -4.216
1.640, 0.1640, -3.989
1.650, 0.1650, -3.729
1.660, 0.1660, -3.774
1.670, 0.1670, -2.685
1.680, 0.1680, -2.829
1.690, 0.1690, -1.552
1.700, 0.1700, -3.948
1.710, 0.1710, -4.523
1.720, 0.1720, -3.753
1.730, 0.1730, -1.944
1.740, 0.1740, -2.000
1.750, 0.1750, -3.361
1.760, 0.1760, -2.795
1.770, 0.1770, 0.3800
1.780, 0.1780, -4.146
1.790, 0.1790, -3.217
1.800, 0.1800, -3.088
1.810, 0.1810, -2.748
1.820, 0.1820, -2.273
1.830, 0.1830, -3.207
1.840, 0.1840, -2.928
1.850, 0.1850, -2.577
1.860, 0.1860, -2.170
1.870, 0.1870, -2.349
1.880, 0.1880, -3.047
1.890, 0.1890, -3.497
1.900, 0.1900, -3.052
1.910, 0.1910, -3.380
1.920, 0.1920, -3.329
1.930, 0.1930, -3.389
1.940, 0.1940, -2.678
1.950, 0.1950, -3.016
1.960, 0.1960, -3.004
1.970, 0.1970, -3.268
1.980, 0.1980, -3.519
1.990, 0.1990, -3.534
2.000, 0.2000, -3.807
2.010, 0.2010, -3.540
2.020, 0.2020, -3.132
2.030, 0.2030, -2.738
2.040, 0.2040, -1.827
2.050, 0.2050, -3.824
2.060, 0.2060, -1.268
2.070, 0.2070, -1.833
2.080, 0.2080, -3.330
2.090, 0.2090, -2.224
2.100, 0.2100, -1.552
2.110, 0.2110, -3.743
2.120, 0.2120, -3.390
2.130, 0.2130, -1.768
2.140, 0.2140, -2.815
2.150, 0.2150, -2.834
2.160, 0.2160, -3.440
2.170, 0.2170, -3.142
2.180, 0.2180, -4.049
2.190, 0.2190, -3.384
2.200, 0.2200, -3.499
2.210, 0.2210, -2.808
2.220, 0.2220, -2.440
2.230, 0.2230, -1.715
2.240, 0.2240, -2.704
2.250, 0.2250, -2.966
2.260, 0.2260, -3.017
2.270, 0.2270, -2.725
2.280, 0.2280, -1.010
2.290, 0.2290, -1.747
2.300, 0.2300, -3.061
2.310, 0.2310, -3.854
2.320, 0.2320, -2.311
2.330, 0.2330, -2.468
2.340, 0.2340, -3.217
2.350, 0.2350, -2.025
2.360, 0.2360, -2.736
2.370, 0.2370, -1.240
2.380, 0.2380, -0.6764
2.390, 0.2390, -3.677
2.400, 0.2400, 0.06739
2.410, 0.2410, -1.280
2.420, 0.2420, -4.061
2.430, 0.2430, -3.907
2.440, 0.2440, -3.673
2.450, 0.2450, -2.805
2.460, 0.2460, -1.646
2.470, 0.2470, -3.410
2.480, 0.2480, -3.723
2.490, 0.2490, -2.874
2.500, 0.2500, -1.405
2.510, 0.2510, -5.083
2.520, 0.2520, -3.438
2.530, 0.2530, -3.310
2.540, 0.2540, -1.421
2.550, 0.2550, -3.953
2.560, 0.2560, -4.889
2.570, 0.2570, -4.406
2.580, 0.2580, -6.004
2.590, 0.2590, -4.642
2.600, 0.2600, -3.800
2.610, 0.2610, -3.294
2.620, 0.2620, -3.189
2.630, 0.2630, -4.045
2.640, 0.2640, -4.368
2.650, 0.2650, -1.563
2.660, 0.2660, -4.898
2.670, 0.2670, -3.699
2.680, 0.2680, -4.569
2.690, 0.2690, -4.362
2.700, 0.2700, -3.801
2.710, 0.2710, -4.706
2.720, 0.2720, -3.824
2.730, 0.2730, -5.211
2.740, 0.2740, -4.795
2.750, 0.2750, -4.017
2.760, 0.2760, -1.529
2.770, 0.2770, -4.720
2.780, 0.2780, -4.464
2.790, 0.2790, -4.318
2.800, 0.2800, -3.559
2.810, 0.2810, -3.451
2.820, 0.2820, -3.794
2.830, 0.2830, -3.253
2.840, 0.2840, -4.176
2.850, 0.2850, -5.057
2.860, 0.2860, -4.943
2.870, 0.2870, -4.256
2.880, 0.2880, -4.618
2.890, 0.2890, -4.017
2.900, 0.2900, -4.710
2.910, 0.2910, -4.519
2.920, 0.2920, -4.424
2.930, 0.2930, -4.579
2.940, 0.2940, -3.083
2.950, 0.2950, -4.059
2.960, 0.2960, -1.374
2.970, 0.2970, -5.291
2.980, 0.2980, -3.827
2.990, 0.2990, -4.040
3.000, 0.3000, -2.801
3.010, 0.3010, -5.399
3.020, 0.3020, -4.428
3.030, 0.3030, -4.276
3.040, 0.3040, -6.276
3.050, 0.3050, -5.064
3.060, 0.3060, -3.792
3.070, 0.3070, -3.481
3.080, 0.3080, -5.086
3.090, 0.3090, -4.450
3.100, 0.3100, -5.061
3.110, 0.3110, -4.496
3.120, 0.3120, -2.907
3.130, 0.3130, -4.782
3.140, 0.3140, -3.877
3.150, 0.3150, -4.404
3.160, 0.3160, -4.924
3.170, 0.3170, -3.128
3.180, 0.3180, -6.003
3.190, 0.3190, -4.300
3.200, 0.3200, -4.731
3.210, 0.3210, -3.875
3.220, 0.3220, -5.248
3.230, 0.3230, -4.620
3.240, 0.3240, -1.480
3.250, 0.3250, -5.248
3.260, 0.3260, -4.181
3.270, 0.3270, -4.618
3.280, 0.3280, -3.895
3.290, 0.3290, -4.963
3.300, 0.3300, -3.798
3.310, 0.3310, -4.703
3.320, 0.3320, -3.769
3.330, 0.3330, -3.842
3.340, 0.3340, -3.658
3.350, 0.3350, -5.553
3.360, 0.3360, -4.492
3.370, 0.3370, -3.347
3.380, 0.3380, -2.147
3.390, 0.3390, -7.203
3.400, 0.3400, -4.865
3.410, 0.3410, -3.729
3.420, 0.3420, -2.291
3.430, 0.3430, -4.569
3.440, 0.3440, -4.729
3.450, 0.3450, -4.536
3.460, 0.3460, -4.020
3.470, 0.3470, -5.107
3.480, 0.3480, -5.381
3.490, 0.3490, -3.853
3.500, 0.3500, -5.572
3.510, 0.3510, -4.975
3.520, 0.3520, -4.748
3.530, 0.3530, -5.614
3.540, 0.3540, -4.202
3.550, 0.3550, -5.074
3.560, 0.3560, -4.817
3.570, 0.3570, -4.452
3.580, 0.3580, -2.049
3.590, 0.3590, -5.036
3.600, 0.3600, -4.460
3.610, 0.3610, -5.130
3.620, 0.3620, -4.500
3.630, 0.3630, -1.536
3.640, 0.3640, -5.409
3.650, 0.3650, -4.063
3.660, 0.3660, -4.677
3.670, 0.3670, -3.546
3.680, 0.3680, -6.654
3.690, 0.3690, -4.936
3.700, 0.3700, -4.336
3.710, 0.3710, -3.759
3.720, 0.3720, -4.372
3.730, 0.3730, -3.365
3.740, 0.3740, -3.754
3.750, 0.3750, -4.014
3.760, 0.3760, -6.829
3.770, 0.3770, -4.538
3.780, 0.3780, -5.522
3.790, 0.3790, -2.008
3.800, 0.3800, -5.279
3.810, 0.3810, -4.877
3.820, 0.3820, -5.058
3.830, 0.3830, -3.305
3.840, 0.3840, -4.589
3.850, 0.3850, -4.378
3.860, 0.3860, -2.598
3.870, 0.3870, -2.452
3.880, 0.3880, -4.613
3.890, 0.3890, -3.984
3.900, 0.3900, -4.979
3.910, 0.3910, -4.992
3.920, 0.3920, -4.299
3.930, 0.3930, -5.144
3.940, 0.3940, -2.409
3.950, 0.3950, -5.214
3.960, 0.3960, -4.794
3.970, 0.3970, -4.451
3.980, 0.3980, -3.347
3.990, 0.3990, -1.050
4.000, 0.4000, -4.184
4.010, 0.4010, -5.491
4.020, 0.4020, -4.897
4.030, 0.4030, -3.701
4.040, 0.4040, -5.226
4.050, 0.4050, -4.242
4.060, 0.4060, -3.969
4.070, 0.4070, -2.921
4.080, 0.4080, -5.175
4.090, 0.4090, -4.936
4.100, 0.4100, -3.975
4.110, 0.4110, -5.122
4.120, 0.4120, -4.950
4.130, 0.4130, -3.489
4.140, 0.4140, -4.829
4.150, 0.4150, -4.133
4.160, 0.4160, -5.039
4.170, 0.4170, -4.416
4.180, 0.4180, -4.562
4.190, 0.4190, -4.765
4.200, 0.4200, -4.617
4.210, 0.4210, -4.452
4.220, 0.4220, -3.037
4.230, 0.4230, -4.990
4.240, 0.4240, -5.711
4.250, 0.4250, -5.037
4.260, 0.4260, -4.699
4.270, 0.4270, -5.933
4.280, 0.4280, -4.443
4.290, 0.4290, -3.806
4.300, 0.4300, -4.814
4.310, 0.4310, -5.786
4.320, 0.4320, -4.822
4.330, 0.4330, -3.827
4.340, 0.4340, -4.947
4.350, 0.4350, -4.275
4.360, 0.4360, -2.151
4.370, 0.4370, -4.298
4.380, 0.4380, -3.422
4.390, 0.4390, -6.003
4.400, 0.4400, -4.719
4.410, 0.4410, -4.699
4.420, 0.4420, -5.238
4.430, 0.4430, -3.596
4.440, 0.4440, -5.242
4.450, 0.4450, -5.913
4.460, 0.4460, -4.626
4.470, 0.4470, -5.013
4.480, 0.4480, -4.522
4.490, 0.4490, -4.034
4.500, 0.4500, -4.773
4.510, 0.4510, -4.041
4.520, 0.4520, -0.3851
4.530, 0.4530, -5.037
4.540, 0.4540, -4.249
4.550, 0.4550, -3.690
4.560, 0.4560, -4.856
4.570, 0.4570, -4.667
4.580, 0.4580, -4.051
4.590, 0.4590, -5.796
4.600, 0.4600, -3.860
4.610, 0.4610, -5.147
4.620, 0.4620, -2.815
4.630, 0.4630, -4.898
4.640, 0.4640, -2.096
4.650, 0.4650, -5.128
4.660, 0.4660, -4.395
4.670, 0.4670, -4.828
4.680, 0.4680, -5.198
4.690, 0.4690, -4.575
4.700, 0.4700, -4.977
4.710, 0.4710, -4.310
4.720, 0.4720, -5.925
4.730, 0.4730, -5.155
4.740, 0.4740, -3.192
4.750, 0.4750, -5.108
4.760, 0.4760, -4.490
4.770, 0.4770, -3.186
4.780, 0.4780, -4.452
4.790, 0.4790, -3.796
4.800, 0.4800, -4.211
4.810, 0.4810, -4.867
4.820, 0.4820, -4.746
4.830, 0.4830, -3.767
4.840, 0.4840, -5.191
4.850, 0.4850, -4.898
4.860, 0.4860, -5.082
4.870, 0.4870, -4.486
4.880, 0.4880, -4.709
4.890, 0.4890, -4.471
4.900, 0.4900, -4.740
4.910, 0.4910, -1.840
4.920, 0.4920, -4.898
4.930, 0.4930, -4.957
4.940, 0.4940, -4.242
4.950, 0.4950, -5.388
4.960, 0.4960, -4.881
4.970, 0.4970, -3.950
4.980, 0.4980, -5.671
4.990, 0.4990, -4.326
5.000, 0.5000, -5.639
5.010, 0.5010, -4.447
5.020, 0.5020, -5.314
5.030, 0.5030, -3.628
5.040, 0.5040, -3.762
5.050, 0.5050, -4.367
5.060, 0.5060, -4.413
5.070, 0.5070, -4.948
5.080, 0.5080, -4.793
5.090, 0.5090, -5.491
5.100, 0.5100, -5.335
5.110, 0.5110, -3.917
5.120, 0.5120, -4.447
5.130, 0.5130, -4.567
5.140, 0.5140, -3.577
5.150, 0.5150, -6.145
5.160, 0.5160, -4.914
5.170, 0.5170, -4.745
5.180, 0.5180, -4.613
5.190, 0.5190, -4.785
5.200, 0.5200, -2.385
5.210, 0.5210, -6.219
5.220, 0.5220, -4.956
5.230, 0.5230, -4.713
5.240, 0.5240, -6.583
5.250, 0.5250, -4.455
5.260, 0.5260, -4.651
5.270, 0.5270, -4.864
5.280, 0.5280, -2.508
5.290, 0.5290, -4.653
5.300, 0.5300, -4.573
5.310, 0.5310, -4.361
5.320, 0.5320, -4.508
5.330, 0.5330, -4.314
5.340, 0.5340, -4.202
5.350, 0.5350, -4.349
5.360, 0.5360, -3.988
5.370, 0.5370, -4.553
5.380, 0.5380, -4.507
5.390, 0.5390, -4.329
5.400, 0.5400, -5.210
5.410, 0.5410, -4.322
5.420, 0.5420, -1.992
5.430, 0.5430, -5.024
5.440, 0.5440, -3.753
5.450, 0.5450, -4.597
5.460, 0.5460, -4.166
5.470, 0.5470, -3.568
5.480, 0.5480, -4.519
5.490, 0.5490, -4.019
5.500, 0.5500, -5.706
5.510, 0.5510, -4.599
5.520, 0.5520, -3.113
5.530, 0.5530, -4.863
5.540, 0.5540, -4.745
5.550, 0.5550, -3.107
5.560, 0.5560, -5.530
5.570, 0.5570, -4.441
5.580, 0.5580, -1.976
5.590, 0.5590, -4.810
5.600, 0.5600, -4.663
5.610, 0.5610, -3.101
5.620, 0.5620, -4.583
5.630, 0.5630, -4.448
5.640, 0.5640, -5.719
5.650, 0.5650, -4.447
5.660, 0.5660, -5.191
5.670, 0.5670, -4.764
5.680, 0.5680, -4.082
5.690, 0.5690, -4.939
5.700, 0.5700, -3.047
5.710, 0.5710, -5.550
5.720, 0.5720, -4.662
5.730, 0.5730, -4.017
5.740, 0.5740, -4.805
5.750, 0.5750, -4.460
5.760, 0.5760, -2.813
5.770, 0.5770, -4.467
5.780, 0.5780, -5.059
5.790, 0.5790, -3.933
5.800, 0.5800, -3.893
5.810, 0.5810, -4.729
5.820, 0.5820, -4.264
5.830, 0.5830, -5.388
5.840, 0.5840, -4.516
5.850, 0.5850, -2.876
5.860, 0.5860, -4.960
5.870, 0.5870, -4.648
5.880, 0.5880, -5.138
5.890, 0.5890, -4.562
5.900, 0.5900, -2.602
5.910, 0.5910, -5.660
5.920, 0.5920, -6.004
5.930, 0.5930, -4.542
5.940, 0.5940, -4.684
5.950, 0.5950, -3.216
5.960, 0.5960, -3.482
5.970, 0.5970, -4.997
5.980, 0.5980, -3.935
5.990, 0.5990, -5.316
6.000, 0.6000, -5.364
6.010, 0.6010, -2.260
6.020, 0.6020, -5.056
6.030, 0.6030, -4.070
6.040, 0.6040, -1.915
6.050, 0.6050, -4.722
6.060, 0.6060, -4.072
6.070, 0.6070, -2.686
6.080, 0.6080, -4.301
6.090, 0.6090, -5.220
6.100, 0.6100, -4.089
6.110, 0.6110, -2.578
6.120, 0.6120, -4.756
6.130, 0.6130, -3.251
6.140, 0.6140, -4.949
6.150, 0.6150, -4.438
6.160, 0.6160, -1.583
6.170, 0.6170, -4.048
6.180, 0.6180, -3.934
6.190, 0.6190, -5.024
6.200, 0.6200, -4.998
6.210, 0.6210, -4.067
6.220, 0.6220, -6.686
6.230, 0.6230, -4.558
6.240, 0.6240, -5.140
6.250, 0.6250, -4.320
6.260, 0.6260, -5.333
6.270, 0.6270, -1.962
6.280, 0.6280, -3.901
6.290, 0.6290, -4.933
6.300, 0.6300, -3.172
6.310, 0.6310, -4.844
6.320, 0.6320, -3.866
6.330, 0.6330, -4.810
6.340, 0.6340, -2.938
6.350, 0.6350, -4.568
6.360, 0.6360, -4.721
6.370, 0.6370, -4.006
6.380, 0.6380, -4.754
6.390, 0.6390, -5.412
6.400, 0.6400, -3.458
6.410, 0.6410, -5.214
6.420, 0.6420, -5.259
6.430, 0.6430, -5.501
6.440, 0.6440, -2.196
6.450, 0.6450, -4.672
6.460, 0.6460, -4.389
6.470, 0.6470, -4.156
6.480, 0.6480, -4.827
6.490, 0.6490, -4.937
6.500, 0.6500, -4.633
6.510, 0.6510, -4.500
6.520, 0.6520, -3.617
6.530, 0.6530, -3.400
6.540, 0.6540, -5.005
6.550, 0.6550, -4.692
6.560, 0.6560, -4.321
6.570, 0.6570, -3.732
6.580, 0.6580, -5.931
6.590, 0.6590, -4.734
6.600, 0.6600, -3.329
6.610, 0.6610, -5.081
6.620, 0.6620, -4.691
6.630, 0.6630, -3.904
6.640, 0.6640, -4.065
6.650, 0.6650, -4.808
6.660, 0.6660, -4.850
6.670, 0.6670, -3.220
6.680, 0.6680, -4.902
6.690, 0.6690, -5.319
6.700, 0.6700, -4.661
6.710, 0.6710, -4.538
6.720, 0.6720, -4.531
6.730, 0.6730, -4.298
6.740, 0.6740, -0.6963
6.750, 0.6750, -5.144
6.760, 0.6760, -4.772
6.770, 0.6770, -6.299
6.780, 0.6780, -4.376
6.790, 0.6790, -4.404
6.800, 0.6800, -4.804
6.810, 0.6810, -3.910
6.820, 0.6820, -5.037
6.830, 0.6830, -4.137
6.840, 0.6840, -4.829
6.850, 0.6850, -4.605
6.860, 0.6860, -3.866
6.870, 0.6870, -5.251
6.880, 0.6880, -5.248
6.890, 0.6890, -4.682
6.900, 0.6900, -3.865
6.910, 0.6910, -6.017
6.920, 0.6920, -4.320
6.930, 0.6930, -3.113
6.940, 0.6940, -4.562
6.950, 0.6950, -3.803
6.960, 0.6960, -5.005
6.970, 0.6970, -3.971
6.980, 0.6980, -4.020
6.990, 0.6990, -5.149
7.000, 0.7000, -2.546
7.010, 0.7010, -4.540
7.020, 0.7020, -3.344
7.030, 0.7030, -4.939
7.040, 0.7040, -4.930
7.050, 0.7050, -4.266
7.060, 0.7060, -4.638
7.070, 0.7070, -4.434
7.080, 0.7080, -4.614
7.090, 0.7090, -3.432
7.100, 0.7100, -4.513
7.110, 0.7110, -2.377
7.120, 0.7120, -4.890
7.130, 0.7130, -2.891
7.140, 0.7140, -3.919
7.150, 0.7150, -4.467
7.160, 0.7160, -4.880
7.170, 0.7170, -5.020
7.180, 0.7180, -4.527
7.190, 0.7190, -3.318
7.200, 0.7200, -4.733
7.210, 0.7210, -3.775
7.220, 0.7220, -3.902
7.230, 0.7230, -4.711
7.240, 0.7240, -1.867
7.250, 0.7250, -5.375
7.260, 0.7260, -4.728
7.270, 0.7270, -5.196
7.280, 0.7280, -4.537
7.290, 0.7290, -3.830
7.300, 0.7300, -4.700
7.310, 0.7310, -4.779
7.320, 0.7320, -4.615
7.330, 0.7330, -3.674
7.340, 0.7340, -3.059
7.350, 0.7350, -4.727
7.360, 0.7360, -4.059
7.370, 0.7370, -3.165
7.380, 0.7380, -2.843
7.390, 0.7390, -6.125
7.400, 0.7400, -4.410
7.410, 0.7410, -4.464
7.420, 0.7420, -4.589
7.430, 0.7430, -3.760
7.440, 0.7440, -4.377
7.450, 0.7450, -3.630
7.460, 0.7460, -4.581
7.470, 0.7470, -4.849
7.480, 0.7480, -5.209
7.490, 0.7490, -4.588
7.500, 0.7500, -3.434
7.510, 0.7510, -3.150
7.520, 0.7520, -4.236
7.530, 0.7530, -4.797
7.540, 0.7540, -3.931
7.550, 0.7550, -1.502
7.560, 0.7560, -4.691
7.570, 0.7570, -4.318
7.580, 0.7580, -4.363
7.590, 0.7590, -4.140
7.600, 0.7600, -4.055
7.610, 0.7610, -4.371
7.620, 0.7620, -4.684
7.630, 0.7630, -2.496
7.640, 0.7640, -5.096
7.650, 0.7650, -3.884
7.660, 0.7660, -2.394
7.670, 0.7670, -5.254
7.680, 0.7680, -4.217
7.690, 0.7690, -4.691
7.700, 0.7700, -4.507
7.710, 0.7710, -4.965
7.720, 0.7720, -4.157
7.730, 0.7730, -4.301
7.740, 0.7740, -1.193
7.750, 0.7750, -4.372
7.760, 0.7760, -5.347
7.770, 0.7770, -3.071
7.780, 0.7780, -5.145
7.790, 0.7790, -4.970
7.800, 0.7800, -3.286
7.810, 0.7810, -3.385
7.820, 0.7820, -4.059
7.830, 0.7830, -4.274
7.840, 0.7840, -4.555
7.850, 0.7850, -4.694
7.860, 0.7860, -3.580
7.870, 0.7870, -4.600
7.880, 0.7880, -4.770
7.890, 0.7890, -4.175
7.900, 0.7900, -4.609
7.910, 0.7910, -4.070
7.920, 0.7920, -2.652
7.930, 0.7930, -4.384
7.940, 0.7940, -4.500
7.950, 0.7950, -2.861
7.960, 0.7960, -4.713
7.970, 0.7970, -3.641
7.980, 0.7980, -6.124
7.990, 0.7990, -4.625
8.000, 0.8000, -4.185
8.010, 0.8010, -4.610
8.020, 0.8020, -4.056
8.030, 0.8030, -3.165
8.040, 0.8040, -4.749
8.050, 0.8050, -4.115
8.060, 0.8060, -5.197
8.070, 0.8070, -4.188
8.080, 0.8080, -4.624
8.090, 0.8090, -4.826
8.100, 0.8100, -3.882
8.110, 0.8110, -3.381
8.120, 0.8120, -4.984
8.130, 0.8130, -3.699
8.140, 0.8140, -5.485
8.150, 0.8150, -4.479
8.160, 0.8160, -4.201
8.170, 0.8170, -4.699
8.180, 0.8180, -4.891
8.190, 0.8190, -2.376
8.200, 0.8200, -4.813
8.210, 0.8210, -4.080
8.220, 0.8220, -5.399
8.230, 0.8230, -4.622
8.240, 0.8240, -3.543
8.250, 0.8250, -4.810
8.260, 0.8260, -4.350
8.270, 0.8270, -5.115
8.280, 0.8280, -2.519
8.290, 0.8290, -3.410
8.300, 0.8300, -3.957
8.310, 0.8310, -2.746
8.320, 0.8320, -4.810
8.330, 0.8330, -4.252
8.340, 0.8340, -3.485
8.350, 0.8350, -3.232
8.360, 0.8360, -4.418
8.370, 0.8370, -4.471
8.380, 0.8380, -3.863
8.390, 0.8390, -5.997
8.400, 0.8400, -4.706
8.410, 0.8410, -2.480
8.420, 0.8420, -5.420
8.430, 0.8430, -2.454
8.440, 0.8440, -4.419
8.450, 0.8450, -4.308
8.460, 0.8460, -4.901
8.470, 0.8470, -2.900
8.480, 0.8480, -5.602
8.490, 0.8490, -2.992
8.500, 0.8500, -4.269
8.510, 0.8510, -1.776
8.520, 0.8520, -5.206
8.530, 0.8530, -4.794
8.540, 0.8540, -4.879
8.550, 0.8550, -4.122
8.560, 0.8560, -3.799
8.570, 0.8570, -4.295
8.580, 0.8580, -3.399
8.590, 0.8590, -4.371
8.600, 0.8600, -4.899
8.610, 0.8610, -4.127
8.620, 0.8620, -4.451
8.630, 0.8630, -2.288
8.640, 0.8640, -4.404
8.650, 0.8650, -3.812
8.660, 0.8660, -4.095
8.670, 0.8670, -6.588
8.680, 0.8680, -3.715
8.690, 0.8690, -4.626
8.700, 0.8700, -4.163
8.710, 0.8710, -4.047
8.720, 0.8720, -0.1873
8.730, 0.8730, -4.616
8.740, 0.8740, -4.385
8.750, 0.8750, -2.669
8.760, 0.8760, -4.601
8.770, 0.8770, -2.730
8.780, 0.8780, -4.829
8.790, 0.8790, -3.332
8.800, 0.8800, -5.352
8.810, 0.8810, -5.594
8.820, 0.8820, -4.511
8.830, 0.8830, -4.543
8.840, 0.8840, -4.312
8.850, 0.8850, -6.288
8.860, 0.8860, -4.560
8.870, 0.8870, -4.981
8.880, 0.8880, -3.216
8.890, 0.8890, -3.513
8.900, 0.8900, -4.379
8.910, 0.8910, -4.782
8.920, 0.8920, -3.872
8.930, 0.8930, -4.684
8.940, 0.8940, -5.067
8.950, 0.8950, -3.694
8.960, 0.8960, -4.545
8.970, 0.8970, -3.703
8.980, 0.8980, -2.560
8.990, 0.8990, -4.196
9.000, 0.9000, -3.958
9.010, 0.9010, -3.315
9.020, 0.9020, -4.274
9.030, 0.9030, -4.589
9.040, 0.9040, -5.516
9.050, 0.9050, -3.063
9.060, 0.9060, -4.029
9.070, 0.9070, -5.231
9.080, 0.9080, -3.787
9.090, 0.9090, -2.924
9.100, 0.9100, -4.185
9.110, 0.9110, -3.738
9.120, 0.9120, -3.331
9.130, 0.9130, -4.272
9.140, 0.9140, -2.948
9.150, 0.9150, -4.353
9.160, 0.9160, -0.4608
9.170, 0.9170, -4.341
9.180, 0.9180, -3.031
9.190, 0.9190, -3.256
9.200, 0.9200, -3.304
9.210, 0.9210, -4.914
9.220, 0.9220, -4.927
9.230, 0.9230, -3.635
9.240, 0.9240, -3.809
9.250, 0.9250, -3.530
9.260, 0.9260, -4.453
9.270, 0.9270, -3.478
9.280, 0.9280, -4.177
9.290, 0.9290, -4.732
9.300, 0.9300, -2.550
9.310, 0.9310, -3.819
9.320, 0.9320, -3.935
9.330, 0.9330, -4.877
9.340, 0.9340, -4.571
9.350, 0.9350, -4.796
9.360, 0.9360, -1.394
9.370, 0.9370, -3.731
9.380, 0.9380, -4.211
9.390, 0.9390, -5.625
9.400, 0.9400, -4.134
9.410, 0.9410, -4.388
9.420, 0.9420, -3.785
9.430, 0.9430, -6.039
9.440, 0.9440, -2.522
9.450, 0.9450, -3.929
9.460, 0.9460, -3.783
9.470, 0.9470, -4.756
9.480, 0.9480, -1.464
9.490, 0.9490, -3.466
9.500, 0.9500, -5.756
9.510, 0.9510, -4.412
9.520, 0.9520, -5.244
9.530, 0.9530, -1.619
9.540, 0.9540, -4.919
9.550, 0.9550, -3.384
9.560, 0.9560, -3.946
9.570, 0.9570, -3.730
9.580, 0.9580, -4.088
9.590, 0.9590, -2.931
9.600, 0.9600, -4.910
9.610, 0.9610, -4.423
9.620, 0.9620, -4.791
9.630, 0.9630, -3.751
9.640, 0.9640, -3.346
9.650, 0.9650, -4.611
9.660, 0.9660, -2.311
9.670, 0.9670, -4.359
9.680, 0.9680, -3.978
9.690, 0.9690, -3.519
9.700, 0.9700, -3.444
9.710, 0.9710, -2.092
9.720, 0.9720, -3.962
9.730, 0.9730, -3.049
9.740, 0.9740, -4.331
9.750, 0.9750, -4.370
9.760, 0.9760, -5.273
9.770, 0.9770, -3.158
9.780, 0.9780, -5.263
9.790, 0.9790, -1.500
9.800, 0.9800, -3.967
9.810, 0.9810, -4.477
9.820, 0.9820, -3.782
9.830, 0.9830, -2.527
9.840, 0.9840, -3.834
9.850, 0.9850, -3.969
9.860, 0.9860, -2.712
9.870, 0.9870, -4.593
9.880, 0.9880, -5.002
9.890, 0.9890, -3.473
9.900, 0.9900, -3.581
9.910, 0.9910, -2.888
9.920, 0.9920, -3.393
9.930, 0.9930, -4.069
9.940, 0.9940, -2.376
9.950, 0.9950, -3.887
9.960, 0.9960, -2.980
9.970, 0.9970, -4.164
9.980, 0.9980, -3.286
9.990, 0.9990, -3.082
10.00, 1.000, -3.007
10.01, 1.001, -4.861
10.02, 1.002, -3.917
10.03, 1.003, -4.091
10.04, 1.004, -3.781
10.05, 1.005, -5.199
10.06, 1.006, -4.462
10.07, 1.007, -3.851
10.08, 1.008, -3.941
10.09, 1.009, -3.801
10.10, 1.010, -2.524
10.11, 1.011, -4.450
10.12, 1.012, -3.149
10.13, 1.013, -5.073
10.14, 1.014, -3.137
10.15, 1.015, -4.039
10.16, 1.016, -3.242
10.17, 1.017, -3.161
10.18, 1.018, -3.969
10.19, 1.019, -4.300
10.20, 1.020, -0.8222
10.21, 1.021, -2.603
10.22, 1.022, -3.479
10.23, 1.023, -1.090
10.24, 1.024, -2.970
10.25, 1.025, -2.705
10.26, 1.026, -0.2627
10.27, 1.027, -3.122
10.28, 1.028, -4.258
10.29, 1.029, -2.711
10.30, 1.030, -2.622
10.31, 1.031, -3.878
10.32, 1.032, -3.620
10.33, 1.033, -2.812
10.34, 1.034, -2.601
10.35, 1.035, -2.790
10.36, 1.036, -1.964
10.37, 1.037, -2.802
10.38, 1.038, -3.656
10.39, 1.039, -1.358
10.40, 1.040, -2.964
10.41, 1.041, -3.055
10.42, 1.042, -2.767
10.43, 1.043, -3.298
10.44, 1.044, -3.444
10.45, 1.045, -1.346
10.46, 1.046, -2.735
10.47, 1.047, -0.3899
10.48, 1.048, -1.534
10.49, 1.049, -0.9765
10.50, 1.050, -2.102
10.51, 1.051, -0.5499
10.52, 1.052, -2.349
10.53, 1.053, 0.09583
10.54, 1.054, -2.626
10.55, 1.055, -2.740
10.56, 1.056, -1.635
10.57, 1.057, -1.507
10.58, 1.058, -1.809
10.59, 1.059, -2.085
10.60, 1.060, -1.082
10.61, 1.061, -0.04756
10.62, 1.062, -0.6022
10.63, 1.063, -2.721
10.64, 1.064, -0.6051
10.65, 1.065, -0.8995
10.66, 1.066, -2.509
10.67, 1.067, 0.1834
10.68, 1.068, 0.4184
10.69, 1.069, -2.176
10.70, 1.070, -0.04031
10.71, 1.071, -0.1624
10.72, 1.072, 2.329
10.73, 1.073, 0.04694
10.74, 1.074, -0.9750
10.75, 1.075, 1.502
10.76, 1.076, 0.1835
10.77, 1.077, 1.648
10.78, 1.078, -0.1992
10.79, 1.079, 1.699
10.80, 1.080, 0.6787
10.81, 1.081, 0.5607
10.82, 1.082, 1.221
10.83, 1.083, 2.142
10.84, 1.084, 2.421
10.85, 1.085, 1.387
10.86, 1.086, 2.945
10.87, 1.087, 1.917
10.88, 1.088, 3.602
10.89, 1.089, 4.378
10.90, 1.090, 2.687
10.91, 1.091, 3.707
10.92, 1.092, 2.810
10.93, 1.093, 0.6439
10.94, 1.094, 4.744
10.95, 1.095, 4.094
10.96, 1.096, 3.524
10.97, 1.097, 4.526
10.98, 1.098, 3.700
10.99, 1.099, 4.274
11.00, 1.100, 4.579
11.01, 1.101, 2.438
11.02, 1.102, 4.037
11.03, 1.103, 7.491
11.04, 1.104, 5.303
11.05, 1.105, 7.884
11.06, 1.106, 6.274
11.07, 1.107, 5.415
11.08, 1.108, 7.945
11.09, 1.109, 5.902
11.10, 1.110, 7.153
11.11, 1.111, 6.959
11.12, 1.112, 7.973
11.13, 1.113, 8.008
11.14, 1.114, 6.235
11.15, 1.115, 8.163
11.16, 1.116, 7.728
11.17, 1.117, 7.439
11.18, 1.118, 10.09
11.19, 1.119, 10.59
11.20, 1.120, 10.05
11.21, 1.121, 11.27
11.22, 1.122, 9.958
11.23, 1.123, 10.44
11.24, 1.124, 11.46
11.25, 1.125, 11.13
11.26, 1.126, 12.87
11.27, 1.127, 12.64
11.28, 1.128, 12.85
11.29, 1.129, 14.92
11.30, 1.130, 13.48
11.31, 1.131, 12.57
11.32, 1.132, 15.31
11.33, 1.133, 14.50
11.34, 1.134, 14.37
11.35, 1.135, 14.23
11.36, 1.136, 16.18
11.37, 1.137, 15.98
11.38, 1.138, 16.09
11.39, 1.139, 16.40
11.40, 1.140, 17.11
11.41, 1.141, 20.49
11.42, 1.142, 17.50
11.43, 1.143, 18.74
11.44, 1.144, 18.23
11.45, 1.145, 18.47
11.46, 1.146, 19.70
11.47, 1.147, 19.68
11.48, 1.148, 21.53
11.49, 1.149, 19.28
11.50, 1.150, 21.38
11.51, 1.151, 21.77
11.52, 1.152, 23.98
11.53, 1.153, 22.92
11.54, 1.154, 22.81
11.55, 1.155, 25.00
11.56, 1.156, 26.01
11.57, 1.157, 23.90
11.58, 1.158, 24.06
11.59, 1.159, 25.89
11.60, 1.160, 26.25
11.61, 1.161, 28.49
11.62, 1.162, 27.93
11.63, 1.163, 27.55
11.64, 1.164, 27.57
11.65, 1.165, 29.24
11.66, 1.166, 29.97
11.67, 1.167, 30.43
11.68, 1.168, 29.33
11.69, 1.169, 31.98
11.70, 1.170, 30.90
11.71, 1.171, 31.88
11.72, 1.172, 32.52
11.73, 1.173, 32.96
11.74, 1.174, 32.86
11.75, 1.175, 34.01
11.76, 1.176, 33.44
11.77, 1.177, 34.91
11.78, 1.178, 35.44
11.79, 1.179, 35.82
11.80, 1.180, 36.96
11.81, 1.181, 36.30
11.82, 1.182, 37.80
11.83, 1.183, 39.70
11.84, 1.184, 38.19
11.85, 1.185, 38.90
11.86, 1.186, 37.86
11.87, 1.187, 38.89
11.88, 1.188, 39.91
11.89, 1.189, 40.56
11.90, 1.190, 40.41
11.91, 1.191, 40.20
11.92, 1.192, 41.32
11.93, 1.193, 41.72
11.94, 1.194, 42.72
11.95, 1.195, 42.12
11.96, 1.196, 43.27
11.97, 1.197, 43.19
11.98, 1.198, 43.74
11.99, 1.199, 43.47
12.00, 1.200, 45.40
12.01, 1.201, 45.17
12.02, 1.202, 46.19
12.03, 1.203, 46.21
12.04, 1.204, 47.86
12.05, 1.205, 46.00
12.06, 1.206, 47.74
12.07, 1.207, 47.40
12.08, 1.208, 50.14
12.09, 1.209, 48.09
12.10, 1.210, 48.08
12.11, 1.211, 50.40
12.12, 1.212, 48.88
12.13, 1.213, 49.60
12.14, 1.214, 49.04
12.15, 1.215, 51.03
12.16, 1.216, 48.84
12.17, 1.217, 52.23
12.18, 1.218, 50.01
12.19, 1.219, 49.79
12.20, 1.220, 49.49
12.21, 1.221, 50.17
12.22, 1.222, 49.68
12.23, 1.223, 49.42
12.24, 1.224, 51.08
12.25, 1.225, 50.37
12.26, 1.226, 49.89
12.27, 1.227, 50.51
12.28, 1.228, 49.22
12.29, 1.229, 49.39
12.30, 1.230, 49.50
12.31, 1.231, 51.13
12.32, 1.232, 48.81
12.33, 1.233, 50.36
12.34, 1.234, 49.56
12.35, 1.235, 49.97
12.36, 1.236, 49.23
12.37, 1.237, 49.72
12.38, 1.238, 47.86
12.39, 1.239, 48.72
12.40, 1.240, 48.33
12.41, 1.241, 49.03
12.42, 1.242, 48.08
12.43, 1.243, 46.40
12.44, 1.244, 48.45
12.45, 1.245, 47.22
12.46, 1.246, 46.62
12.47, 1.247, 46.21
12.48, 1.248, 47.51
12.49, 1.249, 46.55
12.50, 1.250, 45.90
12.51, 1.251, 46.58
12.52, 1.252, 45.64
12.53, 1.253, 45.02
12.54, 1.254, 43.78
12.55, 1.255, 45.48
12.56, 1.256, 44.07
12.57, 1.257, 43.89
12.58, 1.258, 43.53
12.59, 1.259, 43.56
12.60, 1.260, 43.16
12.61, 1.261, 42.84
12.62, 1.262, 41.33
12.63, 1.263, 44.39
12.64, 1.264, 43.34
12.65, 1.265, 41.43
12.66, 1.266, 41.62
12.67, 1.267, 41.69
12.68, 1.268, 41.86
12.69, 1.269, 39.96
12.70, 1.270, 42.15
12.71, 1.271, 40.35
12.72, 1.272, 39.21
12.73, 1.273, 39.86
12.74, 1.274, 39.35
12.75, 1.275, 39.14
12.76, 1.276, 40.86
12.77, 1.277, 39.68
12.78, 1.278, 38.40
12.79, 1.279, 39.95
12.80, 1.280, 37.84
12.81, 1.281, 37.59
12.82, 1.282, 36.62
12.83, 1.283, 36.63
12.84, 1.284, 36.15
12.85, 1.285, 37.51
12.86, 1.286, 38.88
12.87, 1.287, 36.45
12.88, 1.288, 37.37
12.89, 1.289, 36.45
12.90, 1.290, 34.85
12.91, 1.291, 36.60
12.92, 1.292, 36.84
12.93, 1.293, 35.44
12.94, 1.294, 34.52
12.95, 1.295, 36.30
12.96, 1.296, 35.67
12.97, 1.297, 34.89
12.98, 1.298, 36.09
12.99, 1.299, 34.86
13.00, 1.300, 33.13
13.01, 1.301, 37.00
13.02, 1.302, 34.64
13.03, 1.303, 33.52
13.04, 1.304, 34.28
13.05, 1.305, 34.30
13.06, 1.306, 34.47
13.07, 1.307, 33.65
13.08, 1.308, 33.03
13.09, 1.309, 33.03
13.10, 1.310, 35.40
13.11, 1.311, 33.38
13.12, 1.312, 33.68
13.13, 1.313, 33.02
13.14, 1.314, 32.57
13.15, 1.315, 34.94
13.16, 1.316, 32.82
13.17, 1.317, 33.29
13.18, 1.318, 32.22
13.19, 1.319, 31.82
13.20, 1.320, 32.50
13.21, 1.321, 32.08
13.22, 1.322, 33.01
13.23, 1.323, 32.14
13.24, 1.324, 32.10
13.25, 1.325, 32.36
13.26, 1.326, 33.92
13.27, 1.327, 31.79
13.28, 1.328, 31.29
13.29, 1.329, 31.07
13.30, 1.330, 32.45
13.31, 1.331, 31.00
13.32, 1.332, 31.96
13.33, 1.333, 31.70
13.34, 1.334, 31.27
13.35, 1.335, 30.83
13.36, 1.336, 32.01
13.37, 1.337, 31.58
13.38, 1.338, 30.10
13.39, 1.339, 31.00
13.40, 1.340, 31.38
13.41, 1.341, 31.58
13.42, 1.342, 29.70
13.43, 1.343, 31.29
13.44, 1.344, 30.66
13.45, 1.345, 31.09
13.46, 1.346, 32.07
13.47, 1.347, 30.31
13.48, 1.348, 31.32
13.49, 1.349, 30.01
13.50, 1.350, 31.07
13.51, 1.351, 29.92
13.52, 1.352, 30.33
13.53, 1.353, 30.51
13.54, 1.354, 31.19
13.55, 1.355, 30.53
13.56, 1.356, 29.48
13.57, 1.357, 30.32
13.58, 1.358, 30.34
13.59, 1.359, 31.96
13.60, 1.360, 30.63
13.61, 1.361, 30.83
13.62, 1.362, 30.26
13.63, 1.363, 32.03
13.64, 1.364, 30.89
13.65, 1.365, 29.74
13.66, 1.366, 28.93
13.67, 1.367, 30.50
13.68, 1.368, 30.84
13.69, 1.369, 31.10
13.70, 1.370, 30.77
13.71, 1.371, 31.53
13.72, 1.372, 30.60
13.73, 1.373, 30.82
13.74, 1.374, 29.26
13.75, 1.375, 30.48
13.76, 1.376, 29.94
13.77, 1.377, 30.92
13.78, 1.378, 30.48
13.79, 1.379, 29.66
13.80, 1.380, 31.71
13.81, 1.381, 30.17
13.82, 1.382, 30.77
13.83, 1.383, 28.93
13.84, 1.384, 32.88
13.85, 1.385, 30.62
13.86, 1.386, 31.16
13.87, 1.387, 30.36
13.88, 1.388, 30.58
13.89, 1.389, 30.17
13.90, 1.390, 31.17
13.91, 1.391, 30.25
13.92, 1.392, 30.80
13.93, 1.393, 30.58
13.94, 1.394, 30.55
13.95, 1.395, 31.05
13.96, 1.396, 30.88
13.97, 1.397, 32.10
13.98, 1.398, 30.54
13.99, 1.399, 31.46
14.00, 1.400, 31.12
14.01, 1.401, 31.12
14.02, 1.402, 30.85
14.03, 1.403, 31.94
14.04, 1.404, 31.51
14.05, 1.405, 31.10
14.06, 1.406, 31.00
14.07, 1.407, 33.19
14.08, 1.408, 31.83
14.09, 1.409, 33.17
14.10, 1.410, 32.54
14.11, 1.411, 32.02
14.12, 1.412, 32.03
14.13, 1.413, 31.50
14.14, 1.414, 32.98
14.15, 1.415, 33.02
14.16, 1.416, 33.03
14.17, 1.417, 32.81
14.18, 1.418, 32.98
14.19, 1.419, 32.71
14.20, 1.420, 33.63
14.21, 1.421, 33.11
14.22, 1.422, 34.80
14.23, 1.423, 33.64
14.24, 1.424, 32.99
14.25, 1.425, 35.05
14.26, 1.426, 34.34
14.27, 1.427, 35.64
14.28, 1.428, 36.60
14.29, 1.429, 35.88
14.30, 1.430, 34.67
14.31, 1.431, 37.38
14.32, 1.432, 37.04
14.33, 1.433, 37.15
14.34, 1.434, 40.10
14.35, 1.435, 38.03
14.36, 1.436, 38.20
14.37, 1.437, 37.31
14.38, 1.438, 39.55
14.39, 1.439, 39.36
14.40, 1.440, 40.56
14.41, 1.441, 41.22
14.42, 1.442, 40.83
14.43, 1.443, 41.96
14.44, 1.444, 43.50
14.45, 1.445, 43.80
14.46, 1.446, 43.88
14.47, 1.447, 45.09
14.48, 1.448, 49.14
14.49, 1.449, 47.25
14.50, 1.450, 51.66
14.51, 1.451, 51.82
14.52, 1.452, 50.61
14.53, 1.453, 52.10
14.54, 1.454, 52.94
14.55, 1.455, 54.77
14.56, 1.456, 55.22
14.57, 1.457, 55.41
14.58, 1.458, 57.03
14.59, 1.459, 58.91
14.60, 1.460, 58.37
14.61, 1.461, 59.58
14.62, 1.462, 61.09
14.63, 1.463, 62.15
14.64, 1.464, 64.76
14.65, 1.465, 65.36
14.66, 1.466, 65.57
14.67, 1.467, 65.72
14.68, 1.468, 65.52
14.69, 1.469, 66.95
14.70, 1.470, 65.23
14.71, 1.471, 68.76
14.72, 1.472, 68.94
14.73, 1.473, 69.82
14.74, 1.474, 71.63
14.75, 1.475, 70.78
14.76, 1.476, 71.98
14.77, 1.477, 74.29
14.78, 1.478, 74.84
14.79, 1.479, 74.86
14.80, 1.480, 75.99
14.81, 1.481, 77.87
14.82, 1.482, 78.05
14.83, 1.483, 79.83
14.84, 1.484, 80.50
14.85, 1.485, 82.73
14.86, 1.486, 83.29
14.87, 1.487, 85.12
14.88, 1.488, 85.41
14.89, 1.489, 86.78
14.90, 1.490, 88.77
14.91, 1.491, 88.73
14.92, 1.492, 90.96
14.93, 1.493, 92.03
14.94, 1.494, 93.70
14.95, 1.495, 93.54
14.96, 1.496, 96.36
14.97, 1.497, 95.87
14.98, 1.498, 98.56
14.99, 1.499, 100.9
15.00, 1.500, 102.4
15.01, 1.501, 100.9
15.02, 1.502, 101.8
15.03, 1.503, 101.7
15.04, 1.504, 103.6
15.05, 1.505, 106.3
15.06, 1.506, 106.1
15.07, 1.507, 106.9
15.08, 1.508, 108.9
15.09, 1.509, 109.4
15.10, 1.510, 110.9
15.11, 1.511, 113.4
15.12, 1.512, 114.2
15.13, 1.513, 114.5
15.14, 1.514, 116.7
15.15, 1.515, 117.0
15.16, 1.516, 119.6
15.17, 1.517, 120.1
15.18, 1.518, 120.7
15.19, 1.519, 121.2
15.20, 1.520, 124.0
15.21, 1.521, 123.3
15.22, 1.522, 125.3
15.23, 1.523, 126.0
15.24, 1.524, 127.5
15.25, 1.525, 129.6
15.26, 1.526, 131.5
15.27, 1.527, 133.0
15.28, 1.528, 133.9
15.29, 1.529, 135.4
15.30, 1.530, 135.4
15.31, 1.531, 137.9
15.32, 1.532, 138.8
15.33, 1.533, 139.4
15.34, 1.534, 141.5
15.35, 1.535, 142.1
15.36, 1.536, 144.3
15.37, 1.537, 144.6
15.38, 1.538, 147.6
15.39, 1.539, 148.9
15.40, 1.540, 149.5
15.41, 1.541, 150.4
15.42, 1.542, 151.8
15.43, 1.543, 156.5
15.44, 1.544, 156.2
15.45, 1.545, 158.1
15.46, 1.546, 158.1
15.47, 1.547, 160.7
15.48, 1.548, 160.5
15.49, 1.549, 163.5
15.50, 1.550, 162.6
15.51, 1.551, 164.9
15.52, 1.552, 165.7
15.53, 1.553, 166.5
15.54, 1.554, 168.6
15.55, 1.555, 170.3
15.56, 1.556, 172.8
15.57, 1.557, 174.0
15.58, 1.558, 175.6
15.59, 1.559, 176.7
15.60, 1.560, 177.0
15.61, 1.561, 178.5
15.62, 1.562, 180.5
15.63, 1.563, 183.0
15.64, 1.564, 182.4
15.65, 1.565, 185.9
15.66, 1.566, 184.9
15.67, 1.567, 185.6
15.68, 1.568, 188.6
15.69, 1.569, 190.6
15.70, 1.570, 191.6
15.71, 1.571, 193.0
15.72, 1.572, 195.9
15.73, 1.573, 195.5
15.74, 1.574, 198.1
15.75, 1.575, 199.3
15.76, 1.576, 200.3
15.77, 1.577, 203.5
15.78, 1.578, 203.0
15.79, 1.579, 205.0
15.80, 1.580, 206.7
15.81, 1.581, 208.3
15.82, 1.582, 209.5
15.83, 1.583, 212.2
15.84, 1.584, 212.3
15.85, 1.585, 216.6
15.86, 1.586, 215.8
15.87, 1.587, 217.0
15.88, 1.588, 220.7
15.89, 1.589, 220.5
15.90, 1.590, 223.5
15.91, 1.591, 223.3
15.92, 1.592, 224.9
15.93, 1.593, 226.9
15.94, 1.594, 227.6
15.95, 1.595, 230.5
15.96, 1.596, 232.5
15.97, 1.597, 234.3
15.98, 1.598, 234.8
15.99, 1.599, 238.1
16.00, 1.600, 240.2
16.01, 1.601, 240.0
16.02, 1.602, 241.0
16.03, 1.603, 242.3
16.04, 1.604, 245.2
16.05, 1.605, 246.3
16.06, 1.606, 248.0
16.07, 1.607, 250.0
16.08, 1.608, 252.1
16.09, 1.609, 252.9
16.10, 1.610, 254.4
16.11, 1.611, 256.1
16.12, 1.612, 257.2
16.13, 1.613, 259.1
16.14, 1.614, 259.5
16.15, 1.615, 261.1
16.16, 1.616, 264.2
16.17, 1.617, 265.5
16.18, 1.618, 268.8
16.19, 1.619, 268.7
16.20, 1.620, 271.6
16.21, 1.621, 272.9
16.22, 1.622, 274.8
16.23, 1.623, 275.2
16.24, 1.624, 276.5
16.25, 1.625, 277.9
16.26, 1.626, 280.3
16.27, 1.627, 280.2
16.28, 1.628, 281.5
16.29, 1.629, 285.2
16.30, 1.630, 286.1
16.31, 1.631, 286.8
16.32, 1.632, 287.9
16.33, 1.633, 292.2
16.34, 1.634, 292.6
16.35, 1.635, 294.3
16.36, 1.636, 297.6
16.37, 1.637, 298.1
16.38, 1.638, 298.5
16.39, 1.639, 300.8
16.40, 1.640, 302.5
16.41, 1.641, 306.4
16.42, 1.642, 306.2
16.43, 1.643, 305.9
16.44, 1.644, 307.9
16.45, 1.645, 311.3
16.46, 1.646, 311.4
16.47, 1.647, 313.8
16.48, 1.648, 316.0
16.49, 1.649, 317.3
16.50, 1.650, 317.6
16.51, 1.651, 320.9
16.52, 1.652, 323.1
16.53, 1.653, 323.8
16.54, 1.654, 325.3
16.55, 1.655, 328.5
16.56, 1.656, 330.4
16.57, 1.657, 332.4
16.58, 1.658, 332.0
16.59, 1.659, 334.3
16.60, 1.660, 336.7
16.61, 1.661, 338.1
16.62, 1.662, 338.5
16.63, 1.663, 341.1
16.64, 1.664, 341.1
16.65, 1.665, 343.7
16.66, 1.666, 347.1
16.67, 1.667, 349.2
16.68, 1.668, 349.5
16.69, 1.669, 352.3
16.70, 1.670, 352.2
16.71, 1.671, 354.8
16.72, 1.672, 357.6
16.73, 1.673, 359.0
16.74, 1.674, 362.7
16.75, 1.675, 361.6
16.76, 1.676, 365.0
16.77, 1.677, 363.6
16.78, 1.678, 366.0
16.79, 1.679, 369.2
16.80, 1.680, 369.7
16.81, 1.681, 371.3
16.82, 1.682, 371.0
16.83, 1.683, 376.4
16.84, 1.684, 376.6
16.85, 1.685, 380.0
16.86, 1.686, 380.8
16.87, 1.687, 382.8
16.88, 1.688, 382.9
16.89, 1.689, 384.3
16.90, 1.690, 386.0
16.91, 1.691, 388.4
16.92, 1.692, 390.1
16.93, 1.693, 391.3
16.94, 1.694, 393.1
16.95, 1.695, 393.5
16.96, 1.696, 398.0
16.97, 1.697, 399.0
16.98, 1.698, 399.9
16.99, 1.699, 402.5
17.00, 1.700, 401.7
17.01, 1.701, 405.4
17.02, 1.702, 406.1
17.03, 1.703, 408.4
17.04, 1.704, 410.7
17.05, 1.705, 411.5
17.06, 1.706, 413.1
17.07, 1.707, 413.4
17.08, 1.708, 416.1
17.09, 1.709, 417.7
17.10, 1.710, 419.7
17.11, 1.711, 421.9
17.12, 1.712, 422.5
17.13, 1.713, 427.5
17.14, 1.714, 428.5
17.15, 1.715, 429.5
17.16, 1.716, 431.2
17.17, 1.717, 433.1
17.18, 1.718, 435.3
17.19, 1.719, 437.4
17.20, 1.720, 437.7
17.21, 1.721, 437.5
17.22, 1.722, 441.3
17.23, 1.723, 442.9
17.24, 1.724, 443.5
17.25, 1.725, 445.3
17.26, 1.726, 447.7
17.27, 1.727, 450.2
17.28, 1.728, 450.3
17.29, 1.729, 453.4
17.30, 1.730, 453.3
17.31, 1.731, 457.8
17.32, 1.732, 459.7
17.33, 1.733, 461.3
17.34, 1.734, 459.3
17.35, 1.735, 462.3
17.36, 1.736, 464.7
17.37, 1.737, 463.1
17.38, 1.738, 466.6
17.39, 1.739, 467.7
17.40, 1.740, 470.8
17.41, 1.741, 472.1
17.42, 1.742, 475.6
17.43, 1.743, 476.2
17.44, 1.744, 477.5
17.45, 1.745, 478.9
17.46, 1.746, 480.8
17.47, 1.747, 483.5
17.48, 1.748, 485.0
17.49, 1.749, 486.5
17.50, 1.750, 487.7
17.51, 1.751, 491.7
17.52, 1.752, 488.4
17.53, 1.753, 492.3
17.54, 1.754, 493.9
17.55, 1.755, 497.6
17.56, 1.756, 499.1
17.57, 1.757, 499.1
17.58, 1.758, 501.9
17.59, 1.759, 504.0
17.60, 1.760, 506.4
17.61, 1.761, 507.9
17.62, 1.762, 509.2
17.63, 1.763, 510.5
17.64, 1.764, 513.1
17.65, 1.765, 513.8
17.66, 1.766, 514.5
17.67, 1.767, 518.0
17.68, 1.768, 517.7
17.69, 1.769, 522.0
17.70, 1.770, 520.9
17.71, 1.771, 524.9
17.72, 1.772, 525.0
17.73, 1.773, 527.9
17.74, 1.774, 528.1
17.75, 1.775, 530.8
17.76, 1.776, 533.1
17.77, 1.777, 533.1
17.78, 1.778, 533.4
17.79, 1.779, 535.0
17.80, 1.780, 539.7
17.81, 1.781, 541.8
17.82, 1.782, 543.2
17.83, 1.783, 542.7
17.84, 1.784, 544.8
17.85, 1.785, 545.7
17.86, 1.786, 549.2
17.87, 1.787, 550.1
17.88, 1.788, 553.3
17.89, 1.789, 555.0
17.90, 1.790, 555.2
17.91, 1.791, 556.9
17.92, 1.792, 558.2
17.93, 1.793, 559.8
17.94, 1.794, 561.8
17.95, 1.795, 564.6
17.96, 1.796, 566.9
17.97, 1.797, 567.6
17.98, 1.798, 571.3
17.99, 1.799, 571.2
18.00, 1.800, 574.5
18.01, 1.801, 576.2
18.02, 1.802, 576.1
18.03, 1.803, 578.6
18.04, 1.804, 580.0
18.05, 1.805, 582.1
18.06, 1.806, 582.7
18.07, 1.807, 585.7
18.08, 1.808, 587.1
18.09, 1.809, 588.7
18.10, 1.810, 588.3
18.11, 1.811, 592.2
18.12, 1.812, 593.5
18.13, 1.813, 593.9
18.14, 1.814, 593.5
18.15, 1.815, 595.6
18.16, 1.816, 598.2
18.17, 1.817, 600.7
18.18, 1.818, 603.7
18.19, 1.819, 604.5
18.20, 1.820, 605.1
18.21, 1.821, 605.7
18.22, 1.822, 609.5
18.23, 1.823, 611.2
18.24, 1.824, 611.3
18.25, 1.825, 612.5
18.26, 1.826, 616.7
18.27, 1.827, 618.8
18.28, 1.828, 619.3
18.29, 1.829, 620.5
18.30, 1.830, 620.7
18.31, 1.831, 622.7
18.32, 1.832, 625.3
18.33, 1.833, 627.9
18.34, 1.834, 628.2
18.35, 1.835, 630.9
18.36, 1.836, 631.8
18.37, 1.837, 633.9
18.38, 1.838, 635.1
18.39, 1.839, 638.4
18.40, 1.840, 642.9
18.41, 1.841, 641.6
18.42, 1.842, 644.3
18.43, 1.843, 643.9
18.44, 1.844, 646.7
18.45, 1.845, 647.6
18.46, 1.846, 650.1
18.47, 1.847, 651.1
18.48, 1.848, 655.1
18.49, 1.849, 656.3
18.50, 1.850, 655.9
18.51, 1.851, 657.8
18.52, 1.852, 658.9
18.53, 1.853, 662.6
18.54, 1.854, 663.2
18.55, 1.855, 665.1
18.56, 1.856, 665.0
18.57, 1.857, 667.8
18.58, 1.858, 668.6
18.59, 1.859, 670.4
18.60, 1.860, 673.0
18.61, 1.861, 673.1
18.62, 1.862, 674.5
18.63, 1.863, 676.2
18.64, 1.864, 679.9
18.65, 1.865, 680.2
18.66, 1.866, 682.1
18.67, 1.867, 682.9
18.68, 1.868, 684.9
18.69, 1.869, 686.9
18.70, 1.870, 688.3
18.71, 1.871, 691.9
18.72, 1.872, 692.6
18.73, 1.873, 693.2
18.74, 1.874, 693.8
18.75, 1.875, 697.6
18.76, 1.876, 700.0
18.77, 1.877, 698.8
18.78, 1.878, 700.9
18.79, 1.879, 700.4
18.80, 1.880, 704.6
18.81, 1.881, 705.6
18.82, 1.882, 707.6
18.83, 1.883, 708.1
18.84, 1.884, 711.9
18.85, 1.885, 713.4
18.86, 1.886, 713.7
18.87, 1.887, 716.8
18.88, 1.888, 718.8
18.89, 1.889, 718.2
18.90, 1.890, 719.7
18.91, 1.891, 723.3
18.92, 1.892, 724.6
18.93, 1.893, 723.5
18.94, 1.894, 727.8
18.95, 1.895, 728.0
18.96, 1.896, 732.4
18.97, 1.897, 731.8
18.98, 1.898, 733.7
18.99, 1.899, 734.8
19.00, 1.900, 736.3
19.01, 1.901, 738.7
19.02, 1.902, 739.8
19.03, 1.903, 741.3
19.04, 1.904, 742.6
19.05, 1.905, 745.6
19.06, 1.906, 747.3
19.07, 1.907, 748.9
19.08, 1.908, 748.0
19.09, 1.909, 753.8
19.10, 1.910, 752.8
19.11, 1.911, 754.4
19.12, 1.912, 756.2
19.13, 1.913, 758.8
19.14, 1.914, 759.7
19.15, 1.915, 761.9
19.16, 1.916, 764.3
19.17, 1.917, 763.7
19.18, 1.918, 765.4
19.19, 1.919, 767.2
19.20, 1.920, 771.1
19.21, 1.921, 772.7
19.22, 1.922, 775.0
19.23, 1.923, 774.4
19.24, 1.924, 776.0
19.25, 1.925, 778.5
19.26, 1.926, 781.1
19.27, 1.927, 780.9
19.28, 1.928, 782.6
19.29, 1.929, 785.1
19.30, 1.930, 785.4
19.31, 1.931, 788.1
19.32, 1.932, 790.2
19.33, 1.933, 791.9
19.34, 1.934, 792.8
19.35, 1.935, 794.6
19.36, 1.936, 795.3
19.37, 1.937, 796.0
19.38, 1.938, 800.3
19.39, 1.939, 798.1
19.40, 1.940, 801.0
19.41, 1.941, 802.0
19.42, 1.942, 802.7
19.43, 1.943, 805.9
19.44, 1.944, 807.1
19.45, 1.945, 807.9
19.46, 1.946, 810.6
19.47, 1.947, 811.9
19.48, 1.948, 813.1
19.49, 1.949, 814.2
19.50, 1.950, 815.8
19.51, 1.951, 815.7
19.52, 1.952, 820.5
19.53, 1.953, 819.2
19.54, 1.954, 822.7
19.55, 1.955, 822.9
19.56, 1.956, 824.7
19.57, 1.957, 825.9
19.58, 1.958, 827.5
19.59, 1.959, 829.5
19.60, 1.960, 830.4
19.61, 1.961, 832.7
19.62, 1.962, 833.3
19.63, 1.963, 837.0
19.64, 1.964, 836.6
19.65, 1.965, 837.9
19.66, 1.966, 840.7
19.67, 1.967, 842.0
19.68, 1.968, 844.5
19.69, 1.969, 845.7
19.70, 1.970, 846.4
19.71, 1.971, 847.6
19.72, 1.972, 849.3
19.73, 1.973, 850.2
19.74, 1.974, 851.3
19.75, 1.975, 854.6
19.76, 1.976, 856.6
19.77, 1.977, 856.0
19.78, 1.978, 857.7
19.79, 1.979, 859.7
19.80, 1.980, 859.2
19.81, 1.981, 861.0
19.82, 1.982, 859.7
19.83, 1.983, 861.3
19.84, 1.984, 861.6
19.85, 1.985, 862.9
19.86, 1.986, 861.3
19.87, 1.987, 861.7
19.88, 1.988, 860.7
19.89, 1.989, 861.1
19.90, 1.990, 862.0
19.91, 1.991, 860.9
19.92, 1.992, 862.1
19.93, 1.993, 859.9
19.94, 1.994, 860.3
19.95, 1.995, 859.3
19.96, 1.996, 859.9
19.97, 1.997, 859.8
19.98, 1.998, 860.1
19.99, 1.999, 859.5
20.00, 2.000, 859.7
20.01, 1.999, 859.9
20.02, 1.998, 858.8
20.03, 1.997, 860.0
20.04, 1.996, 858.9
20.05, 1.995, 859.0
20.06, 1.994, 859.1
20.07, 1.993, 858.0
20.08, 1.992, 858.2
20.09, 1.991, 858.1
20.10, 1.990, 859.0
20.11, 1.989, 858.2
20.12, 1.988, 857.8
20.13, 1.987, 858.3
20.14, 1.986, 859.4
20.15, 1.985, 858.2
20.16, 1.984, 857.5
20.17, 1.983, 856.7
20.18, 1.982, 857.3
20.19, 1.981, 857.5
20.20, 1.980, 855.3
20.21, 1.979, 853.5
20.22, 1.978, 851.1
20.23, 1.977, 850.2
20.24, 1.976, 848.0
20.25, 1.975, 846.3
20.26, 1.974, 844.6
20.27, 1.973, 844.1
20.28, 1.972, 842.6
20.29, 1.971, 839.4
20.30, 1.970, 840.8
20.31, 1.969, 836.8
20.32, 1.968, 835.9
20.33, 1.967, 834.1
20.34, 1.966, 832.5
20.35, 1.965, 829.0
20.36, 1.964, 828.0
20.37, 1.963, 828.1
20.38, 1.962, 824.4
20.39, 1.961, 822.6
20.40, 1.960, 823.1
20.41, 1.959, 818.4
20.42, 1.958, 819.1
20.43, 1.957, 816.1
20.44, 1.956, 816.3
20.45, 1.955, 813.1
20.46, 1.954, 810.8
20.47, 1.953, 809.9
20.48, 1.952, 807.5
20.49, 1.951, 805.2
20.50, 1.950, 803.4
20.51, 1.949, 802.8
20.52, 1.948, 800.2
20.53, 1.947, 798.9
20.54, 1.946, 796.9
20.55, 1.945, 792.1
20.56, 1.944, 791.0
20.57, 1.943, 788.8
20.58, 1.942, 787.1
20.59, 1.941, 786.9
20.60, 1.940, 785.1
20.61, 1.939, 782.2
20.62, 1.938, 782.9
20.63, 1.937, 780.2
20.64, 1.936, 780.5
20.65, 1.935, 777.9
20.66, 1.934, 776.1
20.67, 1.933, 775.4
20.68, 1.932, 773.1
20.69, 1.931, 770.6
20.70, 1.930, 770.1
20.71, 1.929, 767.6
20.72, 1.928, 766.1
20.73, 1.927, 763.6
20.74, 1.926, 764.0
20.75, 1.925, 762.5
20.76, 1.924, 760.3
20.77, 1.923, 757.6
20.78, 1.922, 758.0
20.79, 1.921, 754.8
20.80, 1.920, 751.9
20.81, 1.919, 752.7
20.82, 1.918, 751.0
20.83, 1.917, 748.4
20.84, 1.916, 747.6
20.85, 1.915, 745.1
20.86, 1.914, 743.1
20.87, 1.913, 740.9
20.88, 1.912, 739.4
20.89, 1.911, 735.9
20.90, 1.910, 735.7
20.91, 1.909, 734.0
20.92, 1.908, 730.5
20.93, 1.907, 730.9
20.94, 1.906, 729.8
20.95, 1.905, 727.4
20.96, 1.904, 724.2
20.97, 1.903, 724.0
20.98, 1.902, 721.7
20.99, 1.901, 719.6
21.00, 1.900, 717.9
21.01, 1.899, 715.5
21.02, 1.898, 714.9
21.03, 1.897, 712.9
21.04, 1.896, 712.0
21.05, 1.895, 710.0
21.06, 1.894, 708.4
21.07, 1.893, 707.3
21.08, 1.892, 704.2
21.09, 1.891, 703.9
21.10, 1.890, 701.7
21.11, 1.889, 700.0
21.12, 1.888, 701.0
21.13, 1.887, 697.1
21.14, 1.886, 695.4
21.15, 1.885, 692.2
21.16, 1.884, 691.5
21.17, 1.883, 689.3
21.18, 1.882, 689.2
21.19, 1.881, 687.4
21.20, 1.880, 683.7
21.21, 1.879, 683.5
21.22, 1.878, 680.8
21.23, 1.877, 679.9
21.24, 1.876, 677.8
21.25, 1.875, 679.0
21.26, 1.874, 674.7
21.27, 1.873, 673.1
21.28, 1.872, 673.3
21.29, 1.871, 670.4
21.30, 1.870, 669.6
21.31, 1.869, 668.0
21.32, 1.868, 666.1
21.33, 1.867, 662.3
21.34, 1.866, 661.3
21.35, 1.865, 659.1
21.36, 1.864, 657.5
21.37, 1.863, 655.4
21.38, 1.862, 655.4
21.39, 1.861, 654.8
21.40, 1.860, 650.8
21.41, 1.859, 648.8
21.42, 1.858, 646.3
21.43, 1.857, 645.5
21.44, 1.856, 644.2
21.45, 1.855, 643.8
21.46, 1.854, 641.1
21.47, 1.853, 640.4
21.48, 1.852, 637.7
21.49, 1.851, 635.5
21.50, 1.850, 635.0
21.51, 1.849, 633.6
21.52, 1.848, 631.2
21.53, 1.847, 628.5
21.54, 1.846, 627.8
21.55, 1.845, 626.2
21.56, 1.844, 623.9
21.57, 1.843, 621.3
21.58, 1.842, 620.7
21.59, 1.841, 619.8
21.60, 1.840, 616.7
21.61, 1.839, 616.7
21.62, 1.838, 614.3
21.63, 1.837, 613.4
21.64, 1.836, 609.3
21.65, 1.835, 609.4
21.66, 1.834, 607.9
21.67, 1.833, 604.0
21.68, 1.832, 603.0
21.69, 1.831, 602.4
21.70, 1.830, 600.1
21.71, 1.829, 597.7
21.72, 1.828, 597.3
21.73, 1.827, 596.2
21.74, 1.826, 593.7
21.75, 1.825, 589.5
21.76, 1.824, 589.4
21.77, 1.823, 588.2
21.78, 1.822, 586.6
21.79, 1.821, 585.2
21.80, 1.820, 582.5
21.81, 1.819, 578.4
21.82, 1.818, 576.8
21.83, 1.817, 577.2
21.84, 1.816, 575.3
21.85, 1.815, 574.8
21.86, 1.814, 572.9
21.87, 1.813, 571.9
21.88, 1.812, 569.0
21.89, 1.811, 567.7
21.90, 1.810, 566.4
21.91, 1.809, 565.8
21.92, 1.808, 564.2
21.93, 1.807, 559.2
21.94, 1.806, 559.1
21.95, 1.805, 557.7
21.96, 1.804, 554.9
21.97, 1.803, 553.8
21.98, 1.802, 551.2
21.99, 1.801, 551.0
22.00, 1.800, 548.8
22.01, 1.799, 547.2
22.02, 1.798, 545.0
22.03, 1.797, 545.4
22.04, 1.796, 543.5
22.05, 1.795, 541.1
22.06, 1.794, 539.1
22.07, 1.793, 537.3
22.08, 1.792, 535.6
22.09, 1.791, 533.7
22.10, 1.790, 532.8
22.11, 1.789, 530.1
22.12, 1.788, 528.7
22.13, 1.787, 525.8
22.14, 1.786, 524.7
22.15, 1.785, 522.7
22.16, 1.784, 520.3
22.17, 1.783, 518.4
22.18, 1.782, 518.1
22.19, 1.781, 515.7
22.20, 1.780, 512.9
22.21, 1.779, 510.9
22.22, 1.778, 509.7
22.23, 1.777, 507.6
22.24, 1.776, 507.7
22.25, 1.775, 504.7
22.26, 1.774, 503.3
22.27, 1.773, 500.2
22.28, 1.772, 498.8
22.29, 1.771, 496.2
22.30, 1.770, 494.7
22.31, 1.769, 494.3
22.32, 1.768, 490.6
22.33, 1.767, 488.8
22.34, 1.766, 486.4
22.35, 1.765, 485.6
22.36, 1.764, 483.3
22.37, 1.763, 481.8
22.38, 1.762, 480.8
22.39, 1.761, 478.9
22.40, 1.760, 477.4
22.41, 1.759, 473.9
22.42, 1.758, 475.3
22.43, 1.757, 472.6
22.44, 1.756, 471.5
22.45, 1.755, 468.2
22.46, 1.754, 468.1
22.47, 1.753, 467.9
22.48, 1.752, 462.3
22.49, 1.751, 462.1
22.50, 1.750, 462.1
22.51, 1.749, 460.6
22.52, 1.748, 458.2
22.53, 1.747, 456.1
22.54, 1.746, 454.8
22.55, 1.745, 452.5
22.56, 1.744, 453.1
22.57, 1.743, 450.7
22.58, 1.742, 448.5
22.59, 1.741, 444.2
22.60, 1.740, 443.5
22.61, 1.739, 441.4
22.62, 1.738, 441.0
22.63, 1.737, 438.6
22.64, 1.736, 436.3
22.65, 1.735, 435.2
22.66, 1.734, 432.7
22.67, 1.733, 431.6
22.68, 1.732, 430.4
22.69, 1.731, 428.1
22.70, 1.730, 425.2
22.71, 1.729, 423.1
22.72, 1.728, 421.9
22.73, 1.727, 419.5
22.74, 1.726, 419.4
22.75, 1.725, 417.2
22.76, 1.724, 415.2
22.77, 1.723, 412.4
22.78, 1.722, 411.4
22.79, 1.721, 410.5
22.80, 1.720, 407.5
22.81, 1.719, 407.0
22.82, 1.718, 405.2
22.83, 1.717, 404.6
22.84, 1.716, 400.2
22.85, 1.715, 399.4
22.86, 1.714, 397.5
22.87, 1.713, 396.1
22.88, 1.712, 394.7
22.89, 1.711, 391.7
22.90, 1.710, 391.2
22.91, 1.709, 390.4
22.92, 1.708, 388.9
22.93, 1.707, 383.4
22.94, 1.706, 383.4
22.95, 1.705, 379.9
22.96, 1.704, 379.8
22.97, 1.703, 377.4
22.98, 1.702, 376.6
22.99, 1.701, 374.9
23.00, 1.700, 371.4
23.01, 1.699, 369.5
23.02, 1.698, 368.3
23.03, 1.697, 366.7
23.04, 1.696, 364.6
23.05, 1.695, 363.4
23.06, 1.694, 360.6
23.07, 1.693, 360.3
23.08, 1.692, 356.4
23.09, 1.691, 355.4
23.10, 1.690, 352.2
23.11, 1.689, 351.4
23.12, 1.688, 350.9
23.13, 1.687, 348.4
23.14, 1.686, 347.3
23.15, 1.685, 343.7
23.16, 1.684, 343.6
23.17, 1.683, 341.3
23.18, 1.682, 341.4
23.19, 1.681, 338.8
23.20, 1.680, 335.9
23.21, 1.679, 334.3
23.22, 1.678, 331.9
23.23, 1.677, 332.4
23.24, 1.676, 328.7
23.25, 1.675, 327.6
23.26, 1.674, 324.9
23.27, 1.673, 323.0
23.28, 1.672, 322.8
23.29, 1.671, 320.1
23.30, 1.670, 318.7
23.31, 1.669, 316.9
23.32, 1.668, 316.8
23.33, 1.667, 311.7
23.34, 1.666, 310.3
23.35, 1.665, 308.5
23.36, 1.664, 306.4
23.37, 1.663, 305.8
23.38, 1.662, 303.3
23.39, 1.661, 302.3
23.40, 1.660, 297.7
23.41, 1.659, 298.1
23.42, 1.658, 294.6
23.43, 1.657, 292.3
23.44, 1.656, 291.1
23.45, 1.655, 290.9
23.46, 1.654, 289.7
23.47, 1.653, 285.1
23.48, 1.652, 285.0
23.49, 1.651, 282.5
23.50, 1.650, 281.9
23.51, 1.649, 279.8
23.52, 1.648, 278.4
23.53, 1.647, 275.1
23.54, 1.646, 272.7
23.55, 1.645, 273.4
23.56, 1.644, 271.3
23.57, 1.643, 269.3
23.58, 1.642, 267.6
23.59, 1.641, 266.2
23.60, 1.640, 264.0
23.61, 1.639, 261.5
23.62, 1.638, 259.5
23.63, 1.637, 259.0
23.64, 1.636, 257.6
23.65, 1.635, 254.9
23.66, 1.634, 253.5
23.67, 1.633, 252.2
23.68, 1.632, 249.4
23.69, 1.631, 246.5
23.70, 1.630, 248.6
23.71, 1.629, 246.0
23.72, 1.628, 243.6
23.73, 1.627, 240.4
23.74, 1.626, 238.0
23.75, 1.625, 238.0
23.76, 1.624, 237.2
23.77, 1.623, 235.3
23.78, 1.622, 231.9
23.79, 1.621, 229.4
23.80, 1.620, 230.7
23.81, 1.619, 229.1
23.82, 1.618, 226.3
23.83, 1.617, 223.3
23.84, 1.616, 221.7
23.85, 1.615, 220.2
23.86, 1.614, 217.9
23.87, 1.613, 216.6
23.88, 1.612, 214.0
23.89, 1.611, 214.2
23.90, 1.610, 210.8
23.91, 1.609, 210.4
23.92, 1.608, 208.1
23.93, 1.607, 205.4
23.94, 1.606, 203.9
23.95, 1.605, 201.8
23.96, 1.604, 201.3
23.97, 1.603, 197.5
23.98, 1.602, 198.2
23.99, 1.601, 195.2
24.00, 1.600, 195.6
24.01, 1.599, 192.8
24.02, 1.598, 192.4
24.03, 1.597, 188.7
24.04, 1.596, 187.3
24.05, 1.595, 186.2
24.06, 1.594, 184.7
24.07, 1.593, 184.0
24.08, 1.592, 182.2
24.09, 1.591, 180.9
24.10, 1.590, 178.7
24.11, 1.589, 177.4
24.12, 1.588, 174.0
24.13, 1.587, 173.4
24.14, 1.586, 171.5
24.15, 1.585, 170.3
24.16, 1.584, 167.5
24.17, 1.583, 167.2
24.18, 1.582, 165.9
24.19, 1.581, 163.3
24.20, 1.580, 162.7
24.21, 1.579, 159.4
24.22, 1.578, 160.1
24.23, 1.577, 158.2
24.24, 1.576, 156.3
24.25, 1.575, 154.6
24.26, 1.574, 152.2
24.27, 1.573, 150.6
24.28, 1.572, 148.9
24.29, 1.571, 147.9
24.30, 1.570, 146.8
24.31, 1.569, 144.2
24.32, 1.568, 143.1
24.33, 1.567, 141.2
24.34, 1.566, 139.7
24.35, 1.565, 138.0
24.36, 1.564, 136.8
24.37, 1.563, 135.7
24.38, 1.562, 134.6
24.39, 1.561, 132.3
24.40, 1.560, 131.8
24.41, 1.559, 131.1
24.42, 1.558, 129.1
24.43, 1.557, 128.9
24.44, 1.556, 125.4
24.45, 1.555, 126.3
24.46, 1.554, 124.1
24.47, 1.553, 122.2
24.48, 1.552, 121.4
24.49, 1.551, 118.8
24.50, 1.550, 117.5
24.51, 1.549, 114.5
24.52, 1.548, 115.1
24.53, 1.547, 113.5
24.54, 1.546, 112.5
24.55, 1.545, 111.1
24.56, 1.544, 107.0
24.57, 1.543, 109.6
24.58, 1.542, 103.7
24.59, 1.541, 104.3
24.60, 1.540, 103.0
24.61, 1.539, 104.8
24.62, 1.538, 102.1
24.63, 1.537, 98.54
24.64, 1.536, 99.15
24.65, 1.535, 96.53
24.66, 1.534, 96.46
24.67, 1.533, 93.46
24.68, 1.532, 93.41
24.69, 1.531, 91.78
24.70, 1.530, 91.03
24.71, 1.529, 90.06
24.72, 1.528, 88.67
24.73, 1.527, 86.93
24.74, 1.526, 85.41
24.75, 1.525, 85.45
24.76, 1.524, 83.18
24.77, 1.523, 82.33
24.78, 1.522, 80.45
24.79, 1.521, 79.05
24.80, 1.520, 78.74
24.81, 1.519, 77.71
24.82, 1.518, 77.27
24.83, 1.517, 74.54
24.84, 1.516, 74.65
24.85, 1.515, 74.76
24.86, 1.514, 73.73
24.87, 1.513, 71.04
24.88, 1.512, 71.10
24.89, 1.511, 70.42
24.90, 1.510, 68.42
24.91, 1.509, 68.07
24.92, 1.508, 66.56
24.93, 1.507, 64.91
24.94, 1.506, 63.66
24.95, 1.505, 63.82
24.96, 1.504, 62.69
24.97, 1.503, 61.21
24.98, 1.502, 59.46
24.99, 1.501, 59.47
25.00, 1.500, 61.40
25.01, 1.499, 58.99
25.02, 1.498, 59.98
25.03, 1.497, 56.77
25.04, 1.496, 55.22
25.05, 1.495, 56.67
25.06, 1.494, 54.14
25.07, 1.493, 53.26
25.08, 1.492, 53.04
25.09, 1.491, 50.25
25.10, 1.490, 50.74
25.11, 1.489, 49.84
25.12, 1.488, 48.82
25.13, 1.487, 48.25
25.14, 1.486, 48.32
25.15, 1.485, 47.98
25.16, 1.484, 45.11
25.17, 1.483, 45.45
25.18, 1.482, 43.70
25.19, 1.481, 42.90
25.20, 1.480, 42.22
25.21, 1.479, 42.15
25.22, 1.478, 42.14
25.23, 1.477, 42.95
25.24, 1.476, 40.82
25.25, 1.475, 41.19
25.26, 1.474, 40.34
25.27, 1.473, 38.62
25.28, 1.472, 36.75
25.29, 1.471, 36.19
25.30, 1.470, 36.18
25.31, 1.469, 35.36
25.32, 1.468, 35.47
25.33, 1.467, 34.72
25.34, 1.466, 34.30
25.35, 1.465, 32.32
25.36, 1.464, 32.41
25.37, 1.463, 33.30
25.38, 1.462, 31.48
25.39, 1.461, 32.74
25.40, 1.460, 30.50
25.41, 1.459, 31.09
25.42, 1.458, 29.85
25.43, 1.457, 29.44
25.44, 1.456, 29.72
25.45, 1.455, 27.58
25.46, 1.454, 27.44
25.47, 1.453, 27.23
25.48, 1.452, 28.81
25.49, 1.451, 26.04
25.50, 1.450, 26.08
25.51, 1.449, 24.94
25.52, 1.448, 25.41
25.53, 1.447, 23.40
25.54, 1.446, 24.11
25.55, 1.445, 22.96
25.56, 1.444, 23.56
25.57, 1.443, 22.85
25.58, 1.442, 22.57
25.59, 1.441, 21.48
25.60, 1.440, 22.74
25.61, 1.439, 21.49
25.62, 1.438, 22.27
25.63, 1.437, 19.96
25.64, 1.436, 20.61
25.65, 1.435, 19.73
25.66, 1.434, 19.20
25.67, 1.433, 19.98
25.68, 1.432, 18.67
25.69, 1.431, 20.85
25.70, 1.430, 18.06
25.71, 1.429, 17.68
25.72, 1.428, 18.45
25.73, 1.427, 17.87
25.74, 1.426, 17.17
25.75, 1.425, 16.36
25.76, 1.424, 16.05
25.77, 1.423, 16.38
25.78, 1.422, 15.90
25.79, 1.421, 16.53
25.80, 1.420, 16.11
25.81, 1.419, 16.00
25.82, 1.418, 14.22
25.83, 1.417, 14.66
25.84, 1.416, 14.80
25.85, 1.415, 16.21
25.86, 1.414, 14.66
25.87, 1.413, 12.88
25.88, 1.412, 14.25
25.89, 1.411, 12.96
25.90, 1.410, 13.48
25.91, 1.409, 13.70
25.92, 1.408, 13.44
25.93, 1.407, 13.27
25.94, 1.406, 13.34
25.95, 1.405, 11.42
25.96, 1.404, 12.31
25.97, 1.403, 11.07
25.98, 1.402, 11.80
25.99, 1.401, 10.19
26.00, 1.400, 11.65
26.01, 1.399, 10.56
26.02, 1.398, 12.08
26.03, 1.397, 9.999
26.04, 1.396, 9.907
26.05, 1.395, 9.467
26.06, 1.394, 11.04
26.07, 1.393, 12.19
26.08, 1.392, 9.028
26.09, 1.391, 9.545
26.10, 1.390, 10.85
26.11, 1.389, 9.198
26.12, 1.388, 10.33
26.13, 1.387, 10.11
26.14, 1.386, 8.711
26.15, 1.385, 7.801
26.16, 1.384, 8.487
26.17, 1.383, 9.617
26.18, 1.382, 8.696
26.19, 1.381, 9.118
26.20, 1.380, 8.012
26.21, 1.379, 10.08
26.22, 1.378, 7.924
26.23, 1.377, 10.35
26.24, 1.376, 7.503
26.25, 1.375, 9.294
26.26, 1.374, 9.053
26.27, 1.373, 8.428
26.28, 1.372, 7.296
26.29, 1.371, 9.903
26.30, 1.370, 8.077
26.31, 1.369, 7.668
26.32, 1.368, 6.792
26.33, 1.367, 8.564
26.34, 1.366, 9.890
26.35, 1.365, 8.034
26.36, 1.364, 7.379
26.37, 1.363, 7.433
26.38, 1.362, 6.433
26.39, 1.361, 7.176
26.40, 1.360, 8.127
26.41, 1.359, 6.994
26.42, 1.358, 7.287
26.43, 1.357, 6.984
26.44, 1.356, 6.717
26.45, 1.355, 6.251
26.46, 1.354, 6.033
26.47, 1.353, 8.156
26.48, 1.352, 5.844
26.49, 1.351, 6.794
26.50, 1.350, 6.285
26.51, 1.349, 6.697
26.52, 1.348, 8.472
26.53, 1.347, 5.440
26.54, 1.346, 6.019
26.55, 1.345, 6.707
26.56, 1.344, 7.060
26.57, 1.343, 6.259
26.58, 1.342, 6.572
26.59, 1.341, 6.233
26.60, 1.340, 7.490
26.61, 1.339, 5.070
26.62, 1.338, 6.959
26.63, 1.337, 5.432
26.64, 1.336, 7.192
26.65, 1.335, 6.459
26.66, 1.334, 6.572
26.67, 1.333, 5.837
26.68, 1.332, 8.135
26.69, 1.331, 5.807
26.70, 1.330, 4.957
26.71, 1.329, 6.627
26.72, 1.328, 6.180
26.73, 1.327, 4.701
26.74, 1.326, 4.618
26.75, 1.325, 5.137
26.76, 1.324, 4.930
26.77, 1.323, 4.002
26.78, 1.322, 4.401
26.79, 1.321, 5.443
26.80, 1.320, 5.448
26.81, 1.319, 3.307
26.82, 1.318, 2.892
26.83, 1.317, 3.042
26.84, 1.316, 3.240
26.85, 1.315, 4.563
26.86, 1.314, 3.358
26.87, 1.313, 4.654
26.88, 1.312, 4.062
26.89, 1.311, 3.498
26.90, 1.310, 3.058
26.91, 1.309, 4.393
26.92, 1.308, 2.859
26.93, 1.307, 1.998
26.94, 1.306, 2.608
26.95, 1.305, 1.813
26.96, 1.304, 2.146
26.97, 1.303, 2.308
26.98, 1.302, 3.482
26.99, 1.301, 3.356
27.00, 1.300, 1.764
27.01, 1.299, 3.688
27.02, 1.298, 0.6181
27.03, 1.297, 4.921
27.04, 1.296, 2.893
27.05, 1.295, 3.495
27.06, 1.294, 2.869
27.07, 1.293, 3.275
27.08, 1.292, 3.210
27.09, 1.291, 4.035
27.10, 1.290, 2.778
27.11, 1.289, 4.218
27.12, 1.288, 3.175
27.13, 1.287, 3.062
27.14, 1.286, 3.393
27.15, 1.285, 4.904
27.16, 1.284, 2.506
27.17, 1.283, 3.729
27.18, 1.282, 3.713
27.19, 1.281, 3.577
27.20, 1.280, 2.609
27.21, 1.279, 4.170
27.22, 1.278, 2.430
27.23, 1.277, 3.910
27.24, 1.276, 3.506
27.25, 1.275, 3.387
27.26, 1.274, 1.159
27.27, 1.273, 1.671
27.28, 1.272, 2.524
27.29, 1.271, 1.936
27.30, 1.270, 1.928
27.31, 1.269, 1.963
27.32, 1.268, 2.515
27.33, 1.267, 1.005
27.34, 1.266, 3.160
27.35, 1.265, 1.217
27.36, 1.264, 1.950
27.37, 1.263, 3.525
27.38, 1.262, 0.1694
27.39, 1.261, 2.045
27.40, 1.260, 2.059
27.41, 1.259, 1.945
27.42, 1.258, 1.828
27.43, 1.257, 2.291
27.44, 1.256, 1.737
27.45, 1.255, 2.415
27.46, 1.254, 1.470
27.47, 1.253, 2.182
27.48, 1.252, 1.257
27.49, 1.251, 1.613
27.50, 1.250, 1.514
27.51, 1.249, 1.301
27.52, 1.248, 0.1669
27.53, 1.247, 1.179
27.54, 1.246, 1.445
27.55, 1.245, 2.347
27.56, 1.244, 0.5549
27.57, 1.243, 1.889
27.58, 1.242, 0.007793
27.59, 1.241, 3.793
27.60, 1.240, -0.006898
27.61, 1.239, 1.767
27.62, 1.238, -2.004
27.63, 1.237, 0.2828
27.64, 1.236, 1.075
27.65, 1.235, 0.4878
27.66, 1.234, -1.401
27.67, 1.233, -0.9904
27.68, 1.232, -1.855
27.69, 1.231, 0.03858
27.70, 1.230, -1.324
27.71, 1.229, -0.2009
27.72, 1.228, -0.01458
27.73, 1.227, -1.189
27.74, 1.226, -1.127
27.75, 1.225, -1.163
27.76, 1.224, -1.771
27.77, 1.223, -2.656
27.78, 1.222, -0.7552
27.79, 1.221, -2.005
27.80, 1.220, -0.8521
27.81, 1.219, -0.2878
27.82, 1.218, -2.307
27.83, 1.217, -1.464
27.84, 1.216, -1.433
27.85, 1.215, -1.986
27.86, 1.214, -0.1857
27.87, 1.213, -2.031
27.88, 1.212, -1.165
27.89, 1.211, -2.826
27.90, 1.210, -0.3293
27.91, 1.209, -2.891
27.92, 1.208, -2.444
27.93, 1.207, -2.438
27.94, 1.206, -3.521
27.95, 1.205, -1.390
27.96, 1.204, -2.270
27.97, 1.203, -2.580
27.98, 1.202, -0.6664
27.99, 1.201, -0.05831
28.00, 1.200, -3.141
28.01, 1.199, -1.728
28.02, 1.198, -0.5547
28.03, 1.197, -3.258
28.04, 1.196, -2.428
28.05, 1.195, -2.584
28.06, 1.194, -4.245
28.07, 1.193, -3.072
28.08, 1.192, -1.416
28.09, 1.191, -2.215
28.10, 1.190, -3.614
28.11, 1.189, -2.805
28.12, 1.188, -3.374
28.13, 1.187, -3.747
28.14, 1.186, -2.266
28.15, 1.185, -3.770
28.16, 1.184, -3.850
28.17, 1.183, -2.037
28.18, 1.182, -2.561
28.19, 1.181, -2.792
28.20, 1.180, -2.756
28.21, 1.179, -4.305
28.22, 1.178, -3.752
28.23, 1.177, -4.486
28.24, 1.176, -2.572
28.25, 1.175, -1.840
28.26, 1.174, -3.813
28.27, 1.173, -5.720
28.28, 1.172, -3.476
28.29, 1.171, -2.165
28.30, 1.170, -4.354
28.31, 1.169, -4.357
28.32, 1.168, -3.793
28.33, 1.167, -3.775
28.34, 1.166, -2.072
28.35, 1.165, -4.409
28.36, 1.164, -4.191
28.37, 1.163, -2.598
28.38, 1.162, -3.235
28.39, 1.161, -4.174
28.40, 1.160, -3.708
28.41, 1.159, -4.329
28.42, 1.158, -4.908
28.43, 1.157, -3.480
28.44, 1.156, -2.812
28.45, 1.155, -3.644
28.46, 1.154, -5.292
28.47, 1.153, -2.323
28.48, 1.152, -5.564
28.49, 1.151, -3.925
28.50, 1.150, -5.144
28.51, 1.149, -4.210
28.52, 1.148, -4.703
28.53, 1.147, -4.140
28.54, 1.146, -5.122
28.55, 1.145, -6.601
28.56, 1.144, -4.993
28.57, 1.143, -3.812
28.58, 1.142, -5.647
28.59, 1.141, -4.167
28.60, 1.140, -5.119
28.61, 1.139, -5.090
28.62, 1.138, -3.904
28.63, 1.137, -3.673
28.64, 1.136, -6.739
28.65, 1.135, -4.809
28.66, 1.134, -4.465
28.67, 1.133, -2.884
28.68, 1.132, -4.045
28.69, 1.131, -5.995
28.70, 1.130, -4.510
28.71, 1.129, -5.351
28.72, 1.128, -5.804
28.73, 1.127, -5.337
28.74, 1.126, -4.642
28.75, 1.125, -5.241
28.76, 1.124, -4.730
28.77, 1.123, -5.510
28.78, 1.122, -4.485
28.79, 1.121, -6.201
28.80, 1.120, -6.175
28.81, 1.119, -3.941
28.82, 1.118, -4.836
28.83, 1.117, -4.558
28.84, 1.116, -4.753
28.85, 1.115, -5.293
28.86, 1.114, -5.207
28.87, 1.113, -5.476
28.88, 1.112, -5.526
28.89, 1.111, -5.036
28.90, 1.110, -5.321
28.91, 1.109, -5.215
28.92, 1.108, -5.833
28.93, 1.107, -6.494
28.94, 1.106, -5.046
28.95, 1.105, -4.913
28.96, 1.104, -5.836
28.97, 1.103, -5.095
28.98, 1.102, -3.486
28.99, 1.101, -4.002
29.00, 1.100, -4.961
29.01, 1.099, -5.197
29.02, 1.098, -4.225
29.03, 1.097, -6.869
29.04, 1.096, -5.657
29.05, 1.095, -5.245
29.06, 1.094, -4.652
29.07, 1.093, -4.006
29.08, 1.092, -5.173
29.09, 1.091, -4.346
29.10, 1.090, -6.166
29.11, 1.089, -5.841
29.12, 1.088, -5.037
29.13, 1.087, -3.939
29.14, 1.086, -4.765
29.15, 1.085, -2.983
29.16, 1.084, -4.185
29.17, 1.083, -4.190
29.18, 1.082, -4.775
29.19, 1.081, -4.301
29.20, 1.080, -4.401
29.21, 1.079, -4.261
29.22, 1.078, -5.133
29.23, 1.077, -4.566
29.24, 1.076, -2.295
29.25, 1.075, -4.124
29.26, 1.074, -4.154
29.27, 1.073, -4.275
29.28, 1.072, -3.541
29.29, 1.071, -5.015
29.30, 1.070, -5.492
29.31, 1.069, -5.902
29.32, 1.068, -5.259
29.33, 1.067, -5.476
29.34, 1.066, -3.951
29.35, 1.065, -5.208
29.36, 1.064, -5.497
29.37, 1.063, -6.120
29.38, 1.062, -4.936
29.39, 1.061, -4.211
29.40, 1.060, -4.851
29.41, 1.059, -4.154
29.42, 1.058, -4.639
29.43, 1.057, -5.456
29.44, 1.056, -4.534
29.45, 1.055, -3.926
29.46, 1.054, -4.710
29.47, 1.053, -4.995
29.48, 1.052, -5.000
29.49, 1.051, -4.490
29.50, 1.050, -5.875
29.51, 1.049, -4.742
29.52, 1.048, -5.974
29.53, 1.047, -5.603
29.54, 1.046, -5.297
29.55, 1.045, -5.148
29.56, 1.044, -5.931
29.57, 1.043, -4.956
29.58, 1.042, -6.807
29.59, 1.041, -4.315
29.60, 1.040, -6.634
29.61, 1.039, -4.525
29.62, 1.038, -6.099
29.63, 1.037, -4.310
29.64, 1.036, -5.102
29.65, 1.035, -1.887
29.66, 1.034, -5.069
29.67, 1.033, -5.159
29.68, 1.032, -5.668
29.69, 1.031, -4.358
29.70, 1.030, -5.302
29.71, 1.029, -3.164
29.72, 1.028, -4.168
29.73, 1.027, -4.612
29.74, 1.026, -5.997
29.75, 1.025, -4.071
29.76, 1.024, -6.016
29.77, 1.023, -4.602
29.78, 1.022, -4.774
29.79, 1.021, -3.263
29.80, 1.020, -5.002
29.81, 1.019, -5.782
29.82, 1.018, -3.958
29.83, 1.017, -4.870
29.84, 1.016, -4.844
29.85, 1.015, -6.210
29.86, 1.014, -4.599
29.87, 1.013, -5.161
29.88, 1.012, -4.989
29.89, 1.011, -5.592
29.90, 1.010, -5.522
29.91, 1.009, -4.316
29.92, 1.008, -5.688
29.93, 1.007, -5.052
29.94, 1.006, -4.067
29.95, 1.005, -6.060
29.96, 1.004, -4.423
29.97, 1.003, -5.413
29.98, 1.002, -5.533
29.99, 1.001, -4.431
30.00, 1.000, -5.100
30.01, 0.9990, -3.983
30.02, 0.9980, -5.305
30.03, 0.9970, -5.678
30.04, 0.9960, -4.606
30.05, 0.9950, -4.056
30.06, 0.9940, -4.445
30.07, 0.9930, -5.136
30.08, 0.9920, -4.366
30.09, 0.9910, -6.144
30.10, 0.9900, -6.044
30.11, 0.9890, -5.373
30.12, 0.9880, -3.473
30.13, 0.9870, -5.974
30.14, 0.9860, -3.064
30.15, 0.9850, -4.957
30.16, 0.9840, -4.658
30.17, 0.9830, -5.938
30.18, 0.9820, -4.406
30.19, 0.9810, -5.922
30.20, 0.9800, -3.851
30.21, 0.9790, -5.747
30.22, 0.9780, -4.135
30.23, 0.9770, -4.598
30.24, 0.9760, -3.828
30.25, 0.9750, -5.136
30.26, 0.9740, -4.282
30.27, 0.9730, -5.100
30.28, 0.9720, -4.659
30.29, 0.9710, -6.441
30.30, 0.9700, -5.059
30.31, 0.9690, -6.817
30.32, 0.9680, -3.708
30.33, 0.9670, -5.378
30.34, 0.9660, -5.217
30.35, 0.9650, -5.095
30.36, 0.9640, -4.429
30.37, 0.9630, -4.788
30.38, 0.9620, -7.259
30.39, 0.9610, -4.513
30.40, 0.9600, -5.834
30.41, 0.9590, -5.397
30.42, 0.9580, -5.887
30.43, 0.9570, -3.787
30.44, 0.9560, -5.277
30.45, 0.9550, -2.641
30.46, 0.9540, -4.894
30.47, 0.9530, -3.817
30.48, 0.9520, -5.803
30.49, 0.9510, -4.538
30.50, 0.9500, -5.174
30.51, 0.9490, -4.711
30.52, 0.9480, -4.766
30.53, 0.9470, -5.535
30.54, 0.9460, -4.401
30.55, 0.9450, -4.586
30.56, 0.9440, -5.129
30.57, 0.9430, -4.355
30.58, 0.9420, -5.490
30.59, 0.9410, -5.560
30.60, 0.9400, -5.843
30.61, 0.9390, -4.136
30.62, 0.9380, -5.301
30.63, 0.9370, -5.233
30.64, 0.9360, -5.224
30.65, 0.9350, -4.704
30.66, 0.9340, -5.858
30.67, 0.9330, -4.801
30.68, 0.9320, -5.495
30.69, 0.9310, -4.504
30.70, 0.9300, -3.966
30.71, 0.9290, -4.599
30.72, 0.9280, -5.008
30.73, 0.9270, -5.107
30.74, 0.9260, -4.677
30.75, 0.9250, -5.639
30.76, 0.9240, -3.971
30.77, 0.9230, -5.484
30.78, 0.9220, -4.115
30.79, 0.9210, -5.214
30.80, 0.9200, -3.763
30.81, 0.9190, -5.013
30.82, 0.9180, -4.296
30.83, 0.9170, -5.549
30.84, 0.9160, -4.408
30.85, 0.9150, -4.822
30.86, 0.9140, -4.858
30.87, 0.9130, -6.171
30.88, 0.9120, -2.545
30.89, 0.9110, -4.724
30.90, 0.9100, -4.425
30.91, 0.9090, -4.585
30.92, 0.9080, -4.102
30.93, 0.9070, -5.648
30.94, 0.9060, -5.206
30.95, 0.9050, -4.130
30.96, 0.9040, -5.006
30.97, 0.9030, -6.555
30.98, 0.9020, -4.569
30.99, 0.9010, -5.944
31.00, 0.9000, -5.806
31.01, 0.8990, -4.886
31.02, 0.8980, -6.168
31.03, 0.8970, -5.166
31.04, 0.8960, -4.875
31.05, 0.8950, -4.878
31.06, 0.8940, -4.891
31.07, 0.8930, -4.856
31.08, 0.8920, -5.321
31.09, 0.8910, -5.015
31.10, 0.8900, -5.447
31.11, 0.8890, -4.493
31.12, 0.8880, -4.004
31.13, 0.8870, -5.304
31.14, 0.8860, -5.043
31.15, 0.8850, -5.473
31.16, 0.8840, -4.885
31.17, 0.8830, -5.293
31.18, 0.8820, -5.360
31.19, 0.8810, -3.598
31.20, 0.8800, -2.891
31.21, 0.8790, -4.760
31.22, 0.8780, -4.356
31.23, 0.8770, -4.694
31.24, 0.8760, -4.258
31.25, 0.8750, -4.773
31.26, 0.8740, -5.412
31.27, 0.8730, -6.317
31.28, 0.8720, -4.589
31.29, 0.8710, -4.117
31.30, 0.8700, -5.251
31.31, 0.8690, -4.029
31.32, 0.8680, -5.981
31.33, 0.8670, -4.696
31.34, 0.8660, -5.817
31.35, 0.8650, -4.686
31.36, 0.8640, -4.361
31.37, 0.8630, -4.122
31.38, 0.8620, -3.871
31.39, 0.8610, -3.703
31.40, 0.8600, -5.349
31.41, 0.8590, -4.920
31.42, 0.8580, -4.288
31.43, 0.8570, -5.117
31.44, 0.8560, -5.006
31.45, 0.8550, -5.398
31.46, 0.8540, -3.329
31.47, 0.8530, -4.441
31.48, 0.8520, -4.852
31.49, 0.8510, -2.759
31.50, 0.8500, -5.192
31.51, 0.8490, -4.950
31.52, 0.8480, -3.960
31.53, 0.8470, -6.283
31.54, 0.8460, -4.389
31.55, 0.8450, -6.420
31.56, 0.8440, -5.205
31.57, 0.8430, -5.171
31.58, 0.8420, -5.128
31.59, 0.8410, -6.038
31.60, 0.8400, -5.966
31.61, 0.8390, -4.056
31.62, 0.8380, -5.397
31.63, 0.8370, -4.953
31.64, 0.8360, -5.235
31.65, 0.8350, -5.182
31.66, 0.8340, -6.367
31.67, 0.8330, -5.170
31.68, 0.8320, -5.330
31.69, 0.8310, -4.468
31.70, 0.8300, -5.217
31.71, 0.8290, -5.187
31.72, 0.8280, -5.059
31.73, 0.8270, -5.402
31.74, 0.8260, -6.106
31.75, 0.8250, -5.198
31.76, 0.8240, -4.805
31.77, 0.8230, -6.213
31.78, 0.8220, -5.229
31.79, 0.8210, -4.583
31.80, 0.8200, -5.401
31.81, 0.8190, -6.171
31.82, 0.8180, -6.166
31.83, 0.8170, -5.347
31.84, 0.8160, -6.536
31.85, 0.8150, -5.466
31.86, 0.8140, -4.948
31.87, 0.8130, -5.180
31.88, 0.8120, -3.072
31.89, 0.8110, -4.529
31.90, 0.8100, -4.618
31.91, 0.8090, -5.242
31.92, 0.8080, -5.254
31.93, 0.8070, -5.202
31.94, 0.8060, -6.390
31.95, 0.8050, -5.049
31.96, 0.8040, -5.828
31.97, 0.8030, -3.926
31.98, 0.8020, -5.186
31.99, 0.8010, -5.030
32.00, 0.8000, -5.297
32.01, 0.7990, -5.058
32.02, 0.7980, -5.671
32.03, 0.7970, -5.732
32.04, 0.7960, -5.138
32.05, 0.7950, -4.651
32.06, 0.7940, -5.463
32.07, 0.7930, -5.035
32.08, 0.7920, -5.813
32.09, 0.7910, -4.402
32.10, 0.7900, -6.663
32.11, 0.7890, -4.957
32.12, 0.7880, -5.190
32.13, 0.7870, -4.663
32.14, 0.7860, -4.842
32.15, 0.7850, -6.278
32.16, 0.7840, -4.504
32.17, 0.7830, -4.168
32.18, 0.7820, -2.875
32.19, 0.7810, -4.314
32.20, 0.7800, -6.152
32.21, 0.7790, -5.213
32.22, 0.7780, -5.272
32.23, 0.7770, -5.488
32.24, 0.7760, -6.127
32.25, 0.7750, -5.405
32.26, 0.7740, -6.050
32.27, 0.7730, -4.131
32.28, 0.7720, -6.152
32.29, 0.7710, -4.395
32.30, 0.7700, -5.239
32.31, 0.7690, -4.474
32.32, 0.7680, -5.633
32.33, 0.7670, -4.653
32.34, 0.7660, -4.650
32.35, 0.7650, -4.026
32.36, 0.7640, -5.197
32.37, 0.7630, -5.316
32.38, 0.7620, -3.966
32.39, 0.7610, -5.014
32.40, 0.7600, -4.134
32.41, 0.7590, -4.145
32.42, 0.7580, -5.127
32.43, 0.7570, -3.590
32.44, 0.7560, -4.990
32.45, 0.7550, -3.785
32.46, 0.7540, -5.103
32.47, 0.7530, -4.469
32.48, 0.7520, -3.742
32.49, 0.7510, -4.802
32.50, 0.7500, -5.556
32.51, 0.7490, -4.078
32.52, 0.7480, -4.211
32.53, 0.7470, -4.739
32.54, 0.7460, -6.302
32.55, 0.7450, -4.508
32.56, 0.7440, -4.717
32.57, 0.7430, -4.783
32.58, 0.7420, -4.934
32.59, 0.7410, -4.900
32.60, 0.7400, -5.682
32.61, 0.7390, -4.917
32.62, 0.7380, -4.679
32.63, 0.7370, -5.898
32.64, 0.7360, -4.650
32.65, 0.7350, -2.177
32.66, 0.7340, -4.484
32.67, 0.7330, -5.482
32.68, 0.7320, -4.572
32.69, 0.7310, -5.600
32.70, 0.7300, -5.083
32.71, 0.7290, -5.353
32.72, 0.7280, -4.382
32.73, 0.7270, -4.576
32.74, 0.7260, -5.701
32.75, 0.7250, -5.780
32.76, 0.7240, -4.799
32.77, 0.7230, -5.743
32.78, 0.7220, -5.957
32.79, 0.7210, -6.271
32.80, 0.7200, -4.774
32.81, 0.7190, -6.265
32.82, 0.7180, -5.110
32.83, 0.7170, -4.982
32.84, 0.7160, -4.672
32.85, 0.7150, -5.496
32.86, 0.7140, -4.968
32.87, 0.7130, -5.431
32.88, 0.7120, -4.451
32.89, 0.7110, -6.064
32.90, 0.7100, -5.244
32.91, 0.7090, -5.728
32.92, 0.7080, -4.896
32.93, 0.7070, -4.810
32.94, 0.7060, -6.474
32.95, 0.7050, -5.337
32.96, 0.7040, -5.212
32.97, 0.7030, -5.332
32.98, 0.7020, -5.651
32.99, 0.7010, -5.153
33.00, 0.7000, -4.846
33.01, 0.6990, -4.690
33.02, 0.6980, -5.977
33.03, 0.6970, -5.444
33.04, 0.6960, -5.156
33.05, 0.6950, -4.573
33.06, 0.6940, -5.626
33.07, 0.6930, -5.555
33.08, 0.6920, -5.674
33.09, 0.6910, -4.843
33.10, 0.6900, -7.422
33.11, 0.6890, -4.384
33.12, 0.6880, -5.435
33.13, 0.6870, -4.169
33.14, 0.6860, -6.806
33.15, 0.6850, -5.322
33.16, 0.6840, -5.008
33.17, 0.6830, -4.830
33.18, 0.6820, -4.022
33.19, 0.6810, -4.864
33.20, 0.6800, -5.323
33.21, 0.6790, -4.160
33.22, 0.6780, -5.560
33.23, 0.6770, -6.068
33.24, 0.6760, -5.843
33.25, 0.6750, -5.348
33.26, 0.6740, -4.903
33.27, 0.6730, -5.236
33.28, 0.6720, -5.366
33.29, 0.6710, -4.727
33.30, 0.6700, -4.421
33.31, 0.6690, -3.890
33.32, 0.6680, -5.903
33.33, 0.6670, -4.448
33.34, 0.6660, -5.090
33.35, 0.6650, -4.548
33.36, 0.6640, -5.414
33.37, 0.6630, -4.724
33.38, 0.6620, -5.315
33.39, 0.6610, -5.133
33.40, 0.6600, -4.944
33.41, 0.6590, -4.902
33.42, 0.6580, -4.937
33.43, 0.6570, -3.208
33.44, 0.6560, -5.336
33.45, 0.6550, -3.669
33.46, 0.6540, -5.755
33.47, 0.6530, -4.280
33.48, 0.6520, -4.951
33.49, 0.6510, -4.848
33.50, 0.6500, -5.115
33.51, 0.6490, -5.447
33.52, 0.6480, -5.220
33.53, 0.6470, -5.508
33.54, 0.6460, -6.325
33.55, 0.6450, -4.560
33.56, 0.6440, -6.742
33.57, 0.6430, -2.426
33.58, 0.6420, -5.163
33.59, 0.6410, -5.701
33.60, 0.6400, -5.686
33.61, 0.6390, -5.057
33.62, 0.6380, -5.797
33.63, 0.6370, -4.552
33.64, 0.6360, -6.188
33.65, 0.6350, -4.812
33.66, 0.6340, -5.648
33.67, 0.6330, -5.660
33.68, 0.6320, -5.028
33.69, 0.6310, -6.211
33.70, 0.6300, -6.600
33.71, 0.6290, -5.150
33.72, 0.6280, -5.043
33.73, 0.6270, -4.687
33.74, 0.6260, -4.201
33.75, 0.6250, -5.421
33.76, 0.6240, -4.751
33.77, 0.6230, -4.862
33.78, 0.6220, -3.796
33.79, 0.6210, -6.283
33.80, 0.6200, -4.885
33.81, 0.6190, -4.595
33.82, 0.6180, -5.682
33.83, 0.6170, -5.455
33.84, 0.6160, -6.017
33.85, 0.6150, -5.992
33.86, 0.6140, -4.098
33.87, 0.6130, -5.056
33.88, 0.6120, -4.704
33.89, 0.6110, -5.542
33.90, 0.6100, -3.969
33.91, 0.6090, -5.990
33.92, 0.6080, -5.061
33.93, 0.6070, -5.291
33.94, 0.6060, -5.594
33.95, 0.6050, -6.879
33.96, 0.6040, -5.070
33.97, 0.6030, -5.708
33.98, 0.6020, -5.403
33.99, 0.6010, -5.594
34.00, 0.6000, -5.832
34.01, 0.5990, -6.237
34.02, 0.5980, -4.808
34.03, 0.5970, -4.572
34.04, 0.5960, -4.959
34.05, 0.5950, -5.470
34.06, 0.5940, -5.425
34.07, 0.5930, -8.127
34.08, 0.5920, -5.249
34.09, 0.5910, -5.641
34.10, 0.5900, -5.221
34.11, 0.5890, -5.291
34.12, 0.5880, -5.169
34.13, 0.5870, -5.467
34.14, 0.5860, -4.822
34.15, 0.5850, -3.794
34.16, 0.5840, -4.260
34.17, 0.5830, -4.081
34.18, 0.5820, -4.204
34.19, 0.5810, -5.284
34.20, 0.5800, -4.541
34.21, 0.5790, -5.260
34.22, 0.5780, -5.867
34.23, 0.5770, -4.484
34.24, 0.5760, -5.214
34.25, 0.5750, -5.072
34.26, 0.5740, -5.548
34.27, 0.5730, -4.465
34.28, 0.5720, -5.609
34.29, 0.5710, -5.446
34.30, 0.5700, -5.021
34.31, 0.5690, -4.520
34.32, 0.5680, -5.569
34.33, 0.5670, -4.251
34.34, 0.5660, -5.516
34.35, 0.5650, -4.854
34.36, 0.5640, -6.473
34.37, 0.5630, -4.054
34.38, 0.5620, -6.185
34.39, 0.5610, -4.925
34.40, 0.5600, -5.833
34.41, 0.5590, -5.034
34.42, 0.5580, -5.900
34.43, 0.5570, -3.404
34.44, 0.5560, -7.726
34.45, 0.5550, -5.688
34.46, 0.5540, -3.956
34.47, 0.5530, -5.429
34.48, 0.5520, -4.770
34.49, 0.5510, -4.406
34.50, 0.5500, -4.434
34.51, 0.5490, -5.972
34.52, 0.5480, -5.142
34.53, 0.5470, -5.612
34.54, 0.5460, -5.507
34.55, 0.5450, -5.343
34.56, 0.5440, -3.796
34.57, 0.5430, -5.406
34.58, 0.5420, -5.111
34.59, 0.5410, -5.389
34.60, 0.5400, -6.443
34.61, 0.5390, -4.182
34.62, 0.5380, -4.030
34.63, 0.5370, -4.756
34.64, 0.5360, -5.363
34.65, 0.5350, -3.223
34.66, 0.5340, -4.157
34.67, 0.5330, -5.378
34.68, 0.5320, -4.127
34.69, 0.5310, -5.939
34.70, 0.5300, -7.156
34.71, 0.5290, -5.309
34.72, 0.5280, -5.457
34.73, 0.5270, -4.094
34.74, 0.5260, -6.582
34.75, 0.5250, -5.051
34.76, 0.5240, -5.539
34.77, 0.5230, -2.954
34.78, 0.5220, -3.287
34.79, 0.5210, -6.220
34.80, 0.5200, -5.817
34.81, 0.5190, -5.201
34.82, 0.5180, -6.462
34.83, 0.5170, -4.716
34.84, 0.5160, -4.687
34.85, 0.5150, -5.306
34.86, 0.5140, -5.801
34.87, 0.5130, -5.102
34.88, 0.5120, -5.981
34.89, 0.5110, -6.306
34.90, 0.5100, -6.221
34.91, 0.5090, -5.804
34.92, 0.5080, -5.198
34.93, 0.5070, -3.996
34.94, 0.5060, -5.562
34.95, 0.5050, -5.585
34.96, 0.5040, -4.932
34.97, 0.5030, -4.268
34.98, 0.5020, -5.524
34.99, 0.5010, -4.994
35.00, 0.5000, -4.859
35.01, 0.4990, -4.886
35.02, 0.4980, -4.229
35.03, 0.4970, -5.688
35.04, 0.4960, -4.914
35.05, 0.4950, -4.358
35.06, 0.4940, -3.604
35.07, 0.4930, -4.995
35.08, 0.4920, -5.263
35.09, 0.4910, -5.598
35.10, 0.4900, -5.160
35.11, 0.4890, -4.076
35.12, 0.4880, -3.524
35.13, 0.4870, -5.399
35.14, 0.4860, -5.634
35.15, 0.4850, -5.141
35.16, 0.4840, -4.512
35.17, 0.4830, -5.072
35.18, 0.4820, -6.171
35.19, 0.4810, -4.545
35.20, 0.4800, -6.174
35.21, 0.4790, -5.220
35.22, 0.4780, -7.065
35.23, 0.4770, -4.386
35.24, 0.4760, -6.001
35.25, 0.4750, -5.779
35.26, 0.4740, -5.374
35.27, 0.4730, -6.027
35.28, 0.4720, -3.324
35.29, 0.4710, -8.252
35.30, 0.4700, -4.483
35.31, 0.4690, -5.162
35.32, 0.4680, -4.571
35.33, 0.4670, -5.082
35.34, 0.4660, -5.773
35.35, 0.4650, -5.044
35.36, 0.4640, -4.808
35.37, 0.4630, -4.942
35.38, 0.4620, -4.804
35.39, 0.4610, -4.946
35.40, 0.4600, -5.629
35.41, 0.4590, -4.786
35.42, 0.4580, -4.570
35.43, 0.4570, -5.553
35.44, 0.4560, -3.957
35.45, 0.4550, -5.776
35.46, 0.4540, -4.348
35.47, 0.4530, -3.988
35.48, 0.4520, -4.583
35.49, 0.4510, -5.750
35.50, 0.4500, -3.843
35.51, 0.4490, -4.820
35.52, 0.4480, -5.019
35.53, 0.4470, -5.846
35.54, 0.4460, -5.061
35.55, 0.4450, -5.444
35.56, 0.4440, -3.417
35.57, 0.4430, -5.734
35.58, 0.4420, -5.365
35.59, 0.4410, -5.024
35.60, 0.4400, -4.985
35.61, 0.4390, -5.955
35.62, 0.4380, -4.145
35.63, 0.4370, -5.869
35.64, 0.4360, -5.332
35.65, 0.4350, -6.479
35.66, 0.4340, -3.867
35.67, 0.4330, -6.032
35.68, 0.4320, -6.034
35.69, 0.4310, -5.074
35.70, 0.4300, -5.157
35.71, 0.4290, -5.575
35.72, 0.4280, -4.339
35.73, 0.4270, -5.646
35.74, 0.4260, -5.355
35.75, 0.4250, -5.759
35.76, 0.4240, -6.230
35.77, 0.4230, -4.725
35.78, 0.4220, -6.447
35.79, 0.4210, -4.997
35.80, 0.4200, -4.543
35.81, 0.4190, -4.227
35.82, 0.4180, -5.356
35.83, 0.4170, -4.650
35.84, 0.4160, -5.680
35.85, 0.4150, -5.535
35.86, 0.4140, -5.081
35.87, 0.4130, -4.644
35.88, 0.4120, -5.437
35.89, 0.4110, -5.060
35.90, 0.4100, -5.112
35.91, 0.4090, -4.911
35.92, 0.4080, -4.172
35.93, 0.4070, -5.337
35.94, 0.4060, -5.037
35.95, 0.4050, -5.701
35.96, 0.4040, -4.887
35.97, 0.4030, -5.770
35.98, 0.4020, -3.736
35.99, 0.4010, -5.532
36.00, 0.4000, -3.750
36.01, 0.3990, -6.114
36.02, 0.3980, -4.721
36.03, 0.3970, -6.031
36.04, 0.3960, -6.133
36.05, 0.3950, -5.835
36.06, 0.3940, -5.279
36.07, 0.3930, -4.550
36.08, 0.3920, -5.600
36.09, 0.3910, -6.162
36.10, 0.3900, -6.252
36.11, 0.3890, -5.475
36.12, 0.3880, -5.698
36.13, 0.3870, -4.836
36.14, 0.3860, -6.092
36.15, 0.3850, -5.964
36.16, 0.3840, -4.228
36.17, 0.3830, -5.417
36.18, 0.3820, -3.762
36.19, 0.3810, -5.582
36.20, 0.3800, -5.892
36.21, 0.3790, -5.297
36.22, 0.3780, -4.448
36.23, 0.3770, -5.457
36.24, 0.3760, -5.028
36.25, 0.3750, -4.539
36.26, 0.3740, -4.378
36.27, 0.3730, -6.023
36.28, 0.3720, -5.586
36.29, 0.3710, -4.491
36.30, 0.3700, -5.855
36.31, 0.3690, -5.103
36.32, 0.3680, -5.494
36.33, 0.3670, -5.930
36.34, 0.3660, -4.018
36.35, 0.3650, -5.270
36.36, 0.3640, -5.536
36.37, 0.3630, -5.852
36.38, 0.3620, -4.534
36.39, 0.3610, -5.667
36.40, 0.3600, -5.150
36.41, 0.3590, -6.027
36.42, 0.3580, -4.396
36.43, 0.3570, -5.927
36.44, 0.3560, -4.595
36.45, 0.3550, -5.552
36.46, 0.3540, -6.273
36.47, 0.3530, -5.188
36.48, 0.3520, -6.062
36.49, 0.3510, -5.171
36.50, 0.3500, -5.487
36.51, 0.3490, -6.379
36.52, 0.3480, -4.570
36.53, 0.3470, -5.157
36.54, 0.3460, -5.760
36.55, 0.3450, -7.270
36.56, 0.3440, -5.851
36.57, 0.3430, -4.862
36.58, 0.3420, -5.738
36.59, 0.3410, -5.039
36.60, 0.3400, -4.979
36.61, 0.3390, -6.318
36.62, 0.3380, -6.646
36.63, 0.3370, -6.586
36.64, 0.3360, -4.634
36.65, 0.3350, -5.164
36.66, 0.3340, -6.194
36.67, 0.3330, -4.908
36.68, 0.3320, -3.818
36.69, 0.3310, -5.101
36.70, 0.3300, -5.059
36.71, 0.3290, -3.863
36.72, 0.3280, -3.278
36.73, 0.3270, -4.975
36.74, 0.3260, -5.682
36.75, 0.3250, -5.014
36.76, 0.3240, -6.219
36.77, 0.3230, -4.743
36.78, 0.3220, -6.129
36.79, 0.3210, -5.246
36.80, 0.3200, -5.570
36.81, 0.3190, -5.832
36.82, 0.3180, -5.493
36.83, 0.3170, -6.166
36.84, 0.3160, -4.328
36.85, 0.3150, -6.517
36.86, 0.3140, -5.499
36.87, 0.3130, -5.115
36.88, 0.3120, -6.604
36.89, 0.3110, -5.585
36.90, 0.3100, -5.712
36.91, 0.3090, -6.367
36.92, 0.3080, -5.241
36.93, 0.3070, -5.338
36.94, 0.3060, -5.368
36.95, 0.3050, -5.270
36.96, 0.3040, -5.949
36.97, 0.3030, -5.776
36.98, 0.3020, -5.442
36.99, 0.3010, -5.503
37.00, 0.3000, -5.196
37.01, 0.2990, -5.325
37.02, 0.2980, -6.040
37.03, 0.2970, -4.591
37.04, 0.2960, -5.175
37.05, 0.2950, -5.652
37.06, 0.2940, -6.584
37.07, 0.2930, -4.749
37.08, 0.2920, -7.099
37.09, 0.2910, -4.392
37.10, 0.2900, -5.697
37.11, 0.2890, -4.891
37.12, 0.2880, -4.427
37.13, 0.2870, -5.052
37.14, 0.2860, -6.699
37.15, 0.2850, -4.767
37.16, 0.2840, -5.461
37.17, 0.2830, -5.035
37.18, 0.2820, -6.072
37.19, 0.2810, -4.540
37.20, 0.2800, -6.269
37.21, 0.2790, -5.046
37.22, 0.2780, -5.697
37.23, 0.2770, -5.213
37.24, 0.2760, -4.187
37.25, 0.2750, -5.470
37.26, 0.2740, -5.539
37.27, 0.2730, -5.641
37.28, 0.2720, -4.886
37.29, 0.2710, -5.226
37.30, 0.2700, -5.180
37.31, 0.2690, -6.247
37.32, 0.2680, -6.162
37.33, 0.2670, -5.761
37.34, 0.2660, -3.931
37.35, 0.2650, -5.673
37.36, 0.2640, -6.509
37.37, 0.2630, -5.219
37.38, 0.2620, -5.695
37.39, 0.2610, -4.933
37.40, 0.2600, -5.701
37.41, 0.2590, -5.981
37.42, 0.2580, -3.750
37.43, 0.2570, -5.161
37.44, 0.2560, -5.823
37.45, 0.2550, -6.319
37.46, 0.2540, -6.031
37.47, 0.2530, -4.619
37.48, 0.2520, -5.730
37.49, 0.2510, -5.617
37.50, 0.2500, -6.475
37.51, 0.2490, -6.112
37.52, 0.2480, -4.582
37.53, 0.2470, -5.572
37.54, 0.2460, -5.507
37.55, 0.2450, -6.548
37.56, 0.2440, -4.835
37.57, 0.2430, -5.845
37.58, 0.2420, -5.146
37.59, 0.2410, -6.155
37.60, 0.2400, -5.194
37.61, 0.2390, -5.335
37.62, 0.2380, -5.611
37.63, 0.2370, -5.953
37.64, 0.2360, -3.691
37.65, 0.2350, -4.373
37.66, 0.2340, -5.529
37.67, 0.2330, -6.209
37.68, 0.2320, -5.626
37.69, 0.2310, -4.917
37.70, 0.2300, -5.731
37.71, 0.2290, -6.305
37.72, 0.2280, -5.924
37.73, 0.2270, -5.007
37.74, 0.2260, -5.949
37.75, 0.2250, -5.815
37.76, 0.2240, -4.933
37.77, 0.2230, -5.908
37.78, 0.2220, -6.810
37.79, 0.2210, -6.487
37.80, 0.2200, -5.315
37.81, 0.2190, -5.941
37.82, 0.2180, -6.168
37.83, 0.2170, -5.989
37.84, 0.2160, -5.061
37.85, 0.2150, -3.496
37.86, 0.2140, -5.368
37.87, 0.2130, -6.496
37.88, 0.2120, -6.480
37.89, 0.2110, -4.834
37.90, 0.2100, -3.593
37.91, 0.2090, -5.358
37.92, 0.2080, -6.138
37.93, 0.2070, -5.218
37.94, 0.2060, -6.605
37.95, 0.2050, -5.749
37.96, 0.2040, -7.208
37.97, 0.2030, -4.774
37.98, 0.2020, -5.295
37.99, 0.2010, -3.802
38.00, 0.2000, -5.984
38.01, 0.1990, -5.575
38.02, 0.1980, -4.520
38.03, 0.1970, -6.123
38.04, 0.1960, -4.301
38.05, 0.1950, -5.900
38.06, 0.1940, -8.355
38.07, 0.1930, -6.097
38.08, 0.1920, -6.375
38.09, 0.1910, -2.725
38.10, 0.1900, -5.775
38.11, 0.1890, -4.678
38.12, 0.1880, -6.641
38.13, 0.1870, -5.640
38.14, 0.1860, -5.735
38.15, 0.1850, -4.819
38.16, 0.1840, -5.642
38.17, 0.1830, -5.774
38.18, 0.1820, -4.660
38.19, 0.1810, -5.998
38.20, 0.1800, -6.250
38.21, 0.1790, -5.268
38.22, 0.1780, -6.270
38.23, 0.1770, -6.271
38.24, 0.1760, -6.437
38.25, 0.1750, -5.282
38.26, 0.1740, -5.550
38.27, 0.1730, -5.545
38.28, 0.1720, -5.634
38.29, 0.1710, -6.767
38.30, 0.1700, -5.152
38.31, 0.1690, -5.597
38.32, 0.1680, -6.092
38.33, 0.1670, -5.792
38.34, 0.1660, -5.438
38.35, 0.1650, -5.361
38.36, 0.1640, -4.986
38.37, 0.1630, -6.279
38.38, 0.1620, -5.497
38.39, 0.1610, -5.486
38.40, 0.1600, -5.823
38.41, 0.1590, -5.246
38.42, 0.1580, -5.103
38.43, 0.1570, -5.591
38.44, 0.1560, -5.805
38.45, 0.1550, -5.666
38.46, 0.1540, -5.691
38.47, 0.1530, -7.121
38.48, 0.1520, -5.683
38.49, 0.1510, -6.089
38.50, 0.1500, -6.701
38.51, 0.1490, -5.726
38.52, 0.1480, -6.192
38.53, 0.1470, -4.925
38.54, 0.1460, -6.978
38.55, 0.1450, -6.123
38.56, 0.1440, -5.054
38.57, 0.1430, -5.967
38.58, 0.1420, -6.880
38.59, 0.1410, -4.178
38.60, 0.1400, -6.176
38.61, 0.1390, -6.237
38.62, 0.1380, -5.834
38.63, 0.1370, -5.253
38.64, 0.1360, -6.194
38.65, 0.1350, -5.242
38.66, 0.1340, -6.560
38.67, 0.1330, -3.497
38.68, 0.1320, -4.707
38.69, 0.1310, -6.104
38.70, 0.1300, -6.712
38.71, 0.1290, -3.500
38.72, 0.1280, -5.775
38.73, 0.1270, -5.662
38.74, 0.1260, -5.037
38.75, 0.1250, -7.219
38.76, 0.1240, -4.835
38.77, 0.1230, -6.588
38.78, 0.1220, -6.895
38.79, 0.1210, -5.985
38.80, 0.1200, -5.845
38.81, 0.1190, -7.899
38.82, 0.1180, -5.030
38.83, 0.1170, -6.056
38.84, 0.1160, -5.412
38.85, 0.1150, -5.766
38.86, 0.1140, -5.078
38.87, 0.1130, -5.864
38.88, 0.1120, -5.583
38.89, 0.1110, -5.977
38.90, 0.1100, -5.101
38.91, 0.1090, -5.630
38.92, 0.1080, -6.242
38.93, 0.1070, -4.412
38.94, 0.1060, -6.168
38.95, 0.1050, -5.241
38.96, 0.1040, -6.298
38.97, 0.1030, -5.775
38.98, 0.1020, -7.288
38.99, 0.1010, -5.861
39.00, 0.1000, -7.218
39.01, 0.09900, -5.955
39.02, 0.09800, -7.125
39.03, 0.09700, -4.729
39.04, 0.09600, -5.155
39.05, 0.09500, -6.697
39.06, 0.09400, -6.106
39.07, 0.09300, -5.942
39.08, 0.09200, -6.423
39.09, 0.09100, -6.236
39.10, 0.09000, -5.914
39.11, 0.08900, -6.514
39.12, 0.08800, -6.776
39.13, 0.08700, -5.694
39.14, 0.08600, -6.206
39.15, 0.08500, -6.289
39.16, 0.08400, -6.087
39.17, 0.08300, -6.667
39.18, 0.08200, -6.280
39.19, 0.08100, -6.115
39.20, 0.08000, -5.285
39.21, 0.07900, -5.659
39.22, 0.07800, -5.824
39.23, 0.07700, -6.068
39.24, 0.07600, -5.684
39.25, 0.07500, -5.222
39.26, 0.07400, -5.472
39.27, 0.07300, -4.921
39.28, 0.07200, -6.288
39.29, 0.07100, -5.446
39.30, 0.07000, -4.901
39.31, 0.06900, -6.318
39.32, 0.06800, -6.199
39.33, 0.06700, -6.818
39.34, 0.06600, -7.175
39.35, 0.06500, -7.116
39.36, 0.06400, -6.105
39.37, 0.06300, -7.556
39.38, 0.06200, -5.330
39.39, 0.06100, -6.911
39.40, 0.06000, -5.966
39.41, 0.05900, -6.909
39.42, 0.05800, -5.797
39.43, 0.05700, -7.123
39.44, 0.05600, -6.763
39.45, 0.05500, -5.346
39.46, 0.05400, -6.520
39.47, 0.05300, -6.107
39.48, 0.05200, -5.621
39.49, 0.05100, -6.749
39.50, 0.05000, -6.068
39.51, 0.04900, -4.371
39.52, 0.04800, -5.240
39.53, 0.04700, -4.944
39.54, 0.04600, -3.919
39.55, 0.04500, -7.051
39.56, 0.04400, -6.340
39.57, 0.04300, -5.899
39.58, 0.04200, -6.952
39.59, 0.04100, -5.485
39.60, 0.04000, -7.822
39.61, 0.03900, -5.839
39.62, 0.03800, -5.000
39.63, 0.03700, -5.774
39.64, 0.03600, -5.134
39.65, 0.03500, -5.156
39.66, 0.03400, -5.835
39.67, 0.03300, -4.948
39.68, 0.03200, -5.867
39.69, 0.03100, -4.950
39.70, 0.03000, -5.851
39.71, 0.02900, -6.012
39.72, 0.02800, -6.112
39.73, 0.02700, -5.506
39.74, 0.02600, -5.380
39.75, 0.02500, -5.768
39.76, 0.02400, -5.671
39.77, 0.02300, -5.692
39.78, 0.02200, -4.326
39.79, 0.02100, -5.925
39.80, 0.02000, -5.960
39.81, 0.01900, -6.171
39.82, 0.01800, -5.252
39.83, 0.01700, -5.035
39.84, 0.01600, -5.893
39.85, 0.01500, -6.133
39.86, 0.01400, -5.440
39.87, 0.01300, -6.416
39.88, 0.01200, -5.943
39.89, 0.01100, -5.978
39.90, 0.01000, -5.927
39.91, 0.009000, -6.299
39.92, 0.008000, -5.773
39.93, 0.007000, -4.787
39.94, 0.006000, -6.143
39.95, 0.005000, -6.056
39.96, 0.004000, -5.076
39.97, 0.003000, -4.900
39.98, 0.002000, -6.178
39.99, 0.001000, -6.181
40.00, 0.000, -6.639
