0.01000, 0.001000, -339.5
0.02000, 0.002000, -195.0
0.03000, 0.003000, -138.3
0.04000, 0.004000, -107.1
0.05000, 0.005000, -87.13
0.06000, 0.006000, -74.23
0.07000, 0.007000, -62.18
0.08000, 0.008000, -55.24
0.09000, 0.009000, -50.81
0.1000, 0.01000, -46.92
0.1100, 0.01100, -42.35
0.1200, 0.01200, -40.34
0.1300, 0.01300, -37.39
0.1400, 0.01400, -35.31
0.1500, 0.01500, -31.95
0.1600, 0.01600, -31.28
0.1700, 0.01700, -27.61
0.1800, 0.01800, -27.47
0.1900, 0.01900, -25.58
0.2000, 0.02000, -26.32
0.2100, 0.02100, -22.18
0.2200, 0.02200, -27.82
0.2300, 0.02300, -21.62
0.2400, 0.02400, -21.72
0.2500, 0.02500, -18.50
0.2600, 0.02600, -21.36
0.2700, 0.02700, -17.42
0.2800, 0.02800, -18.65
0.2900, 0.02900, -17.93
0.3000, 0.03000, -17.49
0.3100, 0.03100, -15.25
0.3200, 0.03200, -17.37
0.3300, 0.03300, -15.42
0.3400, 0.03400, -16.29
0.3500, 0.03500, -15.28
0.3600, 0.03600, -15.06
0.3700, 0.03700, -13.84
0.3800, 0.03800, -14.32
0.3900, 0.03900, -13.68
0.4000, 0.04000, -14.16
0.4100, 0.04100, -13.00
0.4200, 0.04200, -14.85
0.4300, 0.04300, -13.26
0.4400, 0.04400, -14.20
0.4500, 0.04500, -11.14
0.4600, 0.04600, -10.80
0.4700, 0.04700, -13.04
0.4800, 0.04800, -12.67
0.4900, 0.04900, -10.37
0.5000, 0.05000, -15.76
0.5100, 0.05100, -11.37
0.5200, 0.05200, -11.10
0.5300, 0.05300, -11.08
0.5400, 0.05400, -10.73
0.5500, 0.05500, -9.927
0.5600, 0.05600, -9.539
0.5700, 0.05700, -12.03
0.5800, 0.05800, -10.82
0.5900, 0.05900, -11.86
0.6000, 0.06000, -9.933
0.6100, 0.06100, -10.01
0.6200, 0.06200, -9.802
0.6300, 0.06300, -9.653
0.6400, 0.06400, -9.933
0.6500, 0.06500, -10.10
0.6600, 0.06600, -7.781
0.6700, 0.06700, -7.245
0.6800, 0.06800, -8.334
0.6900, 0.06900, -8.754
0.7000, 0.07000, -6.911
0.7100, 0.07100, -8.094
0.7200, 0.07200, -6.118
0.7300, 0.07300, -8.807
0.7400, 0.07400, -4.758
0.7500, 0.07500, -8.607
0.7600, 0.07600, -9.016
0.7700, 0.07700, -8.025
0.7800, 0.07800, -6.878
0.7900, 0.07900, -8.369
0.8000, 0.08000, -9.158
0.8100, 0.08100, -5.316
0.8200, 0.08200, -7.822
0.8300, 0.08300, -9.587
0.8400, 0.08400, -9.371
0.8500, 0.08500, -8.281
0.8600, 0.08600, -7.034
0.8700, 0.08700, -5.616
0.8800, 0.08800, -8.122
0.8900, 0.08900, -6.637
0.9000, 0.09000, -8.711
0.9100, 0.09100, -5.261
0.9200, 0.09200, -9.039
0.9300, 0.09300, -7.342
0.9400, 0.09400, -7.385
0.9500, 0.09500, -3.456
0.9600, 0.09600, -6.625
0.9700, 0.09700, -6.044
0.9800, 0.09800, -11.07
0.9900, 0.09900, -6.684
1.000, 0.1000, -8.060
1.010, 0.1010, -6.334
1.020, 0.1020, -7.002
1.030, 0.1030, -7.639
1.040, 0.1040, -6.617
1.050, 0.1050, -6.457
1.060, 0.1060, -7.314
1.070, 0.1070, -6.183
1.080, 0.1080, -5.299
1.090, 0.1090, -5.222
1.100, 0.1100, -3.582
1.110, 0.1110, -5.875
1.120, 0.1120, -4.485
1.130, 0.1130, -6.289
1.140, 0.1140, -4.706
1.150, 0.1150, -7.879
1.160, 0.1160, -6.601
1.170, 0.1170, -5.921
1.180, 0.1180, -5.944
1.190, 0.1190, -4.572
1.200, 0.1200, -7.048
1.210, 0.1210, -5.855
1.220, 0.1220, -5.344
1.230, 0.1230, -4.846
1.240, 0.1240, -7.051
1.250, 0.1250, -4.603
1.260, 0.1260, -7.590
1.270, 0.1270, -6.363
1.280, 0.1280, -7.118
1.290, 0.1290, -3.466
1.300, 0.1300, -6.102
1.310, 0.1310, -4.277
1.320, 0.1320, -6.531
1.330, 0.1330, -5.857
1.340, 0.1340, -6.617
1.350, 0.1350, -5.216
1.360, 0.1360, -7.351
1.370, 0.1370, -4.738
1.380, 0.1380, -6.212
1.390, 0.1390, -4.615
1.400, 0.1400, -5.703
1.410, 0.1410, -5.186
1.420, 0.1420, -5.593
1.430, 0.1430, -4.214
1.440, 0.1440, -6.148
1.450, 0.1450, -5.312
1.460, 0.1460, -7.701
1.470, 0.1470, -3.693
1.480, 0.1480, -8.201
1.490, 0.1490, -3.486
1.500, 0.1500, -5.416
1.510, 0.1510, -3.164
1.520, 0.1520, -5.575
1.530, 0.1530, -5.251
1.540, 0.1540, -3.452
1.550, 0.1550, -4.471
1.560, 0.1560, -1.372
1.570, 0.1570, -5.027
1.580, 0.1580, -4.733
1.590, 0.1590, -4.920
1.600, 0.1600, -5.565
1.610, 0.1610, -4.093
1.620, 0.1620, -5.462
1.630, 0.1630, -4.069
1.640, 0.1640, -5.874
1.650, 0.1650, -6.825
1.660, 0.1660, -5.400
1.670, 0.1670, -5.797
1.680, 0.1680, -3.558
1.690, 0.1690, -6.149
1.700, 0.1700, -4.907
1.710, 0.1710, -4.543
1.720, 0.1720, -5.892
1.730, 0.1730, -6.195
1.740, 0.1740, -4.379
1.750, 0.1750, -6.704
1.760, 0.1760, -4.817
1.770, 0.1770, -4.944
1.780, 0.1780, -5.482
1.790, 0.1790, -5.922
1.800, 0.1800, -6.443
1.810, 0.1810, -6.326
1.820, 0.1820, -5.736
1.830, 0.1830, -7.244
1.840, 0.1840, -4.902
1.850, 0.1850, -6.528
1.860, 0.1860, -4.017
1.870, 0.1870, -7.107
1.880, 0.1880, -4.990
1.890, 0.1890, -5.164
1.900, 0.1900, -6.375
1.910, 0.1910, -6.175
1.920, 0.1920, -4.740
1.930, 0.1930, -2.729
1.940, 0.1940, -3.538
1.950, 0.1950, -4.749
1.960, 0.1960, -4.044
1.970, 0.1970, -4.846
1.980, 0.1980, -5.451
1.990, 0.1990, -4.563
2.000, 0.2000, -4.631
2.010, 0.2010, -4.850
2.020, 0.2020, -1.348
2.030, 0.2030, -6.602
2.040, 0.2040, -3.150
2.050, 0.2050, -2.451
2.060, 0.2060, -5.455
2.070, 0.2070, -3.786
2.080, 0.2080, -1.687
2.090, 0.2090, -5.824
2.100, 0.2100, -4.718
2.110, 0.2110, -5.448
2.120, 0.2120, -4.347
2.130, 0.2130, -4.937
2.140, 0.2140, -3.717
2.150, 0.2150, -6.225
2.160, 0.2160, -5.413
2.170, 0.2170, -6.491
2.180, 0.2180, -2.665
2.190, 0.2190, -6.518
2.200, 0.2200, -3.690
2.210, 0.2210, -6.612
2.220, 0.2220, -3.780
2.230, 0.2230, -6.926
2.240, 0.2240, -3.901
2.250, 0.2250, -6.042
2.260, 0.2260, -0.1131
2.270, 0.2270, -6.960
2.280, 0.2280, -3.461
2.290, 0.2290, -9.303
2.300, 0.2300, -4.912
2.310, 0.2310, -4.954
2.320, 0.2320, -4.763
2.330, 0.2330, -6.147
2.340, 0.2340, -3.850
2.350, 0.2350, -4.396
2.360, 0.2360, -2.189
2.370, 0.2370, -4.227
2.380, 0.2380, -2.020
2.390, 0.2390, -1.211
2.400, 0.2400, -0.6070
2.410, 0.2410, -6.026
2.420, 0.2420, -0.9431
2.430, 0.2430, -4.573
2.440, 0.2440, -6.423
2.450, 0.2450, -4.908
2.460, 0.2460, -3.410
2.470, 0.2470, -5.288
2.480, 0.2480, -7.430
2.490, 0.2490, -5.282
2.500, 0.2500, -6.423
2.510, 0.2510, -5.708
2.520, 0.2520, -7.325
2.530, 0.2530, -4.738
2.540, 0.2540, -6.134
2.550, 0.2550, -3.036
2.560, 0.2560, -5.620
2.570, 0.2570, -3.887
2.580, 0.2580, -5.723
2.590, 0.2590, -4.068
2.600, 0.2600, -6.997
2.610, 0.2610, -4.127
2.620, 0.2620, -2.953
2.630, 0.2630, -4.291
2.640, 0.2640, -4.103
2.650, 0.2650, -4.507
2.660, 0.2660, -4.727
2.670, 0.2670, -3.625
2.680, 0.2680, -5.285
2.690, 0.2690, -2.943
2.700, 0.2700, -5.356
2.710, 0.2710, -4.661
2.720, 0.2720, -4.489
2.730, 0.2730, -4.781
2.740, 0.2740, -4.445
2.750, 0.2750, -5.068
2.760, 0.2760, -3.699
2.770, 0.2770, -3.974
2.780, 0.2780, -6.032
2.790, 0.2790, -3.494
2.800, 0.2800, -2.984
2.810, 0.2810, -6.806
2.820, 0.2820, -1.878
2.830, 0.2830, -3.615
2.840, 0.2840, -5.056
2.850, 0.2850, -2.778
2.860, 0.2860, -4.117
2.870, 0.2870, -8.314
2.880, 0.2880, -2.842
2.890, 0.2890, -5.094
2.900, 0.2900, -3.628
2.910, 0.2910, -6.007
2.920, 0.2920, -8.703
2.930, 0.2930, -4.259
2.940, 0.2940, -3.711
2.950, 0.2950, -5.474
2.960, 0.2960, -1.672
2.970, 0.2970, -4.135
2.980, 0.2980, -3.543
2.990, 0.2990, -4.364
3.000, 0.3000, -3.571
3.010, 0.3010, -5.169
3.020, 0.3020, -1.704
3.030, 0.3030, -3.725
3.040, 0.3040, -4.355
3.050, 0.3050, -4.025
3.060, 0.3060, -6.379
3.070, 0.3070, -5.624
3.080, 0.3080, -1.881
3.090, 0.3090, -4.217
3.100, 0.3100, -4.806
3.110, 0.3110, -2.878
3.120, 0.3120, -6.683
3.130, 0.3130, -2.166
3.140, 0.3140, -6.556
3.150, 0.3150, -4.999
3.160, 0.3160, -3.076
3.170, 0.3170, -4.083
3.180, 0.3180, -4.192
3.190, 0.3190, -1.999
3.200, 0.3200, -6.307
3.210, 0.3210, 0.5027
3.220, 0.3220, -4.417
3.230, 0.3230, -6.111
3.240, 0.3240, -3.942
3.250, 0.3250, -2.822
3.260, 0.3260, -3.705
3.270, 0.3270, -1.301
3.280, 0.3280, -4.065
3.290, 0.3290, -4.399
3.300, 0.3300, -4.244
3.310, 0.3310, -3.256
3.320, 0.3320, -4.020
3.330, 0.3330, 0.7066
3.340, 0.3340, -4.331
3.350, 0.3350, -3.814
3.360, 0.3360, -2.572
3.370, 0.3370, -7.055
3.380, 0.3380, -3.279
3.390, 0.3390, -5.153
3.400, 0.3400, -3.132
3.410, 0.3410, -9.625
3.420, 0.3420, -3.107
3.430, 0.3430, -7.887
3.440, 0.3440, -3.386
3.450, 0.3450, -3.213
3.460, 0.3460, -2.616
3.470, 0.3470, -4.794
3.480, 0.3480, -4.368
3.490, 0.3490, -4.724
3.500, 0.3500, -2.447
3.510, 0.3510, -3.937
3.520, 0.3520, -4.090
3.530, 0.3530, -4.549
3.540, 0.3540, -5.963
3.550, 0.3550, -4.391
3.560, 0.3560, -3.556
3.570, 0.3570, -5.777
3.580, 0.3580, 0.6262
3.590, 0.3590, -5.892
3.600, 0.3600, -4.409
3.610, 0.3610, -4.752
3.620, 0.3620, -0.4196
3.630, 0.3630, -3.386
3.640, 0.3640, 0.4471
3.650, 0.3650, -4.981
3.660, 0.3660, -1.578
3.670, 0.3670, -3.481
3.680, 0.3680, -1.056
3.690, 0.3690, -4.200
3.700, 0.3700, -4.019
3.710, 0.3710, -3.177
3.720, 0.3720, -2.110
3.730, 0.3730, -3.903
3.740, 0.3740, -4.544
3.750, 0.3750, -6.565
3.760, 0.3760, -1.594
3.770, 0.3770, -4.483
3.780, 0.3780, -3.651
3.790, 0.3790, -4.396
3.800, 0.3800, -3.489
3.810, 0.3810, -4.766
3.820, 0.3820, -6.323
3.830, 0.3830, -5.038
3.840, 0.3840, -2.622
3.850, 0.3850, -3.057
3.860, 0.3860, -4.120
3.870, 0.3870, -4.815
3.880, 0.3880, -4.932
3.890, 0.3890, -6.380
3.900, 0.3900, -4.987
3.910, 0.3910, -3.805
3.920, 0.3920, -5.041
3.930, 0.3930, 0.8181
3.940, 0.3940, -3.951
3.950, 0.3950, -5.724
3.960, 0.3960, -4.422
3.970, 0.3970, -5.958
3.980, 0.3980, -4.388
3.990, 0.3990, -3.900
4.000, 0.4000, -4.304
4.010, 0.4010, -3.866
4.020, 0.4020, -3.756
4.030, 0.4030, -1.240
4.040, 0.4040, -3.430
4.050, 0.4050, -2.121
4.060, 0.4060, -1.137
4.070, 0.4070, -1.466
4.080, 0.4080, -0.4841
4.090, 0.4090, -1.872
4.100, 0.4100, -4.877
4.110, 0.4110, -1.167
4.120, 0.4120, -2.177
4.130, 0.4130, -2.478
4.140, 0.4140, -4.483
4.150, 0.4150, -5.259
4.160, 0.4160, -3.937
4.170, 0.4170, -1.643
4.180, 0.4180, -4.207
4.190, 0.4190, -2.447
4.200, 0.4200, -5.251
4.210, 0.4210, -2.731
4.220, 0.4220, -5.455
4.230, 0.4230, -3.361
4.240, 0.4240, -5.264
4.250, 0.4250, -4.473
4.260, 0.4260, -5.361
4.270, 0.4270, 0.1245
4.280, 0.4280, -5.542
4.290, 0.4290, -6.452
4.300, 0.4300, -4.634
4.310, 0.4310, -2.601
4.320, 0.4320, -3.040
4.330, 0.4330, -2.529
4.340, 0.4340, -5.139
4.350, 0.4350, -3.895
4.360, 0.4360, -4.460
4.370, 0.4370, -3.170
4.380, 0.4380, -6.071
4.390, 0.4390, 0.8413
4.400, 0.4400, -6.313
4.410, 0.4410, -2.913
4.420, 0.4420, -2.644
4.430, 0.4430, -4.020
4.440, 0.4440, -3.448
4.450, 0.4450, -0.1499
4.460, 0.4460, -2.313
4.470, 0.4470, -2.216
4.480, 0.4480, -6.135
4.490, 0.4490, -0.2902
4.500, 0.4500, -1.866
4.510, 0.4510, -1.016
4.520, 0.4520, -2.154
4.530, 0.4530, -1.938
4.540, 0.4540, -3.332
4.550, 0.4550, -2.330
4.560, 0.4560, -1.385
4.570, 0.4570, -2.693
4.580, 0.4580, -3.698
4.590, 0.4590, -4.947
4.600, 0.4600, -4.712
4.610, 0.4610, -3.511
4.620, 0.4620, -4.581
4.630, 0.4630, -9.140
4.640, 0.4640, -2.747
4.650, 0.4650, -3.582
4.660, 0.4660, -7.731
4.670, 0.4670, -2.946
4.680, 0.4680, -4.843
4.690, 0.4690, -5.275
4.700, 0.4700, -0.7926
4.710, 0.4710, -2.558
4.720, 0.4720, -2.449
4.730, 0.4730, -6.177
4.740, 0.4740, -2.837
4.750, 0.4750, -7.806
4.760, 0.4760, -2.668
4.770, 0.4770, -5.017
4.780, 0.4780, -3.064
4.790, 0.4790, -4.917
4.800, 0.4800, -4.293
4.810, 0.4810, -4.313
4.820, 0.4820, -3.478
4.830, 0.4830, -2.380
4.840, 0.4840, -2.175
4.850, 0.4850, -3.100
4.860, 0.4860, -0.4599
4.870, 0.4870, -2.706
4.880, 0.4880, -2.507
4.890, 0.4890, -1.872
4.900, 0.4900, -2.761
4.910, 0.4910, -4.508
4.920, 0.4920, -3.148
4.930, 0.4930, -3.759
4.940, 0.4940, -0.7569
4.950, 0.4950, -4.053
4.960, 0.4960, 2.657
4.970, 0.4970, -4.922
4.980, 0.4980, -2.386
4.990, 0.4990, -4.712
5.000, 0.5000, -2.091
5.010, 0.5010, -3.524
5.020, 0.5020, -3.148
5.030, 0.5030, -4.023
5.040, 0.5040, -4.049
5.050, 0.5050, -3.221
5.060, 0.5060, -4.119
5.070, 0.5070, -3.938
5.080, 0.5080, -6.165
5.090, 0.5090, -4.210
5.100, 0.5100, -3.923
5.110, 0.5110, -3.184
5.120, 0.5120, -3.511
5.130, 0.5130, -3.632
5.140, 0.5140, -3.785
5.150, 0.5150, -4.957
5.160, 0.5160, -3.326
5.170, 0.5170, -5.423
5.180, 0.5180, -3.107
5.190, 0.5190, -7.278
5.200, 0.5200, -4.481
5.210, 0.5210, -6.549
5.220, 0.5220, -4.380
5.230, 0.5230, -3.208
5.240, 0.5240, -1.843
5.250, 0.5250, -2.668
5.260, 0.5260, -4.558
5.270, 0.5270, -3.558
5.280, 0.5280, -2.285
5.290, 0.5290, -3.626
5.300, 0.5300, -3.227
5.310, 0.5310, 0.1283
5.320, 0.5320, -3.139
5.330, 0.5330, -3.313
5.340, 0.5340, -1.730
5.350, 0.5350, -0.7479
5.360, 0.5360, -2.865
5.370, 0.5370, -0.5114
5.380, 0.5380, -3.413
5.390, 0.5390, -1.314
5.400, 0.5400, -2.380
5.410, 0.5410, -3.575
5.420, 0.5420, -2.874
5.430, 0.5430, -3.349
5.440, 0.5440, -5.091
5.450, 0.5450, -3.181
5.460, 0.5460, -4.381
5.470, 0.5470, 1.741
5.480, 0.5480, -4.700
5.490, 0.5490, -1.579
5.500, 0.5500, -1.802
5.510, 0.5510, -4.222
5.520, 0.5520, -6.040
5.530, 0.5530, -3.307
5.540, 0.5540, -4.326
5.550, 0.5550, -5.688
5.560, 0.5560, -4.376
5.570, 0.5570, -5.301
5.580, 0.5580, -3.589
5.590, 0.5590, -5.966
5.600, 0.5600, -9.124
5.610, 0.5610, -3.970
5.620, 0.5620, -1.069
5.630, 0.5630, -3.257
5.640, 0.5640, -2.948
5.650, 0.5650, -5.337
5.660, 0.5660, -3.778
5.670, 0.5670, -5.673
5.680, 0.5680, -2.577
5.690, 0.5690, -5.638
5.700, 0.5700, -4.347
5.710, 0.5710, -6.104
5.720, 0.5720, 2.178
5.730, 0.5730, -1.212
5.740, 0.5740, -1.630
5.750, 0.5750, -0.7120
5.760, 0.5760, -5.570
5.770, 0.5770, -2.696
5.780, 0.5780, -3.586
5.790, 0.5790, -2.697
5.800, 0.5800, -4.237
5.810, 0.5810, -2.111
5.820, 0.5820, -2.225
5.830, 0.5830, -6.733
5.840, 0.5840, -3.150
5.850, 0.5850, -2.949
5.860, 0.5860, -1.144
5.870, 0.5870, -4.113
5.880, 0.5880, -4.111
5.890, 0.5890, -8.696
5.900, 0.5900, -2.246
5.910, 0.5910, -4.195
5.920, 0.5920, -3.707
5.930, 0.5930, -4.860
5.940, 0.5940, -4.203
5.950, 0.5950, -4.470
5.960, 0.5960, -3.124
5.970, 0.5970, -5.147
5.980, 0.5980, -3.870
5.990, 0.5990, -8.070
6.000, 0.6000, -4.621
6.010, 0.6010, -6.078
6.020, 0.6020, -3.883
6.030, 0.6030, -3.968
6.040, 0.6040, -3.435
6.050, 0.6050, -4.457
6.060, 0.6060, -1.101
6.070, 0.6070, -5.327
6.080, 0.6080, -4.003
6.090, 0.6090, -4.211
6.100, 0.6100, -4.185
6.110, 0.6110, -11.55
6.120, 0.6120, -1.570
6.130, 0.6130, -3.848
6.140, 0.6140, -2.322
6.150, 0.6150, -0.6939
6.160, 0.6160, -1.990
6.170, 0.6170, -7.779
6.180, 0.6180, -0.7490
6.190, 0.6190, -5.003
6.200, 0.6200, -2.131
6.210, 0.6210, -2.604
6.220, 0.6220, -2.200
6.230, 0.6230, -5.098
6.240, 0.6240, -1.825
6.250, 0.6250, -3.038
6.260, 0.6260, -3.615
6.270, 0.6270, -6.347
6.280, 0.6280, -1.853
6.290, 0.6290, -5.240
6.300, 0.6300, -2.879
6.310, 0.6310, -3.896
6.320, 0.6320, -0.3931
6.330, 0.6330, -4.937
6.340, 0.6340, -2.611
6.350, 0.6350, -0.6720
6.360, 0.6360, -4.308
6.370, 0.6370, -4.309
6.380, 0.6380, -6.286
6.390, 0.6390, -5.581
6.400, 0.6400, -2.311
6.410, 0.6410, -1.284
6.420, 0.6420, -2.022
6.430, 0.6430, -4.621
6.440, 0.6440, -2.980
6.450, 0.6450, -8.886
6.460, 0.6460, 0.5978
6.470, 0.6470, -2.470
6.480, 0.6480, -2.999
6.490, 0.6490, -3.916
6.500, 0.6500, -0.4057
6.510, 0.6510, -3.436
6.520, 0.6520, -4.495
6.530, 0.6530, -1.670
6.540, 0.6540, -1.944
6.550, 0.6550, -3.536
6.560, 0.6560, -1.733
6.570, 0.6570, -4.034
6.580, 0.6580, -3.639
6.590, 0.6590, -2.206
6.600, 0.6600, -1.195
6.610, 0.6610, -7.432
6.620, 0.6620, 0.8059
6.630, 0.6630, -2.970
6.640, 0.6640, -1.054
6.650, 0.6650, -4.713
6.660, 0.6660, -1.096
6.670, 0.6670, -2.169
6.680, 0.6680, -1.019
6.690, 0.6690, -4.402
6.700, 0.6700, -1.718
6.710, 0.6710, -5.262
6.720, 0.6720, -2.080
6.730, 0.6730, -3.615
6.740, 0.6740, -2.955
6.750, 0.6750, -5.410
6.760, 0.6760, -1.948
6.770, 0.6770, -5.298
6.780, 0.6780, -2.394
6.790, 0.6790, -5.220
6.800, 0.6800, -1.501
6.810, 0.6810, -4.078
6.820, 0.6820, -1.159
6.830, 0.6830, -3.763
6.840, 0.6840, -3.200
6.850, 0.6850, -6.879
6.860, 0.6860, -4.090
6.870, 0.6870, -3.472
6.880, 0.6880, -1.725
6.890, 0.6890, -2.165
6.900, 0.6900, -1.753
6.910, 0.6910, -4.653
6.920, 0.6920, -3.576
6.930, 0.6930, -4.990
6.940, 0.6940, -7.703
6.950, 0.6950, 0.2056
6.960, 0.6960, -5.647
6.970, 0.6970, -3.422
6.980, 0.6980, -0.6416
6.990, 0.6990, -2.236
7.000, 0.7000, -3.206
7.010, 0.7010, -0.2042
7.020, 0.7020, 0.8236
7.030, 0.7030, 1.165
7.040, 0.7040, -1.288
7.050, 0.7050, -0.8494
7.060, 0.7060, -3.703
7.070, 0.7070, -1.903
7.080, 0.7080, -3.243
7.090, 0.7090, -1.548
7.100, 0.7100, -4.588
7.110, 0.7110, -2.412
7.120, 0.7120, -1.272
7.130, 0.7130, -3.917
7.140, 0.7140, 1.843
7.150, 0.7150, -0.4472
7.160, 0.7160, -7.587
7.170, 0.7170, -4.982
7.180, 0.7180, -7.018
7.190, 0.7190, -3.832
7.200, 0.7200, -4.414
7.210, 0.7210, -3.762
7.220, 0.7220, -4.229
7.230, 0.7230, -5.208
7.240, 0.7240, -1.663
7.250, 0.7250, -3.477
7.260, 0.7260, -2.955
7.270, 0.7270, -3.425
7.280, 0.7280, -2.552
7.290, 0.7290, -2.988
7.300, 0.7300, -8.189
7.310, 0.7310, -4.332
7.320, 0.7320, -3.986
7.330, 0.7330, -3.549
7.340, 0.7340, -3.069
7.350, 0.7350, -3.744
7.360, 0.7360, -3.304
7.370, 0.7370, -3.282
7.380, 0.7380, -1.919
7.390, 0.7390, -3.013
7.400, 0.7400, -3.227
7.410, 0.7410, -1.341
7.420, 0.7420, -3.558
7.430, 0.7430, -1.705
7.440, 0.7440, -2.468
7.450, 0.7450, -2.003
7.460, 0.7460, -3.702
7.470, 0.7470, 1.481
7.480, 0.7480, -5.043
7.490, 0.7490, 1.432
7.500, 0.7500, -3.880
7.510, 0.7510, -4.308
7.520, 0.7520, -4.475
7.530, 0.7530, 1.300
7.540, 0.7540, -0.5063
7.550, 0.7550, -2.212
7.560, 0.7560, -4.567
7.570, 0.7570, -1.066
7.580, 0.7580, -4.889
7.590, 0.7590, -2.801
7.600, 0.7600, -3.002
7.610, 0.7610, -1.993
7.620, 0.7620, -3.730
7.630, 0.7630, -3.485
7.640, 0.7640, -6.224
7.650, 0.7650, -5.873
7.660, 0.7660, -1.771
7.670, 0.7670, -3.780
7.680, 0.7680, -4.099
7.690, 0.7690, -3.837
7.700, 0.7700, -2.398
7.710, 0.7710, -2.834
7.720, 0.7720, 1.095
7.730, 0.7730, -5.053
7.740, 0.7740, -4.212
7.750, 0.7750, -3.068
7.760, 0.7760, -3.502
7.770, 0.7770, -3.856
7.780, 0.7780, -2.594
7.790, 0.7790, -3.768
7.800, 0.7800, -2.168
7.810, 0.7810, -3.860
7.820, 0.7820, -4.971
7.830, 0.7830, -0.06720
7.840, 0.7840, -0.6792
7.850, 0.7850, -1.778
7.860, 0.7860, -1.555
7.870, 0.7870, -2.449
7.880, 0.7880, -0.1951
7.890, 0.7890, -2.123
7.900, 0.7900, -1.958
7.910, 0.7910, -3.701
7.920, 0.7920, -5.208
7.930, 0.7930, -2.521
7.940, 0.7940, -4.216
7.950, 0.7950, 0.4616
7.960, 0.7960, -2.993
7.970, 0.7970, -1.325
7.980, 0.7980, -8.558
7.990, 0.7990, -3.947
8.000, 0.8000, -0.9244
8.010, 0.8010, -3.430
8.020, 0.8020, -4.810
8.030, 0.8030, -3.644
8.040, 0.8040, -9.841
8.050, 0.8050, -1.998
8.060, 0.8060, -2.614
8.070, 0.8070, -5.432
8.080, 0.8080, -5.430
8.090, 0.8090, -8.550
8.100, 0.8100, -2.966
8.110, 0.8110, -4.676
8.120, 0.8120, -1.679
8.130, 0.8130, -4.225
8.140, 0.8140, -0.3262
8.150, 0.8150, -5.185
8.160, 0.8160, -2.242
8.170, 0.8170, -4.459
8.180, 0.8180, -2.255
8.190, 0.8190, -6.362
8.200, 0.8200, -0.9073
8.210, 0.8210, -3.997
8.220, 0.8220, -1.399
8.230, 0.8230, -2.020
8.240, 0.8240, 3.085
8.250, 0.8250, 0.4183
8.260, 0.8260, -2.047
8.270, 0.8270, 0.1792
8.280, 0.8280, -0.07143
8.290, 0.8290, 1.748
8.300, 0.8300, -7.007
8.310, 0.8310, -2.979
8.320, 0.8320, -7.889
8.330, 0.8330, -2.485
8.340, 0.8340, -0.8960
8.350, 0.8350, -1.377
8.360, 0.8360, -3.140
8.370, 0.8370, -3.872
8.380, 0.8380, -1.232
8.390, 0.8390, -3.265
8.400, 0.8400, -3.789
8.410, 0.8410, -3.034
8.420, 0.8420, -0.8182
8.430, 0.8430, -2.448
8.440, 0.8440, -2.520
8.450, 0.8450, -2.477
8.460, 0.8460, -5.833
8.470, 0.8470, -1.231
8.480, 0.8480, -3.452
8.490, 0.8490, -3.885
8.500, 0.8500, -3.490
8.510, 0.8510, -3.437
8.520, 0.8520, -4.529
8.530, 0.8530, -7.654
8.540, 0.8540, -3.731
8.550, 0.8550, -2.317
8.560, 0.8560, -3.714
8.570, 0.8570, -1.363
8.580, 0.8580, -6.221
8.590, 0.8590, -2.919
8.600, 0.8600, -4.481
8.610, 0.8610, -2.662
8.620, 0.8620, -5.282
8.630, 0.8630, -4.459
8.640, 0.8640, -5.748
8.650, 0.8650, -2.447
8.660, 0.8660, -2.198
8.670, 0.8670, -1.431
8.680, 0.8680, -4.388
8.690, 0.8690, -0.2543
8.700, 0.8700, -1.444
8.710, 0.8710, 0.8871
8.720, 0.8720, -1.139
8.730, 0.8730, -0.1270
8.740, 0.8740, -2.215
8.750, 0.8750, -1.492
8.760, 0.8760, -3.667
8.770, 0.8770, -0.7448
8.780, 0.8780, -0.9810
8.790, 0.8790, 0.1830
8.800, 0.8800, -1.491
8.810, 0.8810, 0.06990
8.820, 0.8820, -3.493
8.830, 0.8830, -7.242
8.840, 0.8840, -5.748
8.850, 0.8850, -4.867
8.860, 0.8860, -3.104
8.870, 0.8870, -5.032
8.880, 0.8880, -2.149
8.890, 0.8890, -3.775
8.900, 0.8900, -0.8800
8.910, 0.8910, -3.282
8.920, 0.8920, -0.3613
8.930, 0.8930, -4.378
8.940, 0.8940, -2.301
8.950, 0.8950, -2.441
8.960, 0.8960, -1.428
8.970, 0.8970, -3.332
8.980, 0.8980, -2.967
8.990, 0.8990, 0.6348
9.000, 0.9000, -1.914
9.010, 0.9010, -3.780
9.020, 0.9020, -3.176
9.030, 0.9030, -3.211
9.040, 0.9040, -8.534
9.050, 0.9050, -2.518
9.060, 0.9060, -4.311
9.070, 0.9070, -1.160
9.080, 0.9080, -3.175
9.090, 0.9090, -0.2858
9.100, 0.9100, -2.454
9.110, 0.9110, 1.444
9.120, 0.9120, -1.271
9.130, 0.9130, 1.475
9.140, 0.9140, -0.06463
9.150, 0.9150, -1.670
9.160, 0.9160, 0.5325
9.170, 0.9170, -2.065
9.180, 0.9180, 0.4735
9.190, 0.9190, -2.876
9.200, 0.9200, -2.215
9.210, 0.9210, -0.6655
9.220, 0.9220, -3.956
9.230, 0.9230, 1.828
9.240, 0.9240, 0.1683
9.250, 0.9250, 0.6104
9.260, 0.9260, 0.9406
9.270, 0.9270, -1.314
9.280, 0.9280, -2.685
9.290, 0.9290, -4.737
9.300, 0.9300, -1.889
9.310, 0.9310, -4.217
9.320, 0.9320, -1.461
9.330, 0.9330, -2.421
9.340, 0.9340, 0.9279
9.350, 0.9350, -7.978
9.360, 0.9360, -1.081
9.370, 0.9370, -3.354
9.380, 0.9380, -0.7171
9.390, 0.9390, -2.750
9.400, 0.9400, -1.555
9.410, 0.9410, -7.425
9.420, 0.9420, -3.854
9.430, 0.9430, -3.994
9.440, 0.9440, -6.054
9.450, 0.9450, -0.1883
9.460, 0.9460, -4.131
9.470, 0.9470, -1.839
9.480, 0.9480, -3.585
9.490, 0.9490, 0.2849
9.500, 0.9500, -2.411
9.510, 0.9510, -1.133
9.520, 0.9520, 0.2215
9.530, 0.9530, -0.2807
9.540, 0.9540, -1.105
9.550, 0.9550, -4.348
9.560, 0.9560, -1.574
9.570, 0.9570, -1.545
9.580, 0.9580, -1.239
9.590, 0.9590, -2.181
9.600, 0.9600, 0.5931
9.610, 0.9610, -1.287
9.620, 0.9620, 1.055
9.630, 0.9630, -3.462
9.640, 0.9640, -2.837
9.650, 0.9650, -1.227
9.660, 0.9660, -3.441
9.670, 0.9670, -1.258
9.680, 0.9680, -4.197
9.690, 0.9690, -0.7018
9.700, 0.9700, -3.821
9.710, 0.9710, -2.033
9.720, 0.9720, -3.017
9.730, 0.9730, -0.2658
9.740, 0.9740, -1.660
9.750, 0.9750, -6.921
9.760, 0.9760, -2.499
9.770, 0.9770, -4.250
9.780, 0.9780, -1.054
9.790, 0.9790, -3.501
9.800, 0.9800, -1.516
9.810, 0.9810, -4.696
9.820, 0.9820, -1.746
9.830, 0.9830, -2.004
9.840, 0.9840, -2.349
9.850, 0.9850, -3.687
9.860, 0.9860, -4.678
9.870, 0.9870, -2.918
9.880, 0.9880, -1.555
9.890, 0.9890, -1.143
9.900, 0.9900, -5.662
9.910, 0.9910, 0.7204
9.920, 0.9920, -0.6757
9.930, 0.9930, 1.885
9.940, 0.9940, -0.1169
9.950, 0.9950, -0.9942
9.960, 0.9960, 3.115
9.970, 0.9970, -4.132
9.980, 0.9980, 2.236
9.990, 0.9990, -3.804
10.00, 1.000, 2.139
10.01, 1.001, -5.175
10.02, 1.002, -1.790
10.03, 1.003, -5.265
10.04, 1.004, 1.097
10.05, 1.005, -3.940
10.06, 1.006, -3.585
10.07, 1.007, -0.7622
10.08, 1.008, -1.328
10.09, 1.009, -0.4663
10.10, 1.010, -2.755
10.11, 1.011, -0.04406
10.12, 1.012, -7.525
10.13, 1.013, -3.168
10.14, 1.014, -1.311
10.15, 1.015, -5.091
10.16, 1.016, -0.7197
10.17, 1.017, -2.620
10.18, 1.018, -2.817
10.19, 1.019, -2.619
10.20, 1.020, 0.4602
10.21, 1.021, -5.069
10.22, 1.022, -0.7101
10.23, 1.023, -3.434
10.24, 1.024, 0.7555
10.25, 1.025, -1.110
10.26, 1.026, -1.318
10.27, 1.027, -2.434
10.28, 1.028, -4.346
10.29, 1.029, 1.218
10.30, 1.030, -4.749
10.31, 1.031, -0.5208
10.32, 1.032, -2.348
10.33, 1.033, -1.418
10.34, 1.034, -2.061
10.35, 1.035, 0.7921
10.36, 1.036, 0.1162
10.37, 1.037, -0.4677
10.38, 1.038, 0.7727
10.39, 1.039, -1.888
10.40, 1.040, 0.9079
10.41, 1.041, -3.290
10.42, 1.042, -0.3492
10.43, 1.043, -1.193
10.44, 1.044, 0.6350
10.45, 1.045, 1.412
10.46, 1.046, 2.043
10.47, 1.047, -7.724
10.48, 1.048, -1.218
10.49, 1.049, -2.107
10.50, 1.050, 0.06948
10.51, 1.051, 0.4114
10.52, 1.052, -0.4269
10.53, 1.053, -0.4677
10.54, 1.054, -0.5025
10.55, 1.055, 0.6152
10.56, 1.056, 1.502
10.57, 1.057, 1.271
10.58, 1.058, 0.4572
10.59, 1.059, -1.113
10.60, 1.060, -1.067
10.61, 1.061, -0.5868
10.62, 1.062, -0.5277
10.63, 1.063, -2.281
10.64, 1.064, 0.04850
10.65, 1.065, 0.1310
10.66, 1.066, 2.193
10.67, 1.067, -0.6197
10.68, 1.068, 0.6031
10.69, 1.069, -2.540
10.70, 1.070, -1.729
10.71, 1.071, -2.095
10.72, 1.072, 0.5347
10.73, 1.073, -2.438
10.74, 1.074, 0.8542
10.75, 1.075, -5.057
10.76, 1.076, 0.1126
10.77, 1.077, -1.007
10.78, 1.078, 2.914
10.79, 1.079, 3.379
10.80, 1.080, 2.741
10.81, 1.081, -0.3604
10.82, 1.082, 0.2847
10.83, 1.083, -1.117
10.84, 1.084, 2.060
10.85, 1.085, -1.517
10.86, 1.086, 2.241
10.87, 1.087, -1.002
10.88, 1.088, 1.418
10.89, 1.089, -2.318
10.90, 1.090, 0.5526
10.91, 1.091, -1.889
10.92, 1.092, 1.096
10.93, 1.093, -4.630
10.94, 1.094, -1.386
10.95, 1.095, -1.941
10.96, 1.096, -3.507
10.97, 1.097, -1.685
10.98, 1.098, 1.840
10.99, 1.099, -2.443
11.00, 1.100, -1.937
11.01, 1.101, -1.270
11.02, 1.102, 3.249
11.03, 1.103, -3.722
11.04, 1.104, 1.982
11.05, 1.105, -2.452
11.06, 1.106, 0.1156
11.07, 1.107, -1.357
11.08, 1.108, 0.1087
11.09, 1.109, -4.689
11.10, 1.110, 1.576
11.11, 1.111, -3.050
11.12, 1.112, 1.108
11.13, 1.113, -2.193
11.14, 1.114, 1.148
11.15, 1.115, -0.8974
11.16, 1.116, 0.9330
11.17, 1.117, -1.091
11.18, 1.118, 3.064
11.19, 1.119, -0.6600
11.20, 1.120, 2.628
11.21, 1.121, 1.648
11.22, 1.122, 4.138
11.23, 1.123, 1.142
11.24, 1.124, 3.130
11.25, 1.125, 3.012
11.26, 1.126, 1.615
11.27, 1.127, 0.1137
11.28, 1.128, 3.263
11.29, 1.129, 0.1519
11.30, 1.130, 2.355
11.31, 1.131, -2.762
11.32, 1.132, 3.061
11.33, 1.133, -0.07259
11.34, 1.134, -3.035
11.35, 1.135, -2.800
11.36, 1.136, 2.288
11.37, 1.137, -0.3490
11.38, 1.138, 2.127
11.39, 1.139, -0.9209
11.40, 1.140, 3.201
11.41, 1.141, -3.009
11.42, 1.142, 1.487
11.43, 1.143, -0.4753
11.44, 1.144, 0.9227
11.45, 1.145, -0.3598
11.46, 1.146, -0.5450
11.47, 1.147, -3.218
11.48, 1.148, 3.023
11.49, 1.149, -1.098
11.50, 1.150, 0.1828
11.51, 1.151, -0.8735
11.52, 1.152, 3.270
11.53, 1.153, -0.4941
11.54, 1.154, -0.6245
11.55, 1.155, -1.417
11.56, 1.156, -0.1359
11.57, 1.157, 1.545
11.58, 1.158, 2.152
11.59, 1.159, 2.257
11.60, 1.160, 1.681
11.61, 1.161, -0.005898
11.62, 1.162, 1.494
11.63, 1.163, 4.416
11.64, 1.164, 2.661
11.65, 1.165, 3.169
11.66, 1.166, 4.422
11.67, 1.167, 4.680
11.68, 1.168, 2.615
11.69, 1.169, 1.412
11.70, 1.170, 2.533
11.71, 1.171, 2.930
11.72, 1.172, 2.894
11.73, 1.173, 1.046
11.74, 1.174, 0.7011
11.75, 1.175, 3.203
11.76, 1.176, 2.423
11.77, 1.177, 4.924
11.78, 1.178, 0.6466
11.79, 1.179, 3.694
11.80, 1.180, 1.197
11.81, 1.181, 3.006
11.82, 1.182, 2.142
11.83, 1.183, 3.054
11.84, 1.184, 0.5417
11.85, 1.185, 2.661
11.86, 1.186, 0.4649
11.87, 1.187, 3.492
11.88, 1.188, 2.094
11.89, 1.189, 0.3141
11.90, 1.190, 4.880
11.91, 1.191, 5.333
11.92, 1.192, 3.315
11.93, 1.193, 3.427
11.94, 1.194, 2.031
11.95, 1.195, 3.138
11.96, 1.196, 4.827
11.97, 1.197, 0.8920
11.98, 1.198, 2.974
11.99, 1.199, 2.509
12.00, 1.200, 5.248
12.01, 1.201, 6.961
12.02, 1.202, 5.548
12.03, 1.203, 2.480
12.04, 1.204, 6.729
12.05, 1.205, 4.508
12.06, 1.206, 6.597
12.07, 1.207, 5.164
12.08, 1.208, 6.290
12.09, 1.209, 6.213
12.10, 1.210, 5.789
12.11, 1.211, 3.944
12.12, 1.212, 9.794
12.13, 1.213, 3.658
12.14, 1.214, 6.212
12.15, 1.215, 3.397
12.16, 1.216, 5.965
12.17, 1.217, 4.279
12.18, 1.218, 7.329
12.19, 1.219, 5.427
12.20, 1.220, 6.630
12.21, 1.221, 3.946
12.22, 1.222, 6.087
12.23, 1.223, 5.879
12.24, 1.224, 6.458
12.25, 1.225, 4.972
12.26, 1.226, 6.571
12.27, 1.227, 9.795
12.28, 1.228, 8.914
12.29, 1.229, 5.660
12.30, 1.230, 4.745
12.31, 1.231, 9.045
12.32, 1.232, 6.084
12.33, 1.233, 6.803
12.34, 1.234, 7.412
12.35, 1.235, 10.53
12.36, 1.236, 3.453
12.37, 1.237, 9.930
12.38, 1.238, 8.849
12.39, 1.239, 8.996
12.40, 1.240, 6.513
12.41, 1.241, 8.871
12.42, 1.242, 8.532
12.43, 1.243, 11.60
12.44, 1.244, 8.346
12.45, 1.245, 8.262
12.46, 1.246, 9.948
12.47, 1.247, 8.759
12.48, 1.248, 10.96
12.49, 1.249, 12.67
12.50, 1.250, 14.83
12.51, 1.251, 8.990
12.52, 1.252, 11.70
12.53, 1.253, 8.139
12.54, 1.254, 11.99
12.55, 1.255, 12.50
12.56, 1.256, 13.16
12.57, 1.257, 7.923
12.58, 1.258, 10.67
12.59, 1.259, 11.66
12.60, 1.260, 13.76
12.61, 1.261, 13.49
12.62, 1.262, 16.32
12.63, 1.263, 10.73
12.64, 1.264, 13.86
12.65, 1.265, 15.67
12.66, 1.266, 17.29
12.67, 1.267, 10.35
12.68, 1.268, 15.24
12.69, 1.269, 16.75
12.70, 1.270, 17.83
12.71, 1.271, 18.92
12.72, 1.272, 17.70
12.73, 1.273, 17.08
12.74, 1.274, 19.97
12.75, 1.275, 18.72
12.76, 1.276, 21.70
12.77, 1.277, 19.09
12.78, 1.278, 19.39
12.79, 1.279, 21.62
12.80, 1.280, 21.93
12.81, 1.281, 22.88
12.82, 1.282, 22.10
12.83, 1.283, 25.30
12.84, 1.284, 22.74
12.85, 1.285, 26.55
12.86, 1.286, 23.81
12.87, 1.287, 24.04
12.88, 1.288, 25.55
12.89, 1.289, 28.90
12.90, 1.290, 29.57
12.91, 1.291, 31.37
12.92, 1.292, 29.50
12.93, 1.293, 31.26
12.94, 1.294, 29.24
12.95, 1.295, 31.81
12.96, 1.296, 31.90
12.97, 1.297, 32.82
12.98, 1.298, 33.62
12.99, 1.299, 34.34
13.00, 1.300, 36.04
13.01, 1.301, 37.37
13.02, 1.302, 34.58
13.03, 1.303, 37.23
13.04, 1.304, 36.96
13.05, 1.305, 38.85
13.06, 1.306, 42.03
13.07, 1.307, 44.12
13.08, 1.308, 42.71
13.09, 1.309, 43.67
13.10, 1.310, 44.63
13.11, 1.311, 44.11
13.12, 1.312, 46.50
13.13, 1.313, 45.00
13.14, 1.314, 50.19
13.15, 1.315, 46.34
13.16, 1.316, 49.14
13.17, 1.317, 48.79
13.18, 1.318, 51.14
13.19, 1.319, 51.01
13.20, 1.320, 52.73
13.21, 1.321, 53.43
13.22, 1.322, 55.78
13.23, 1.323, 55.26
13.24, 1.324, 59.29
13.25, 1.325, 58.44
13.26, 1.326, 58.95
13.27, 1.327, 63.39
13.28, 1.328, 62.09
13.29, 1.329, 65.72
13.30, 1.330, 65.75
13.31, 1.331, 67.91
13.32, 1.332, 66.90
13.33, 1.333, 71.01
13.34, 1.334, 71.45
13.35, 1.335, 76.43
13.36, 1.336, 78.03
13.37, 1.337, 78.73
13.38, 1.338, 77.48
13.39, 1.339, 78.34
13.40, 1.340, 78.75
13.41, 1.341, 80.68
13.42, 1.342, 83.39
13.43, 1.343, 84.93
13.44, 1.344, 87.06
13.45, 1.345, 87.83
13.46, 1.346, 88.48
13.47, 1.347, 92.24
13.48, 1.348, 91.45
13.49, 1.349, 91.16
13.50, 1.350, 94.99
13.51, 1.351, 93.48
13.52, 1.352, 102.8
13.53, 1.353, 97.66
13.54, 1.354, 102.6
13.55, 1.355, 102.6
13.56, 1.356, 104.3
13.57, 1.357, 103.2
13.58, 1.358, 109.3
13.59, 1.359, 107.5
13.60, 1.360, 104.7
13.61, 1.361, 110.2
13.62, 1.362, 114.1
13.63, 1.363, 113.1
13.64, 1.364, 113.9
13.65, 1.365, 113.4
13.66, 1.366, 114.4
13.67, 1.367, 121.1
13.68, 1.368, 123.0
13.69, 1.369, 125.5
13.70, 1.370, 124.8
13.71, 1.371, 129.6
13.72, 1.372, 129.1
13.73, 1.373, 133.1
13.74, 1.374, 131.1
13.75, 1.375, 137.9
13.76, 1.376, 131.7
13.77, 1.377, 136.8
13.78, 1.378, 138.2
13.79, 1.379, 141.5
13.80, 1.380, 141.6
13.81, 1.381, 144.5
13.82, 1.382, 147.5
13.83, 1.383, 147.1
13.84, 1.384, 147.7
13.85, 1.385, 149.3
13.86, 1.386, 149.0
13.87, 1.387, 151.9
13.88, 1.388, 149.9
13.89, 1.389, 151.7
13.90, 1.390, 155.9
13.91, 1.391, 156.0
13.92, 1.392, 159.9
13.93, 1.393, 160.3
13.94, 1.394, 155.7
13.95, 1.395, 161.4
13.96, 1.396, 161.1
13.97, 1.397, 161.9
13.98, 1.398, 166.9
13.99, 1.399, 162.6
14.00, 1.400, 166.0
14.01, 1.401, 167.3
14.02, 1.402, 169.1
14.03, 1.403, 171.0
14.04, 1.404, 171.0
14.05, 1.405, 172.4
14.06, 1.406, 172.9
14.07, 1.407, 173.9
14.08, 1.408, 173.8
14.09, 1.409, 171.8
14.10, 1.410, 174.3
14.11, 1.411, 173.2
14.12, 1.412, 178.3
14.13, 1.413, 174.9
14.14, 1.414, 177.2
14.15, 1.415, 177.6
14.16, 1.416, 179.0
14.17, 1.417, 180.9
14.18, 1.418, 182.5
14.19, 1.419, 182.1
14.20, 1.420, 181.0
14.21, 1.421, 182.3
14.22, 1.422, 180.8
14.23, 1.423, 181.1
14.24, 1.424, 181.3
14.25, 1.425, 182.1
14.26, 1.426, 180.1
14.27, 1.427, 180.6
14.28, 1.428, 180.1
14.29, 1.429, 181.7
14.30, 1.430, 179.6
14.31, 1.431, 180.3
14.32, 1.432, 175.2
14.33, 1.433, 178.1
14.34, 1.434, 178.2
14.35, 1.435, 177.9
14.36, 1.436, 177.5
14.37, 1.437, 174.3
14.38, 1.438, 176.4
14.39, 1.439, 169.2
14.40, 1.440, 170.3
14.41, 1.441, 167.7
14.42, 1.442, 167.5
14.43, 1.443, 164.4
14.44, 1.444, 162.9
14.45, 1.445, 165.3
14.46, 1.446, 164.5
14.47, 1.447, 161.7
14.48, 1.448, 159.3
14.49, 1.449, 158.3
14.50, 1.450, 157.4
14.51, 1.451, 154.6
14.52, 1.452, 153.9
14.53, 1.453, 153.3
14.54, 1.454, 151.7
14.55, 1.455, 151.2
14.56, 1.456, 148.7
14.57, 1.457, 150.5
14.58, 1.458, 148.5
14.59, 1.459, 152.1
14.60, 1.460, 140.3
14.61, 1.461, 147.3
14.62, 1.462, 140.1
14.63, 1.463, 142.0
14.64, 1.464, 138.5
14.65, 1.465, 138.0
14.66, 1.466, 136.7
14.67, 1.467, 136.9
14.68, 1.468, 137.2
14.69, 1.469, 134.6
14.70, 1.470, 132.5
14.71, 1.471, 130.9
14.72, 1.472, 130.6
14.73, 1.473, 128.3
14.74, 1.474, 128.0
14.75, 1.475, 125.2
14.76, 1.476, 126.1
14.77, 1.477, 123.1
14.78, 1.478, 125.7
14.79, 1.479, 121.2
14.80, 1.480, 123.9
14.81, 1.481, 121.0
14.82, 1.482, 121.8
14.83, 1.483, 118.6
14.84, 1.484, 118.8
14.85, 1.485, 115.9
14.86, 1.486, 116.0
14.87, 1.487, 114.1
14.88, 1.488, 116.8
14.89, 1.489, 117.2
14.90, 1.490, 113.3
14.91, 1.491, 117.6
14.92, 1.492, 112.1
14.93, 1.493, 111.2
14.94, 1.494, 112.3
14.95, 1.495, 108.4
14.96, 1.496, 111.3
14.97, 1.497, 109.8
14.98, 1.498, 110.2
14.99, 1.499, 111.9
15.00, 1.500, 111.3
15.01, 1.501, 106.2
15.02, 1.502, 107.8
15.03, 1.503, 107.3
15.04, 1.504, 105.1
15.05, 1.505, 108.2
15.06, 1.506, 106.6
15.07, 1.507, 106.1
15.08, 1.508, 103.2
15.09, 1.509, 102.5
15.10, 1.510, 102.8
15.11, 1.511, 105.4
15.12, 1.512, 102.3
15.13, 1.513, 102.6
15.14, 1.514, 102.6
15.15, 1.515, 100.9
15.16, 1.516, 101.8
15.17, 1.517, 100.8
15.18, 1.518, 102.4
15.19, 1.519, 100.7
15.20, 1.520, 97.65
15.21, 1.521, 101.9
15.22, 1.522, 98.31
15.23, 1.523, 100.2
15.24, 1.524, 98.82
15.25, 1.525, 98.17
15.26, 1.526, 99.22
15.27, 1.527, 97.34
15.28, 1.528, 97.17
15.29, 1.529, 98.76
15.30, 1.530, 96.98
15.31, 1.531, 98.76
15.32, 1.532, 96.55
15.33, 1.533, 99.53
15.34, 1.534, 97.52
15.35, 1.535, 96.84
15.36, 1.536, 96.47
15.37, 1.537, 95.65
15.38, 1.538, 96.28
15.39, 1.539, 94.22
15.40, 1.540, 94.76
15.41, 1.541, 95.79
15.42, 1.542, 97.96
15.43, 1.543, 94.87
15.44, 1.544, 94.68
15.45, 1.545, 96.42
15.46, 1.546, 98.54
15.47, 1.547, 95.09
15.48, 1.548, 96.64
15.49, 1.549, 94.56
15.50, 1.550, 96.11
15.51, 1.551, 96.68
15.52, 1.552, 95.11
15.53, 1.553, 92.38
15.54, 1.554, 93.49
15.55, 1.555, 93.07
15.56, 1.556, 95.71
15.57, 1.557, 90.82
15.58, 1.558, 98.33
15.59, 1.559, 92.34
15.60, 1.560, 93.85
15.61, 1.561, 90.74
15.62, 1.562, 94.47
15.63, 1.563, 91.44
15.64, 1.564, 92.17
15.65, 1.565, 91.51
15.66, 1.566, 92.53
15.67, 1.567, 92.37
15.68, 1.568, 93.84
15.69, 1.569, 92.58
15.70, 1.570, 91.84
15.71, 1.571, 91.62
15.72, 1.572, 88.57
15.73, 1.573, 91.21
15.74, 1.574, 91.78
15.75, 1.575, 91.70
15.76, 1.576, 91.30
15.77, 1.577, 91.30
15.78, 1.578, 89.16
15.79, 1.579, 92.07
15.80, 1.580, 90.52
15.81, 1.581, 91.63
15.82, 1.582, 92.68
15.83, 1.583, 92.07
15.84, 1.584, 88.57
15.85, 1.585, 93.42
15.86, 1.586, 91.14
15.87, 1.587, 93.73
15.88, 1.588, 90.08
15.89, 1.589, 91.26
15.90, 1.590, 89.51
15.91, 1.591, 93.21
15.92, 1.592, 88.87
15.93, 1.593, 93.22
15.94, 1.594, 91.14
15.95, 1.595, 92.39
15.96, 1.596, 90.65
15.97, 1.597, 92.32
15.98, 1.598, 88.59
15.99, 1.599, 91.00
16.00, 1.600, 89.72
16.01, 1.601, 90.56
16.02, 1.602, 93.14
16.03, 1.603, 91.68
16.04, 1.604, 91.41
16.05, 1.605, 93.34
16.06, 1.606, 89.12
16.07, 1.607, 91.39
16.08, 1.608, 91.56
16.09, 1.609, 90.89
16.10, 1.610, 91.20
16.11, 1.611, 91.61
16.12, 1.612, 90.37
16.13, 1.613, 88.36
16.14, 1.614, 91.44
16.15, 1.615, 90.12
16.16, 1.616, 90.48
16.17, 1.617, 88.65
16.18, 1.618, 89.44
16.19, 1.619, 92.94
16.20, 1.620, 91.16
16.21, 1.621, 89.81
16.22, 1.622, 92.96
16.23, 1.623, 90.83
16.24, 1.624, 92.90
16.25, 1.625, 91.61
16.26, 1.626, 88.51
16.27, 1.627, 91.35
16.28, 1.628, 93.42
16.29, 1.629, 91.79
16.30, 1.630, 90.07
16.31, 1.631, 94.37
16.32, 1.632, 89.52
16.33, 1.633, 92.27
16.34, 1.634, 90.15
16.35, 1.635, 93.09
16.36, 1.636, 89.14
16.37, 1.637, 90.32
16.38, 1.638, 89.59
16.39, 1.639, 93.11
16.40, 1.640, 91.73
16.41, 1.641, 94.83
16.42, 1.642, 90.41
16.43, 1.643, 95.66
16.44, 1.644, 93.50
16.45, 1.645, 91.81
16.46, 1.646, 90.50
16.47, 1.647, 92.25
16.48, 1.648, 92.50
16.49, 1.649, 93.95
16.50, 1.650, 94.11
16.51, 1.651, 90.39
16.52, 1.652, 93.56
16.53, 1.653, 91.25
16.54, 1.654, 93.76
16.55, 1.655, 92.52
16.56, 1.656, 92.40
16.57, 1.657, 92.02
16.58, 1.658, 94.95
16.59, 1.659, 91.62
16.60, 1.660, 95.64
16.61, 1.661, 93.67
16.62, 1.662, 94.17
16.63, 1.663, 93.66
16.64, 1.664, 95.63
16.65, 1.665, 92.44
16.66, 1.666, 92.25
16.67, 1.667, 93.28
16.68, 1.668, 95.78
16.69, 1.669, 93.69
16.70, 1.670, 97.62
16.71, 1.671, 93.32
16.72, 1.672, 96.57
16.73, 1.673, 93.59
16.74, 1.674, 96.09
16.75, 1.675, 94.79
16.76, 1.676, 96.19
16.77, 1.677, 97.09
16.78, 1.678, 99.60
16.79, 1.679, 91.07
16.80, 1.680, 97.98
16.81, 1.681, 95.37
16.82, 1.682, 94.46
16.83, 1.683, 95.85
16.84, 1.684, 96.50
16.85, 1.685, 97.54
16.86, 1.686, 93.39
16.87, 1.687, 97.16
16.88, 1.688, 96.15
16.89, 1.689, 94.44
16.90, 1.690, 99.24
16.91, 1.691, 94.26
16.92, 1.692, 97.71
16.93, 1.693, 97.33
16.94, 1.694, 97.41
16.95, 1.695, 100.3
16.96, 1.696, 101.0
16.97, 1.697, 100.2
16.98, 1.698, 101.6
16.99, 1.699, 101.1
17.00, 1.700, 98.90
17.01, 1.701, 100.1
17.02, 1.702, 98.86
17.03, 1.703, 98.23
17.04, 1.704, 97.21
17.05, 1.705, 101.9
17.06, 1.706, 100.2
17.07, 1.707, 103.9
17.08, 1.708, 96.70
17.09, 1.709, 104.0
17.10, 1.710, 100.2
17.11, 1.711, 104.9
17.12, 1.712, 102.7
17.13, 1.713, 103.3
17.14, 1.714, 103.7
17.15, 1.715, 103.9
17.16, 1.716, 105.0
17.17, 1.717, 104.6
17.18, 1.718, 105.1
17.19, 1.719, 104.4
17.20, 1.720, 104.3
17.21, 1.721, 107.6
17.22, 1.722, 105.6
17.23, 1.723, 105.6
17.24, 1.724, 104.6
17.25, 1.725, 106.7
17.26, 1.726, 106.7
17.27, 1.727, 105.7
17.28, 1.728, 102.0
17.29, 1.729, 107.4
17.30, 1.730, 103.9
17.31, 1.731, 106.3
17.32, 1.732, 107.7
17.33, 1.733, 106.5
17.34, 1.734, 108.7
17.35, 1.735, 108.4
17.36, 1.736, 110.0
17.37, 1.737, 113.0
17.38, 1.738, 109.2
17.39, 1.739, 110.1
17.40, 1.740, 110.3
17.41, 1.741, 111.9
17.42, 1.742, 113.1
17.43, 1.743, 112.3
17.44, 1.744, 112.6
17.45, 1.745, 111.1
17.46, 1.746, 112.2
17.47, 1.747, 112.9
17.48, 1.748, 115.3
17.49, 1.749, 114.5
17.50, 1.750, 118.6
17.51, 1.751, 114.5
17.52, 1.752, 116.6
17.53, 1.753, 115.4
17.54, 1.754, 116.5
17.55, 1.755, 117.6
17.56, 1.756, 117.6
17.57, 1.757, 121.5
17.58, 1.758, 117.0
17.59, 1.759, 121.6
17.60, 1.760, 118.3
17.61, 1.761, 115.9
17.62, 1.762, 121.1
17.63, 1.763, 119.8
17.64, 1.764, 123.5
17.65, 1.765, 121.9
17.66, 1.766, 118.6
17.67, 1.767, 123.4
17.68, 1.768, 120.6
17.69, 1.769, 124.3
17.70, 1.770, 122.1
17.71, 1.771, 126.0
17.72, 1.772, 124.0
17.73, 1.773, 125.3
17.74, 1.774, 126.5
17.75, 1.775, 126.1
17.76, 1.776, 127.7
17.77, 1.777, 127.6
17.78, 1.778, 128.4
17.79, 1.779, 127.7
17.80, 1.780, 129.5
17.81, 1.781, 128.5
17.82, 1.782, 133.4
17.83, 1.783, 133.0
17.84, 1.784, 130.7
17.85, 1.785, 131.3
17.86, 1.786, 132.4
17.87, 1.787, 132.3
17.88, 1.788, 131.7
17.89, 1.789, 134.6
17.90, 1.790, 134.1
17.91, 1.791, 136.5
17.92, 1.792, 134.5
17.93, 1.793, 138.1
17.94, 1.794, 137.3
17.95, 1.795, 140.8
17.96, 1.796, 139.1
17.97, 1.797, 140.2
17.98, 1.798, 139.1
17.99, 1.799, 140.9
18.00, 1.800, 141.4
18.01, 1.801, 144.0
18.02, 1.802, 143.3
18.03, 1.803, 147.1
18.04, 1.804, 143.6
18.05, 1.805, 145.9
18.06, 1.806, 145.6
18.07, 1.807, 150.5
18.08, 1.808, 146.2
18.09, 1.809, 148.9
18.10, 1.810, 147.1
18.11, 1.811, 152.5
18.12, 1.812, 148.9
18.13, 1.813, 147.5
18.14, 1.814, 149.9
18.15, 1.815, 152.4
18.16, 1.816, 148.6
18.17, 1.817, 155.6
18.18, 1.818, 152.9
18.19, 1.819, 156.4
18.20, 1.820, 155.1
18.21, 1.821, 159.9
18.22, 1.822, 156.9
18.23, 1.823, 159.9
18.24, 1.824, 159.8
18.25, 1.825, 162.5
18.26, 1.826, 160.3
18.27, 1.827, 162.2
18.28, 1.828, 161.7
18.29, 1.829, 164.0
18.30, 1.830, 160.9
18.31, 1.831, 166.4
18.32, 1.832, 163.9
18.33, 1.833, 168.3
18.34, 1.834, 167.2
18.35, 1.835, 170.9
18.36, 1.836, 168.5
18.37, 1.837, 175.0
18.38, 1.838, 173.6
18.39, 1.839, 175.8
18.40, 1.840, 172.8
18.41, 1.841, 176.6
18.42, 1.842, 175.0
18.43, 1.843, 180.5
18.44, 1.844, 177.4
18.45, 1.845, 180.9
18.46, 1.846, 179.5
18.47, 1.847, 183.0
18.48, 1.848, 181.0
18.49, 1.849, 183.2
18.50, 1.850, 184.6
18.51, 1.851, 185.9
18.52, 1.852, 188.1
18.53, 1.853, 186.3
18.54, 1.854, 188.2
18.55, 1.855, 189.4
18.56, 1.856, 190.5
18.57, 1.857, 189.7
18.58, 1.858, 193.2
18.59, 1.859, 192.0
18.60, 1.860, 198.3
18.61, 1.861, 195.0
18.62, 1.862, 197.0
18.63, 1.863, 196.4
18.64, 1.864, 199.8
18.65, 1.865, 200.7
18.66, 1.866, 203.7
18.67, 1.867, 199.9
18.68, 1.868, 204.0
18.69, 1.869, 204.5
18.70, 1.870, 208.0
18.71, 1.871, 208.0
18.72, 1.872, 209.5
18.73, 1.873, 210.4
18.74, 1.874, 210.5
18.75, 1.875, 211.9
18.76, 1.876, 214.0
18.77, 1.877, 214.3
18.78, 1.878, 215.3
18.79, 1.879, 218.8
18.80, 1.880, 218.3
18.81, 1.881, 220.7
18.82, 1.882, 222.3
18.83, 1.883, 223.9
18.84, 1.884, 223.5
18.85, 1.885, 226.2
18.86, 1.886, 225.2
18.87, 1.887, 230.1
18.88, 1.888, 226.8
18.89, 1.889, 231.3
18.90, 1.890, 232.8
18.91, 1.891, 235.4
18.92, 1.892, 235.4
18.93, 1.893, 237.1
18.94, 1.894, 236.3
18.95, 1.895, 237.8
18.96, 1.896, 240.7
18.97, 1.897, 241.3
18.98, 1.898, 242.1
18.99, 1.899, 244.7
19.00, 1.900, 245.2
19.01, 1.901, 247.5
19.02, 1.902, 247.3
19.03, 1.903, 247.8
19.04, 1.904, 249.3
19.05, 1.905, 251.7
19.06, 1.906, 254.4
19.07, 1.907, 256.2
19.08, 1.908, 260.0
19.09, 1.909, 259.1
19.10, 1.910, 259.7
19.11, 1.911, 264.4
19.12, 1.912, 265.1
19.13, 1.913, 265.9
19.14, 1.914, 269.7
19.15, 1.915, 268.0
19.16, 1.916, 272.6
19.17, 1.917, 273.3
19.18, 1.918, 273.2
19.19, 1.919, 276.1
19.20, 1.920, 275.2
19.21, 1.921, 277.9
19.22, 1.922, 281.6
19.23, 1.923, 281.3
19.24, 1.924, 285.5
19.25, 1.925, 284.5
19.26, 1.926, 287.6
19.27, 1.927, 287.1
19.28, 1.928, 290.6
19.29, 1.929, 290.0
19.30, 1.930, 295.5
19.31, 1.931, 292.8
19.32, 1.932, 299.7
19.33, 1.933, 298.1
19.34, 1.934, 301.9
19.35, 1.935, 298.8
19.36, 1.936, 304.9
19.37, 1.937, 304.3
19.38, 1.938, 307.8
19.39, 1.939, 307.9
19.40, 1.940, 312.2
19.41, 1.941, 308.7
19.42, 1.942, 315.0
19.43, 1.943, 311.8
19.44, 1.944, 315.8
19.45, 1.945, 313.6
19.46, 1.946, 320.3
19.47, 1.947, 321.4
19.48, 1.948, 321.5
19.49, 1.949, 323.3
19.50, 1.950, 324.9
19.51, 1.951, 329.2
19.52, 1.952, 329.7
19.53, 1.953, 332.8
19.54, 1.954, 332.1
19.55, 1.955, 335.2
19.56, 1.956, 335.7
19.57, 1.957, 340.5
19.58, 1.958, 339.0
19.59, 1.959, 343.1
19.60, 1.960, 344.1
19.61, 1.961, 351.2
19.62, 1.962, 349.0
19.63, 1.963, 355.1
19.64, 1.964, 355.0
19.65, 1.965, 358.2
19.66, 1.966, 358.0
19.67, 1.967, 365.0
19.68, 1.968, 364.3
19.69, 1.969, 363.1
19.70, 1.970, 367.4
19.71, 1.971, 367.6
19.72, 1.972, 370.3
19.73, 1.973, 373.7
19.74, 1.974, 374.8
19.75, 1.975, 377.6
19.76, 1.976, 379.4
19.77, 1.977, 380.0
19.78, 1.978, 383.7
19.79, 1.979, 385.2
19.80, 1.980, 385.5
19.81, 1.981, 385.9
19.82, 1.982, 388.8
19.83, 1.983, 386.6
19.84, 1.984, 385.5
19.85, 1.985, 384.7
19.86, 1.986, 383.5
19.87, 1.987, 383.3
19.88, 1.988, 383.5
19.89, 1.989, 383.9
19.90, 1.990, 382.1
19.91, 1.991, 381.4
19.92, 1.992, 380.4
19.93, 1.993, 381.7
19.94, 1.994, 379.1
19.95, 1.995, 378.0
19.96, 1.996, 377.8
19.97, 1.997, 376.6
19.98, 1.998, 376.2
19.99, 1.999, 376.4
20.00, 2.000, 376.1
20.01, 1.999, 374.2
20.02, 1.998, 374.2
20.03, 1.997, 374.3
20.04, 1.996, 373.5
20.05, 1.995, 373.4
20.06, 1.994, 371.9
20.07, 1.993, 372.8
20.08, 1.992, 370.4
20.09, 1.991, 372.1
20.10, 1.990, 369.1
20.11, 1.989, 368.6
20.12, 1.988, 367.9
20.13, 1.987, 368.1
20.14, 1.986, 366.6
20.15, 1.985, 367.5
20.16, 1.984, 363.4
20.17, 1.983, 364.1
20.18, 1.982, 363.2
20.19, 1.981, 362.1
20.20, 1.980, 358.7
20.21, 1.979, 358.2
20.22, 1.978, 355.1
20.23, 1.977, 351.0
20.24, 1.976, 351.1
20.25, 1.975, 346.7
20.26, 1.974, 343.2
20.27, 1.973, 339.9
20.28, 1.972, 336.9
20.29, 1.971, 334.9
20.30, 1.970, 332.1
20.31, 1.969, 330.5
20.32, 1.968, 326.6
20.33, 1.967, 322.0
20.34, 1.966, 321.7
20.35, 1.965, 318.2
20.36, 1.964, 315.4
20.37, 1.963, 310.1
20.38, 1.962, 309.9
20.39, 1.961, 304.8
20.40, 1.960, 306.9
20.41, 1.959, 300.8
20.42, 1.958, 299.1
20.43, 1.957, 296.6
20.44, 1.956, 292.7
20.45, 1.955, 289.7
20.46, 1.954, 288.1
20.47, 1.953, 283.9
20.48, 1.952, 285.5
20.49, 1.951, 277.6
20.50, 1.950, 277.3
20.51, 1.949, 274.7
20.52, 1.948, 271.7
20.53, 1.947, 270.4
20.54, 1.946, 269.1
20.55, 1.945, 267.1
20.56, 1.944, 265.1
20.57, 1.943, 261.9
20.58, 1.942, 264.2
20.59, 1.941, 256.5
20.60, 1.940, 253.4
20.61, 1.939, 249.0
20.62, 1.938, 249.3
20.63, 1.937, 247.8
20.64, 1.936, 247.7
20.65, 1.935, 242.0
20.66, 1.934, 240.6
20.67, 1.933, 238.2
20.68, 1.932, 236.8
20.69, 1.931, 233.3
20.70, 1.930, 234.1
20.71, 1.929, 230.4
20.72, 1.928, 228.9
20.73, 1.927, 228.3
20.74, 1.926, 226.5
20.75, 1.925, 222.7
20.76, 1.924, 220.5
20.77, 1.923, 220.8
20.78, 1.922, 218.8
20.79, 1.921, 212.8
20.80, 1.920, 213.4
20.81, 1.919, 211.8
20.82, 1.918, 208.4
20.83, 1.917, 208.7
20.84, 1.916, 208.6
20.85, 1.915, 203.8
20.86, 1.914, 203.7
20.87, 1.913, 199.8
20.88, 1.912, 196.3
20.89, 1.911, 193.0
20.90, 1.910, 196.1
20.91, 1.909, 192.3
20.92, 1.908, 192.4
20.93, 1.907, 190.6
20.94, 1.906, 189.2
20.95, 1.905, 188.1
20.96, 1.904, 186.7
20.97, 1.903, 184.2
20.98, 1.902, 181.9
20.99, 1.901, 179.4
21.00, 1.900, 179.5
21.01, 1.899, 178.3
21.02, 1.898, 173.4
21.03, 1.897, 174.8
21.04, 1.896, 173.3
21.05, 1.895, 170.9
21.06, 1.894, 170.2
21.07, 1.893, 166.0
21.08, 1.892, 165.8
21.09, 1.891, 163.2
21.10, 1.890, 162.1
21.11, 1.889, 163.2
21.12, 1.888, 160.1
21.13, 1.887, 160.1
21.14, 1.886, 156.6
21.15, 1.885, 157.1
21.16, 1.884, 154.6
21.17, 1.883, 152.5
21.18, 1.882, 153.4
21.19, 1.881, 152.4
21.20, 1.880, 148.1
21.21, 1.879, 148.7
21.22, 1.878, 144.4
21.23, 1.877, 150.4
21.24, 1.876, 145.7
21.25, 1.875, 143.7
21.26, 1.874, 143.0
21.27, 1.873, 142.2
21.28, 1.872, 140.0
21.29, 1.871, 140.0
21.30, 1.870, 135.9
21.31, 1.869, 136.4
21.32, 1.868, 133.1
21.33, 1.867, 134.5
21.34, 1.866, 131.6
21.35, 1.865, 131.2
21.36, 1.864, 129.1
21.37, 1.863, 127.6
21.38, 1.862, 127.0
21.39, 1.861, 125.5
21.40, 1.860, 125.0
21.41, 1.859, 124.0
21.42, 1.858, 121.3
21.43, 1.857, 123.7
21.44, 1.856, 120.2
21.45, 1.855, 119.2
21.46, 1.854, 121.6
21.47, 1.853, 114.7
21.48, 1.852, 117.0
21.49, 1.851, 114.2
21.50, 1.850, 116.8
21.51, 1.849, 113.0
21.52, 1.848, 115.4
21.53, 1.847, 111.0
21.54, 1.846, 112.4
21.55, 1.845, 108.7
21.56, 1.844, 111.5
21.57, 1.843, 108.0
21.58, 1.842, 108.6
21.59, 1.841, 106.9
21.60, 1.840, 106.9
21.61, 1.839, 106.1
21.62, 1.838, 101.9
21.63, 1.837, 103.2
21.64, 1.836, 101.5
21.65, 1.835, 103.9
21.66, 1.834, 98.71
21.67, 1.833, 100.6
21.68, 1.832, 101.7
21.69, 1.831, 101.6
21.70, 1.830, 98.80
21.71, 1.829, 97.19
21.72, 1.828, 95.27
21.73, 1.827, 94.79
21.74, 1.826, 92.74
21.75, 1.825, 94.38
21.76, 1.824, 91.63
21.77, 1.823, 93.47
21.78, 1.822, 90.35
21.79, 1.821, 90.80
21.80, 1.820, 90.29
21.81, 1.819, 89.21
21.82, 1.818, 87.15
21.83, 1.817, 89.04
21.84, 1.816, 87.45
21.85, 1.815, 88.38
21.86, 1.814, 85.11
21.87, 1.813, 85.47
21.88, 1.812, 85.04
21.89, 1.811, 83.99
21.90, 1.810, 83.15
21.91, 1.809, 81.95
21.92, 1.808, 85.19
21.93, 1.807, 83.04
21.94, 1.806, 83.65
21.95, 1.805, 80.24
21.96, 1.804, 83.41
21.97, 1.803, 79.06
21.98, 1.802, 80.16
21.99, 1.801, 79.50
22.00, 1.800, 78.70
22.01, 1.799, 76.63
22.02, 1.798, 77.51
22.03, 1.797, 75.94
22.04, 1.796, 76.90
22.05, 1.795, 75.11
22.06, 1.794, 77.11
22.07, 1.793, 75.26
22.08, 1.792, 76.17
22.09, 1.791, 74.18
22.10, 1.790, 72.51
22.11, 1.789, 73.26
22.12, 1.788, 73.33
22.13, 1.787, 71.65
22.14, 1.786, 70.54
22.15, 1.785, 69.55
22.16, 1.784, 67.02
22.17, 1.783, 70.98
22.18, 1.782, 68.04
22.19, 1.781, 66.51
22.20, 1.780, 67.22
22.21, 1.779, 67.71
22.22, 1.778, 63.78
22.23, 1.777, 65.99
22.24, 1.776, 62.69
22.25, 1.775, 66.90
22.26, 1.774, 64.86
22.27, 1.773, 64.67
22.28, 1.772, 62.71
22.29, 1.771, 65.88
22.30, 1.770, 62.33
22.31, 1.769, 65.12
22.32, 1.768, 62.10
22.33, 1.767, 63.11
22.34, 1.766, 62.14
22.35, 1.765, 63.27
22.36, 1.764, 60.75
22.37, 1.763, 62.32
22.38, 1.762, 59.63
22.39, 1.761, 61.23
22.40, 1.760, 58.12
22.41, 1.759, 59.56
22.42, 1.758, 57.81
22.43, 1.757, 58.90
22.44, 1.756, 57.94
22.45, 1.755, 56.64
22.46, 1.754, 58.45
22.47, 1.753, 56.80
22.48, 1.752, 57.19
22.49, 1.751, 56.89
22.50, 1.750, 57.42
22.51, 1.749, 56.32
22.52, 1.748, 57.90
22.53, 1.747, 54.70
22.54, 1.746, 57.28
22.55, 1.745, 54.89
22.56, 1.744, 55.27
22.57, 1.743, 52.57
22.58, 1.742, 54.84
22.59, 1.741, 51.30
22.60, 1.740, 54.69
22.61, 1.739, 52.91
22.62, 1.738, 54.83
22.63, 1.737, 51.73
22.64, 1.736, 52.06
22.65, 1.735, 52.89
22.66, 1.734, 51.43
22.67, 1.733, 49.88
22.68, 1.732, 48.58
22.69, 1.731, 51.24
22.70, 1.730, 51.64
22.71, 1.729, 51.71
22.72, 1.728, 52.04
22.73, 1.727, 50.91
22.74, 1.726, 49.81
22.75, 1.725, 51.21
22.76, 1.724, 49.33
22.77, 1.723, 50.50
22.78, 1.722, 47.55
22.79, 1.721, 50.00
22.80, 1.720, 47.70
22.81, 1.719, 48.15
22.82, 1.718, 49.74
22.83, 1.717, 49.65
22.84, 1.716, 45.31
22.85, 1.715, 48.63
22.86, 1.714, 45.40
22.87, 1.713, 47.19
22.88, 1.712, 45.97
22.89, 1.711, 49.93
22.90, 1.710, 47.06
22.91, 1.709, 47.29
22.92, 1.708, 45.20
22.93, 1.707, 48.74
22.94, 1.706, 45.65
22.95, 1.705, 46.73
22.96, 1.704, 46.53
22.97, 1.703, 46.65
22.98, 1.702, 42.98
22.99, 1.701, 43.83
23.00, 1.700, 42.66
23.01, 1.699, 47.85
23.02, 1.698, 42.53
23.03, 1.697, 44.54
23.04, 1.696, 41.96
23.05, 1.695, 43.22
23.06, 1.694, 41.09
23.07, 1.693, 43.95
23.08, 1.692, 40.96
23.09, 1.691, 41.27
23.10, 1.690, 40.64
23.11, 1.689, 41.76
23.12, 1.688, 43.69
23.13, 1.687, 44.03
23.14, 1.686, 41.73
23.15, 1.685, 42.85
23.16, 1.684, 41.62
23.17, 1.683, 44.18
23.18, 1.682, 42.76
23.19, 1.681, 41.53
23.20, 1.680, 39.32
23.21, 1.679, 43.02
23.22, 1.678, 40.82
23.23, 1.677, 42.70
23.24, 1.676, 40.37
23.25, 1.675, 41.83
23.26, 1.674, 41.13
23.27, 1.673, 42.05
23.28, 1.672, 41.27
23.29, 1.671, 40.96
23.30, 1.670, 39.72
23.31, 1.669, 40.60
23.32, 1.668, 38.34
23.33, 1.667, 41.24
23.34, 1.666, 39.05
23.35, 1.665, 42.23
23.36, 1.664, 39.16
23.37, 1.663, 38.89
23.38, 1.662, 39.90
23.39, 1.661, 37.47
23.40, 1.660, 38.05
23.41, 1.659, 40.73
23.42, 1.658, 39.34
23.43, 1.657, 40.30
23.44, 1.656, 38.21
23.45, 1.655, 37.73
23.46, 1.654, 36.55
23.47, 1.653, 38.93
23.48, 1.652, 38.84
23.49, 1.651, 35.77
23.50, 1.650, 37.97
23.51, 1.649, 39.84
23.52, 1.648, 36.42
23.53, 1.647, 37.50
23.54, 1.646, 35.47
23.55, 1.645, 38.78
23.56, 1.644, 36.23
23.57, 1.643, 38.64
23.58, 1.642, 37.80
23.59, 1.641, 37.66
23.60, 1.640, 34.12
23.61, 1.639, 37.41
23.62, 1.638, 36.05
23.63, 1.637, 38.82
23.64, 1.636, 35.10
23.65, 1.635, 38.19
23.66, 1.634, 37.36
23.67, 1.633, 36.48
23.68, 1.632, 35.92
23.69, 1.631, 37.02
23.70, 1.630, 36.73
23.71, 1.629, 37.96
23.72, 1.628, 35.02
23.73, 1.627, 36.85
23.74, 1.626, 34.22
23.75, 1.625, 37.01
23.76, 1.624, 36.08
23.77, 1.623, 35.89
23.78, 1.622, 31.92
23.79, 1.621, 36.09
23.80, 1.620, 35.38
23.81, 1.619, 36.03
23.82, 1.618, 31.89
23.83, 1.617, 34.50
23.84, 1.616, 35.25
23.85, 1.615, 33.89
23.86, 1.614, 34.11
23.87, 1.613, 33.09
23.88, 1.612, 33.07
23.89, 1.611, 34.55
23.90, 1.610, 32.27
23.91, 1.609, 34.18
23.92, 1.608, 32.01
23.93, 1.607, 35.62
23.94, 1.606, 34.25
23.95, 1.605, 32.05
23.96, 1.604, 35.34
23.97, 1.603, 34.95
23.98, 1.602, 33.07
23.99, 1.601, 34.72
24.00, 1.600, 31.13
24.01, 1.599, 33.25
24.02, 1.598, 33.19
24.03, 1.597, 34.64
24.04, 1.596, 32.46
24.05, 1.595, 33.38
24.06, 1.594, 33.31
24.07, 1.593, 34.67
24.08, 1.592, 32.99
24.09, 1.591, 33.01
24.10, 1.590, 32.93
24.11, 1.589, 33.41
24.12, 1.588, 30.71
24.13, 1.587, 33.80
24.14, 1.586, 31.80
24.15, 1.585, 33.32
24.16, 1.584, 30.93
24.17, 1.583, 33.76
24.18, 1.582, 31.13
24.19, 1.581, 33.03
24.20, 1.580, 33.18
24.21, 1.579, 33.49
24.22, 1.578, 31.15
24.23, 1.577, 31.80
24.24, 1.576, 28.46
24.25, 1.575, 31.57
24.26, 1.574, 30.16
24.27, 1.573, 31.35
24.28, 1.572, 28.87
24.29, 1.571, 31.95
24.30, 1.570, 30.73
24.31, 1.569, 32.35
24.32, 1.568, 32.78
24.33, 1.567, 32.39
24.34, 1.566, 30.56
24.35, 1.565, 30.02
24.36, 1.564, 33.62
24.37, 1.563, 31.66
24.38, 1.562, 31.66
24.39, 1.561, 31.68
24.40, 1.560, 31.69
24.41, 1.559, 30.75
24.42, 1.558, 33.27
24.43, 1.557, 31.95
24.44, 1.556, 32.99
24.45, 1.555, 31.34
24.46, 1.554, 32.85
24.47, 1.553, 30.50
24.48, 1.552, 33.04
24.49, 1.551, 30.20
24.50, 1.550, 33.80
24.51, 1.549, 28.33
24.52, 1.548, 32.27
24.53, 1.547, 29.64
24.54, 1.546, 29.58
24.55, 1.545, 29.03
24.56, 1.544, 30.73
24.57, 1.543, 29.73
24.58, 1.542, 29.39
24.59, 1.541, 29.34
24.60, 1.540, 30.86
24.61, 1.539, 31.95
24.62, 1.538, 29.97
24.63, 1.537, 29.74
24.64, 1.536, 31.41
24.65, 1.535, 28.93
24.66, 1.534, 29.91
24.67, 1.533, 27.96
24.68, 1.532, 29.71
24.69, 1.531, 30.31
24.70, 1.530, 29.20
24.71, 1.529, 27.54
24.72, 1.528, 29.46
24.73, 1.527, 27.30
24.74, 1.526, 29.96
24.75, 1.525, 28.92
24.76, 1.524, 29.33
24.77, 1.523, 29.88
24.78, 1.522, 28.82
24.79, 1.521, 28.76
24.80, 1.520, 28.12
24.81, 1.519, 31.07
24.82, 1.518, 28.72
24.83, 1.517, 30.99
24.84, 1.516, 28.28
24.85, 1.515, 29.92
24.86, 1.514, 27.25
24.87, 1.513, 30.50
24.88, 1.512, 27.14
24.89, 1.511, 32.04
24.90, 1.510, 27.36
24.91, 1.509, 28.44
24.92, 1.508, 29.25
24.93, 1.507, 30.36
24.94, 1.506, 28.04
24.95, 1.505, 28.50
24.96, 1.504, 28.49
24.97, 1.503, 28.51
24.98, 1.502, 26.88
24.99, 1.501, 29.00
25.00, 1.500, 27.37
25.01, 1.499, 30.51
25.02, 1.498, 30.51
25.03, 1.497, 28.09
25.04, 1.496, 27.96
25.05, 1.495, 28.41
25.06, 1.494, 28.52
25.07, 1.493, 27.48
25.08, 1.492, 28.70
25.09, 1.491, 26.35
25.10, 1.490, 27.43
25.11, 1.489, 24.84
25.12, 1.488, 27.62
25.13, 1.487, 24.66
25.14, 1.486, 27.02
25.15, 1.485, 26.97
25.16, 1.484, 26.76
25.17, 1.483, 25.46
25.18, 1.482, 26.96
25.19, 1.481, 24.85
25.20, 1.480, 29.33
25.21, 1.479, 27.42
25.22, 1.478, 29.93
25.23, 1.477, 25.99
25.24, 1.476, 28.37
25.25, 1.475, 24.75
25.26, 1.474, 26.21
25.27, 1.473, 25.32
25.28, 1.472, 26.65
25.29, 1.471, 27.14
25.30, 1.470, 25.73
25.31, 1.469, 27.60
25.32, 1.468, 27.73
25.33, 1.467, 25.13
25.34, 1.466, 25.39
25.35, 1.465, 25.99
25.36, 1.464, 25.26
25.37, 1.463, 27.85
25.38, 1.462, 23.01
25.39, 1.461, 27.01
25.40, 1.460, 22.72
25.41, 1.459, 26.07
25.42, 1.458, 22.82
25.43, 1.457, 27.67
25.44, 1.456, 24.32
25.45, 1.455, 25.24
25.46, 1.454, 24.34
25.47, 1.453, 25.78
25.48, 1.452, 22.00
25.49, 1.451, 26.71
25.50, 1.450, 23.34
25.51, 1.449, 25.15
25.52, 1.448, 22.23
25.53, 1.447, 22.53
25.54, 1.446, 22.33
25.55, 1.445, 25.30
25.56, 1.444, 24.02
25.57, 1.443, 23.57
25.58, 1.442, 21.08
25.59, 1.441, 24.79
25.60, 1.440, 20.99
25.61, 1.439, 23.67
25.62, 1.438, 23.52
25.63, 1.437, 23.58
25.64, 1.436, 24.45
25.65, 1.435, 25.28
25.66, 1.434, 21.73
25.67, 1.433, 22.75
25.68, 1.432, 23.09
25.69, 1.431, 23.27
25.70, 1.430, 22.47
25.71, 1.429, 23.19
25.72, 1.428, 20.86
25.73, 1.427, 19.56
25.74, 1.426, 21.52
25.75, 1.425, 23.05
25.76, 1.424, 20.95
25.77, 1.423, 20.10
25.78, 1.422, 20.14
25.79, 1.421, 19.82
25.80, 1.420, 23.44
25.81, 1.419, 19.66
25.82, 1.418, 22.02
25.83, 1.417, 18.19
25.84, 1.416, 22.51
25.85, 1.415, 18.72
25.86, 1.414, 17.99
25.87, 1.413, 20.40
25.88, 1.412, 20.85
25.89, 1.411, 17.60
25.90, 1.410, 20.74
25.91, 1.409, 18.25
25.92, 1.408, 20.52
25.93, 1.407, 17.81
25.94, 1.406, 17.18
25.95, 1.405, 17.17
25.96, 1.404, 19.07
25.97, 1.403, 16.55
25.98, 1.402, 18.45
25.99, 1.401, 14.66
26.00, 1.400, 18.29
26.01, 1.399, 16.61
26.02, 1.398, 16.73
26.03, 1.397, 15.03
26.04, 1.396, 17.03
26.05, 1.395, 14.55
26.06, 1.394, 16.44
26.07, 1.393, 15.29
26.08, 1.392, 14.55
26.09, 1.391, 14.20
26.10, 1.390, 14.79
26.11, 1.389, 16.01
26.12, 1.388, 16.25
26.13, 1.387, 12.49
26.14, 1.386, 14.94
26.15, 1.385, 14.61
26.16, 1.384, 16.08
26.17, 1.383, 11.09
26.18, 1.382, 14.75
26.19, 1.381, 12.18
26.20, 1.380, 16.55
26.21, 1.379, 12.89
26.22, 1.378, 13.37
26.23, 1.377, 12.44
26.24, 1.376, 13.90
26.25, 1.375, 11.13
26.26, 1.374, 14.61
26.27, 1.373, 12.00
26.28, 1.372, 12.99
26.29, 1.371, 11.40
26.30, 1.370, 10.91
26.31, 1.369, 12.55
26.32, 1.368, 12.37
26.33, 1.367, 11.94
26.34, 1.366, 11.42
26.35, 1.365, 8.119
26.36, 1.364, 10.35
26.37, 1.363, 9.854
26.38, 1.362, 9.390
26.39, 1.361, 7.661
26.40, 1.360, 8.139
26.41, 1.359, 5.763
26.42, 1.358, 7.931
26.43, 1.357, 7.272
26.44, 1.356, 4.976
26.45, 1.355, 10.12
26.46, 1.354, 6.419
26.47, 1.353, 8.519
26.48, 1.352, 8.242
26.49, 1.351, 7.809
26.50, 1.350, 6.892
26.51, 1.349, 8.588
26.52, 1.348, 6.428
26.53, 1.347, 8.362
26.54, 1.346, 4.541
26.55, 1.345, 8.664
26.56, 1.344, 5.774
26.57, 1.343, 9.003
26.58, 1.342, 3.927
26.59, 1.341, 7.266
26.60, 1.340, 5.188
26.61, 1.339, 7.595
26.62, 1.338, 7.324
26.63, 1.337, 6.609
26.64, 1.336, 4.763
26.65, 1.335, 6.038
26.66, 1.334, 3.799
26.67, 1.333, 6.178
26.68, 1.332, 1.975
26.69, 1.331, 4.998
26.70, 1.330, 5.764
26.71, 1.329, 0.8937
26.72, 1.328, 2.146
26.73, 1.327, 0.9874
26.74, 1.326, 5.817
26.75, 1.325, 4.116
26.76, 1.324, 2.105
26.77, 1.323, 1.589
26.78, 1.322, 0.1380
26.79, 1.321, 3.861
26.80, 1.320, 1.626
26.81, 1.319, -1.707
26.82, 1.318, -3.798
26.83, 1.317, 0.2383
26.84, 1.316, 1.842
26.85, 1.315, 0.2271
26.86, 1.314, 1.126
26.87, 1.313, 2.292
26.88, 1.312, 3.895
26.89, 1.311, 1.280
26.90, 1.310, 2.087
26.91, 1.309, 0.4243
26.92, 1.308, 1.526
26.93, 1.307, -2.049
26.94, 1.306, 2.706
26.95, 1.305, -2.792
26.96, 1.304, 0.07566
26.97, 1.303, -2.157
26.98, 1.302, -0.5125
26.99, 1.301, -2.262
27.00, 1.300, -2.104
27.01, 1.299, -2.864
27.02, 1.298, -0.05783
27.03, 1.297, -2.035
27.04, 1.296, 1.475
27.05, 1.295, 1.323
27.06, 1.294, -0.6794
27.07, 1.293, -0.9264
27.08, 1.292, 0.2777
27.09, 1.291, -0.1325
27.10, 1.290, 0.3009
27.11, 1.289, -0.7962
27.12, 1.288, -0.1766
27.13, 1.287, -2.312
27.14, 1.286, -1.104
27.15, 1.285, -1.178
27.16, 1.284, -2.337
27.17, 1.283, 0.4856
27.18, 1.282, -3.290
27.19, 1.281, -3.834
27.20, 1.280, -4.055
27.21, 1.279, -4.917
27.22, 1.278, -4.835
27.23, 1.277, -4.899
27.24, 1.276, -2.184
27.25, 1.275, -2.661
27.26, 1.274, -3.764
27.27, 1.273, -3.511
27.28, 1.272, -3.646
27.29, 1.271, -5.044
27.30, 1.270, -2.857
27.31, 1.269, -2.441
27.32, 1.268, -2.905
27.33, 1.267, -2.772
27.34, 1.266, -7.036
27.35, 1.265, 0.7763
27.36, 1.264, -5.945
27.37, 1.263, -0.3236
27.38, 1.262, -2.349
27.39, 1.261, -3.831
27.40, 1.260, -3.203
27.41, 1.259, -1.412
27.42, 1.258, -5.634
27.43, 1.257, 0.1255
27.44, 1.256, -3.251
27.45, 1.255, -2.466
27.46, 1.254, -4.467
27.47, 1.253, -3.952
27.48, 1.252, -4.709
27.49, 1.251, -0.8822
27.50, 1.250, -3.018
27.51, 1.249, -3.124
27.52, 1.248, -4.003
27.53, 1.247, -3.779
27.54, 1.246, -4.544
27.55, 1.245, -3.103
27.56, 1.244, -1.645
27.57, 1.243, -3.756
27.58, 1.242, 0.07591
27.59, 1.241, -4.150
27.60, 1.240, -2.156
27.61, 1.239, -2.513
27.62, 1.238, -4.912
27.63, 1.237, -6.320
27.64, 1.236, -4.585
27.65, 1.235, -4.536
27.66, 1.234, -4.009
27.67, 1.233, -3.352
27.68, 1.232, -4.963
27.69, 1.231, -3.166
27.70, 1.230, -6.816
27.71, 1.229, -3.300
27.72, 1.228, -5.653
27.73, 1.227, -0.8519
27.74, 1.226, -5.018
27.75, 1.225, -6.411
27.76, 1.224, -3.758
27.77, 1.223, -3.167
27.78, 1.222, -4.507
27.79, 1.221, -5.554
27.80, 1.220, -2.875
27.81, 1.219, -3.359
27.82, 1.218, -4.582
27.83, 1.217, -3.653
27.84, 1.216, -4.721
27.85, 1.215, -7.059
27.86, 1.214, -2.841
27.87, 1.213, -3.762
27.88, 1.212, -4.941
27.89, 1.211, -4.070
27.90, 1.210, -5.938
27.91, 1.209, -7.398
27.92, 1.208, -5.174
27.93, 1.207, -6.025
27.94, 1.206, -2.643
27.95, 1.205, -5.097
27.96, 1.204, -4.184
27.97, 1.203, -3.557
27.98, 1.202, -4.401
27.99, 1.201, -6.113
28.00, 1.200, -2.918
28.01, 1.199, -5.481
28.02, 1.198, -6.049
28.03, 1.197, -6.526
28.04, 1.196, -3.464
28.05, 1.195, -7.398
28.06, 1.194, -5.889
28.07, 1.193, -8.495
28.08, 1.192, -5.735
28.09, 1.191, -8.855
28.10, 1.190, -5.536
28.11, 1.189, -8.323
28.12, 1.188, -1.984
28.13, 1.187, -7.740
28.14, 1.186, -3.623
28.15, 1.185, -6.114
28.16, 1.184, -4.654
28.17, 1.183, -5.967
28.18, 1.182, -2.591
28.19, 1.181, -5.461
28.20, 1.180, -1.639
28.21, 1.179, -7.002
28.22, 1.178, -4.801
28.23, 1.177, -6.012
28.24, 1.176, -2.718
28.25, 1.175, -5.756
28.26, 1.174, -4.236
28.27, 1.173, -5.426
28.28, 1.172, -1.434
28.29, 1.171, -7.546
28.30, 1.170, -3.617
28.31, 1.169, -4.271
28.32, 1.168, -4.264
28.33, 1.167, -5.816
28.34, 1.166, -3.037
28.35, 1.165, -5.665
28.36, 1.164, -4.063
28.37, 1.163, -6.629
28.38, 1.162, -2.474
28.39, 1.161, -5.963
28.40, 1.160, -3.830
28.41, 1.159, -6.756
28.42, 1.158, -4.783
28.43, 1.157, -6.736
28.44, 1.156, -3.047
28.45, 1.155, -5.004
28.46, 1.154, -5.291
28.47, 1.153, -7.408
28.48, 1.152, -6.370
28.49, 1.151, -6.400
28.50, 1.150, -6.276
28.51, 1.149, -5.116
28.52, 1.148, -5.628
28.53, 1.147, -6.804
28.54, 1.146, -7.840
28.55, 1.145, -6.221
28.56, 1.144, -3.135
28.57, 1.143, -6.087
28.58, 1.142, -4.624
28.59, 1.141, -6.875
28.60, 1.140, -6.565
28.61, 1.139, -7.284
28.62, 1.138, -7.403
28.63, 1.137, -2.282
28.64, 1.136, -5.436
28.65, 1.135, -3.959
28.66, 1.134, -8.132
28.67, 1.133, -6.705
28.68, 1.132, -7.588
28.69, 1.131, -6.490
28.70, 1.130, -6.213
28.71, 1.129, -5.410
28.72, 1.128, -3.091
28.73, 1.127, -5.092
28.74, 1.126, -6.397
28.75, 1.125, -6.813
28.76, 1.124, -3.250
28.77, 1.123, -7.144
28.78, 1.122, -6.251
28.79, 1.121, -5.076
28.80, 1.120, -3.583
28.81, 1.119, -7.312
28.82, 1.118, -4.294
28.83, 1.117, -6.723
28.84, 1.116, -1.292
28.85, 1.115, -4.605
28.86, 1.114, -3.885
28.87, 1.113, -7.423
28.88, 1.112, -1.622
28.89, 1.111, -5.962
28.90, 1.110, -5.918
28.91, 1.109, -7.224
28.92, 1.108, -7.067
28.93, 1.107, -6.227
28.94, 1.106, -7.491
28.95, 1.105, -7.143
28.96, 1.104, -8.283
28.97, 1.103, -5.860
28.98, 1.102, -7.152
28.99, 1.101, -4.358
29.00, 1.100, -5.633
29.01, 1.099, -7.271
29.02, 1.098, -4.531
29.03, 1.097, -3.924
29.04, 1.096, -5.063
29.05, 1.095, -7.404
29.06, 1.094, -2.706
29.07, 1.093, -5.077
29.08, 1.092, -5.829
29.09, 1.091, -6.191
29.10, 1.090, -3.020
29.11, 1.089, -7.444
29.12, 1.088, -6.846
29.13, 1.087, -4.846
29.14, 1.086, -3.864
29.15, 1.085, -5.602
29.16, 1.084, -3.231
29.17, 1.083, -4.979
29.18, 1.082, -6.189
29.19, 1.081, -5.875
29.20, 1.080, -4.728
29.21, 1.079, -5.668
29.22, 1.078, -3.219
29.23, 1.077, -5.496
29.24, 1.076, -4.809
29.25, 1.075, -4.923
29.26, 1.074, -4.373
29.27, 1.073, -5.462
29.28, 1.072, -4.508
29.29, 1.071, -9.319
29.30, 1.070, -4.825
29.31, 1.069, -8.084
29.32, 1.068, -7.389
29.33, 1.067, -6.692
29.34, 1.066, -6.900
29.35, 1.065, -7.506
29.36, 1.064, -8.253
29.37, 1.063, -4.166
29.38, 1.062, -6.948
29.39, 1.061, -6.963
29.40, 1.060, -9.167
29.41, 1.059, -4.378
29.42, 1.058, -8.804
29.43, 1.057, -4.153
29.44, 1.056, -5.113
29.45, 1.055, -5.408
29.46, 1.054, -7.119
29.47, 1.053, -3.678
29.48, 1.052, -6.765
29.49, 1.051, -7.112
29.50, 1.050, -4.868
29.51, 1.049, -6.042
29.52, 1.048, -4.834
29.53, 1.047, -6.770
29.54, 1.046, -6.770
29.55, 1.045, -4.678
29.56, 1.044, -3.765
29.57, 1.043, -7.868
29.58, 1.042, -5.200
29.59, 1.041, -5.060
29.60, 1.040, -4.298
29.61, 1.039, -5.996
29.62, 1.038, -6.063
29.63, 1.037, -4.662
29.64, 1.036, -4.440
29.65, 1.035, -4.778
29.66, 1.034, -5.255
29.67, 1.033, -4.962
29.68, 1.032, -6.933
29.69, 1.031, -4.987
29.70, 1.030, -8.699
29.71, 1.029, -5.893
29.72, 1.028, -8.511
29.73, 1.027, -5.095
29.74, 1.026, -8.912
29.75, 1.025, -8.555
29.76, 1.024, -7.440
29.77, 1.023, -5.022
29.78, 1.022, -7.088
29.79, 1.021, -8.031
29.80, 1.020, -7.294
29.81, 1.019, -5.691
29.82, 1.018, -3.740
29.83, 1.017, -6.442
29.84, 1.016, -5.727
29.85, 1.015, -5.145
29.86, 1.014, -4.647
29.87, 1.013, -6.550
29.88, 1.012, -5.548
29.89, 1.011, -6.317
29.90, 1.010, -5.197
29.91, 1.009, -5.659
29.92, 1.008, -5.067
29.93, 1.007, -6.807
29.94, 1.006, -4.167
29.95, 1.005, -6.138
29.96, 1.004, -5.311
29.97, 1.003, -6.188
29.98, 1.002, -4.972
29.99, 1.001, -4.599
30.00, 1.000, -6.745
30.01, 0.9990, -5.366
30.02, 0.9980, -7.854
30.03, 0.9970, -8.161
30.04, 0.9960, -6.816
30.05, 0.9950, -4.966
30.06, 0.9940, -6.288
30.07, 0.9930, -4.121
30.08, 0.9920, -5.990
30.09, 0.9910, -4.715
30.10, 0.9900, -4.847
30.11, 0.9890, -5.698
30.12, 0.9880, -4.317
30.13, 0.9870, -4.356
30.14, 0.9860, -5.426
30.15, 0.9850, -5.490
30.16, 0.9840, -6.577
30.17, 0.9830, -7.487
30.18, 0.9820, -7.403
30.19, 0.9810, -7.288
30.20, 0.9800, -5.355
30.21, 0.9790, -5.820
30.22, 0.9780, -7.959
30.23, 0.9770, -7.498
30.24, 0.9760, -5.521
30.25, 0.9750, -6.601
30.26, 0.9740, -5.409
30.27, 0.9730, -5.424
30.28, 0.9720, -4.917
30.29, 0.9710, -7.180
30.30, 0.9700, -2.192
30.31, 0.9690, -4.974
30.32, 0.9680, -3.367
30.33, 0.9670, -5.093
30.34, 0.9660, -7.380
30.35, 0.9650, -4.822
30.36, 0.9640, -4.797
30.37, 0.9630, -7.049
30.38, 0.9620, -7.224
30.39, 0.9610, -7.142
30.40, 0.9600, -5.689
30.41, 0.9590, -5.401
30.42, 0.9580, -7.273
30.43, 0.9570, -5.631
30.44, 0.9560, -8.095
30.45, 0.9550, -3.077
30.46, 0.9540, -6.000
30.47, 0.9530, -4.528
30.48, 0.9520, -6.716
30.49, 0.9510, -4.412
30.50, 0.9500, -6.070
30.51, 0.9490, -3.288
30.52, 0.9480, -5.686
30.53, 0.9470, -2.657
30.54, 0.9460, -6.628
30.55, 0.9450, -5.891
30.56, 0.9440, -5.745
30.57, 0.9430, -9.780
30.58, 0.9420, -5.756
30.59, 0.9410, -7.371
30.60, 0.9400, -8.760
30.61, 0.9390, -4.979
30.62, 0.9380, -6.239
30.63, 0.9370, -3.915
30.64, 0.9360, -9.305
30.65, 0.9350, -5.282
30.66, 0.9340, -6.588
30.67, 0.9330, -6.838
30.68, 0.9320, -5.709
30.69, 0.9310, -7.189
30.70, 0.9300, -5.602
30.71, 0.9290, -8.256
30.72, 0.9280, -3.828
30.73, 0.9270, -7.087
30.74, 0.9260, -7.352
30.75, 0.9250, -6.862
30.76, 0.9240, -6.540
30.77, 0.9230, -6.013
30.78, 0.9220, -6.723
30.79, 0.9210, -6.581
30.80, 0.9200, -3.043
30.81, 0.9190, -7.597
30.82, 0.9180, -5.144
30.83, 0.9170, -9.836
30.84, 0.9160, -3.855
30.85, 0.9150, -5.529
30.86, 0.9140, -4.694
30.87, 0.9130, -6.567
30.88, 0.9120, -5.268
30.89, 0.9110, -5.400
30.90, 0.9100, -5.530
30.91, 0.9090, -5.094
30.92, 0.9080, -7.719
30.93, 0.9070, -5.904
30.94, 0.9060, -8.616
30.95, 0.9050, -2.631
30.96, 0.9040, -8.145
30.97, 0.9030, -6.131
30.98, 0.9020, -8.616
30.99, 0.9010, -4.374
31.00, 0.9000, -8.294
31.01, 0.8990, -6.635
31.02, 0.8980, -8.358
31.03, 0.8970, -7.106
31.04, 0.8960, -8.333
31.05, 0.8950, -6.489
31.06, 0.8940, -6.014
31.07, 0.8930, -7.053
31.08, 0.8920, -7.541
31.09, 0.8910, -4.189
31.10, 0.8900, -3.678
31.11, 0.8890, -5.714
31.12, 0.8880, -6.601
31.13, 0.8870, -4.578
31.14, 0.8860, -7.270
31.15, 0.8850, -5.042
31.16, 0.8840, -6.944
31.17, 0.8830, -9.399
31.18, 0.8820, -6.015
31.19, 0.8810, -5.335
31.20, 0.8800, -9.404
31.21, 0.8790, -6.190
31.22, 0.8780, -6.126
31.23, 0.8770, -4.613
31.24, 0.8760, -5.745
31.25, 0.8750, -3.925
31.26, 0.8740, -7.354
31.27, 0.8730, -8.910
31.28, 0.8720, -6.511
31.29, 0.8710, -8.592
31.30, 0.8700, -6.843
31.31, 0.8690, -7.764
31.32, 0.8680, -6.188
31.33, 0.8670, -5.680
31.34, 0.8660, -7.401
31.35, 0.8650, -6.692
31.36, 0.8640, -6.811
31.37, 0.8630, -7.018
31.38, 0.8620, -6.508
31.39, 0.8610, -8.754
31.40, 0.8600, -5.061
31.41, 0.8590, -7.618
31.42, 0.8580, -7.761
31.43, 0.8570, -6.906
31.44, 0.8560, -5.911
31.45, 0.8550, -8.186
31.46, 0.8540, -7.128
31.47, 0.8530, -5.207
31.48, 0.8520, -5.807
31.49, 0.8510, -10.77
31.50, 0.8500, -5.838
31.51, 0.8490, -7.513
31.52, 0.8480, -6.237
31.53, 0.8470, -7.781
31.54, 0.8460, -3.452
31.55, 0.8450, -6.101
31.56, 0.8440, -7.487
31.57, 0.8430, -5.365
31.58, 0.8420, -5.444
31.59, 0.8410, -5.764
31.60, 0.8400, -6.321
31.61, 0.8390, -7.464
31.62, 0.8380, -6.757
31.63, 0.8370, -7.227
31.64, 0.8360, -4.391
31.65, 0.8350, -5.469
31.66, 0.8340, -6.136
31.67, 0.8330, -6.731
31.68, 0.8320, -5.703
31.69, 0.8310, -5.100
31.70, 0.8300, -5.209
31.71, 0.8290, -9.182
31.72, 0.8280, -6.417
31.73, 0.8270, -6.601
31.74, 0.8260, -8.009
31.75, 0.8250, -5.114
31.76, 0.8240, -5.783
31.77, 0.8230, -5.229
31.78, 0.8220, -6.479
31.79, 0.8210, -6.064
31.80, 0.8200, -6.754
31.81, 0.8190, -7.905
31.82, 0.8180, -8.298
31.83, 0.8170, -8.407
31.84, 0.8160, -8.949
31.85, 0.8150, -6.926
31.86, 0.8140, -8.900
31.87, 0.8130, -5.097
31.88, 0.8120, -5.638
31.89, 0.8110, -8.574
31.90, 0.8100, -6.305
31.91, 0.8090, -6.384
31.92, 0.8080, -7.148
31.93, 0.8070, -8.468
31.94, 0.8060, -6.833
31.95, 0.8050, -7.987
31.96, 0.8040, -5.069
31.97, 0.8030, -7.766
31.98, 0.8020, -7.967
31.99, 0.8010, -5.539
32.00, 0.8000, -5.221
32.01, 0.7990, -5.926
32.02, 0.7980, -5.683
32.03, 0.7970, -5.281
32.04, 0.7960, -7.478
32.05, 0.7950, -7.895
32.06, 0.7940, -6.626
32.07, 0.7930, -3.873
32.08, 0.7920, -7.379
32.09, 0.7910, -6.072
32.10, 0.7900, -6.964
32.11, 0.7890, -4.169
32.12, 0.7880, -6.988
32.13, 0.7870, -9.435
32.14, 0.7860, -4.158
32.15, 0.7850, -8.117
32.16, 0.7840, -2.789
32.17, 0.7830, -7.731
32.18, 0.7820, -5.131
32.19, 0.7810, -8.593
32.20, 0.7800, -2.286
32.21, 0.7790, -7.025
32.22, 0.7780, -7.029
32.23, 0.7770, -5.408
32.24, 0.7760, -8.613
32.25, 0.7750, -6.127
32.26, 0.7740, -8.683
32.27, 0.7730, -8.025
32.28, 0.7720, -8.816
32.29, 0.7710, -5.424
32.30, 0.7700, -7.332
32.31, 0.7690, -9.758
32.32, 0.7680, -7.471
32.33, 0.7670, -6.614
32.34, 0.7660, -7.263
32.35, 0.7650, -6.070
32.36, 0.7640, -7.959
32.37, 0.7630, -7.643
32.38, 0.7620, -7.100
32.39, 0.7610, -6.404
32.40, 0.7600, -8.587
32.41, 0.7590, -3.942
32.42, 0.7580, -7.659
32.43, 0.7570, -5.875
32.44, 0.7560, -4.406
32.45, 0.7550, -6.907
32.46, 0.7540, -8.252
32.47, 0.7530, -6.809
32.48, 0.7520, -6.444
32.49, 0.7510, -6.664
32.50, 0.7500, -7.061
32.51, 0.7490, -7.750
32.52, 0.7480, -4.729
32.53, 0.7470, -8.204
32.54, 0.7460, -5.904
32.55, 0.7450, -2.657
32.56, 0.7440, -6.124
32.57, 0.7430, -6.241
32.58, 0.7420, -7.054
32.59, 0.7410, -6.846
32.60, 0.7400, -4.862
32.61, 0.7390, -6.819
32.62, 0.7380, -6.871
32.63, 0.7370, -6.188
32.64, 0.7360, -7.664
32.65, 0.7350, -6.580
32.66, 0.7340, -10.54
32.67, 0.7330, -6.356
32.68, 0.7320, -9.734
32.69, 0.7310, -9.095
32.70, 0.7300, -9.334
32.71, 0.7290, -6.279
32.72, 0.7280, -7.144
32.73, 0.7270, -8.548
32.74, 0.7260, -7.483
32.75, 0.7250, -10.57
32.76, 0.7240, -5.472
32.77, 0.7230, -9.274
32.78, 0.7220, -5.454
32.79, 0.7210, -10.06
32.80, 0.7200, -4.091
32.81, 0.7190, -6.464
32.82, 0.7180, -4.484
32.83, 0.7170, -7.941
32.84, 0.7160, -8.359
32.85, 0.7150, -8.072
32.86, 0.7140, -7.128
32.87, 0.7130, -5.856
32.88, 0.7120, -9.015
32.89, 0.7110, -4.742
32.90, 0.7100, -6.898
32.91, 0.7090, -7.307
32.92, 0.7080, -9.669
32.93, 0.7070, -5.454
32.94, 0.7060, -6.299
32.95, 0.7050, -5.025
32.96, 0.7040, -6.702
32.97, 0.7030, -5.939
32.98, 0.7020, -6.618
32.99, 0.7010, -7.147
33.00, 0.7000, -8.724
33.01, 0.6990, -5.818
33.02, 0.6980, -7.568
33.03, 0.6970, -5.251
33.04, 0.6960, -6.237
33.05, 0.6950, -6.131
33.06, 0.6940, -8.432
33.07, 0.6930, -8.186
33.08, 0.6920, -8.323
33.09, 0.6910, -6.824
33.10, 0.6900, -8.080
33.11, 0.6890, -9.662
33.12, 0.6880, -6.266
33.13, 0.6870, -7.927
33.14, 0.6860, -6.157
33.15, 0.6850, -10.03
33.16, 0.6840, -7.500
33.17, 0.6830, -7.609
33.18, 0.6820, -5.725
33.19, 0.6810, -8.135
33.20, 0.6800, -6.583
33.21, 0.6790, -8.772
33.22, 0.6780, -6.779
33.23, 0.6770, -7.076
33.24, 0.6760, -8.624
33.25, 0.6750, -6.010
33.26, 0.6740, -8.495
33.27, 0.6730, -6.280
33.28, 0.6720, -7.797
33.29, 0.6710, -7.341
33.30, 0.6700, -7.084
33.31, 0.6690, -6.997
33.32, 0.6680, -7.225
33.33, 0.6670, -7.333
33.34, 0.6660, -7.149
33.35, 0.6650, -8.818
33.36, 0.6640, -6.381
33.37, 0.6630, -9.982
33.38, 0.6620, -4.571
33.39, 0.6610, -7.508
33.40, 0.6600, -7.288
33.41, 0.6590, -6.215
33.42, 0.6580, -6.940
33.43, 0.6570, -7.516
33.44, 0.6560, -6.934
33.45, 0.6550, -8.187
33.46, 0.6540, -8.397
33.47, 0.6530, -6.878
33.48, 0.6520, -7.430
33.49, 0.6510, -7.851
33.50, 0.6500, -9.153
33.51, 0.6490, -8.497
33.52, 0.6480, -10.39
33.53, 0.6470, -7.507
33.54, 0.6460, -8.887
33.55, 0.6450, -9.305
33.56, 0.6440, -7.421
33.57, 0.6430, -9.854
33.58, 0.6420, -9.181
33.59, 0.6410, -7.672
33.60, 0.6400, -7.174
33.61, 0.6390, -9.861
33.62, 0.6380, -6.047
33.63, 0.6370, -6.858
33.64, 0.6360, -7.431
33.65, 0.6350, -6.928
33.66, 0.6340, -6.380
33.67, 0.6330, -8.588
33.68, 0.6320, -7.490
33.69, 0.6310, -7.672
33.70, 0.6300, -8.375
33.71, 0.6290, -6.366
33.72, 0.6280, -8.130
33.73, 0.6270, -7.765
33.74, 0.6260, -12.35
33.75, 0.6250, -7.283
33.76, 0.6240, -7.622
33.77, 0.6230, -7.153
33.78, 0.6220, -8.915
33.79, 0.6210, -6.637
33.80, 0.6200, -9.269
33.81, 0.6190, -7.203
33.82, 0.6180, -6.331
33.83, 0.6170, -7.758
33.84, 0.6160, -9.496
33.85, 0.6150, -5.856
33.86, 0.6140, -7.125
33.87, 0.6130, -5.579
33.88, 0.6120, -7.304
33.89, 0.6110, -7.669
33.90, 0.6100, -8.015
33.91, 0.6090, -6.098
33.92, 0.6080, -9.482
33.93, 0.6070, -8.880
33.94, 0.6060, -8.865
33.95, 0.6050, -10.22
33.96, 0.6040, -10.74
33.97, 0.6030, -11.44
33.98, 0.6020, -7.428
33.99, 0.6010, -10.09
34.00, 0.6000, -6.886
34.01, 0.5990, -10.61
34.02, 0.5980, -7.867
34.03, 0.5970, -8.247
34.04, 0.5960, -8.045
34.05, 0.5950, -7.490
34.06, 0.5940, -7.225
34.07, 0.5930, -7.062
34.08, 0.5920, -7.192
34.09, 0.5910, -7.597
34.10, 0.5900, -8.309
34.11, 0.5890, -9.139
34.12, 0.5880, -5.696
34.13, 0.5870, -7.956
34.14, 0.5860, -7.457
34.15, 0.5850, -8.305
34.16, 0.5840, -7.869
34.17, 0.5830, -5.389
34.18, 0.5820, -7.592
34.19, 0.5810, -8.075
34.20, 0.5800, -9.180
34.21, 0.5790, -4.503
34.22, 0.5780, -8.242
34.23, 0.5770, -7.789
34.24, 0.5760, -9.027
34.25, 0.5750, -6.660
34.26, 0.5740, -9.424
34.27, 0.5730, -6.982
34.28, 0.5720, -7.685
34.29, 0.5710, -8.815
34.30, 0.5700, -8.823
34.31, 0.5690, -7.700
34.32, 0.5680, -8.471
34.33, 0.5670, -8.121
34.34, 0.5660, -5.960
34.35, 0.5650, -8.760
34.36, 0.5640, -9.569
34.37, 0.5630, -9.230
34.38, 0.5620, -6.342
34.39, 0.5610, -8.878
34.40, 0.5600, -9.328
34.41, 0.5590, -8.831
34.42, 0.5580, -7.855
34.43, 0.5570, -8.567
34.44, 0.5560, -8.085
34.45, 0.5550, -9.013
34.46, 0.5540, -10.68
34.47, 0.5530, -6.953
34.48, 0.5520, -9.993
34.49, 0.5510, -9.937
34.50, 0.5500, -9.206
34.51, 0.5490, -7.371
34.52, 0.5480, -8.618
34.53, 0.5470, -7.051
34.54, 0.5460, -9.176
34.55, 0.5450, -7.378
34.56, 0.5440, -7.401
34.57, 0.5430, -7.008
34.58, 0.5420, -8.118
34.59, 0.5410, -7.844
34.60, 0.5400, -6.574
34.61, 0.5390, -9.223
34.62, 0.5380, -7.433
34.63, 0.5370, -7.253
34.64, 0.5360, -7.139
34.65, 0.5350, -9.161
34.66, 0.5340, -8.667
34.67, 0.5330, -9.408
34.68, 0.5320, -7.702
34.69, 0.5310, -10.35
34.70, 0.5300, -6.063
34.71, 0.5290, -11.44
34.72, 0.5280, -7.002
34.73, 0.5270, -8.948
34.74, 0.5260, -6.407
34.75, 0.5250, -9.232
34.76, 0.5240, -7.329
34.77, 0.5230, -9.280
34.78, 0.5220, -9.769
34.79, 0.5210, -10.26
34.80, 0.5200, -10.75
34.81, 0.5190, -11.32
34.82, 0.5180, -7.161
34.83, 0.5170, -9.279
34.84, 0.5160, -9.317
34.85, 0.5150, -8.993
34.86, 0.5140, -8.885
34.87, 0.5130, -8.029
34.88, 0.5120, -10.82
34.89, 0.5110, -8.316
34.90, 0.5100, -10.66
34.91, 0.5090, -4.698
34.92, 0.5080, -9.233
34.93, 0.5070, -7.194
34.94, 0.5060, -10.51
34.95, 0.5050, -5.187
34.96, 0.5040, -7.107
34.97, 0.5030, -8.584
34.98, 0.5020, -8.636
34.99, 0.5010, -9.221
35.00, 0.5000, -7.808
35.01, 0.4990, -9.983
35.02, 0.4980, -8.296
35.03, 0.4970, -9.424
35.04, 0.4960, -6.645
35.05, 0.4950, -9.878
35.06, 0.4940, -9.102
35.07, 0.4930, -9.646
35.08, 0.4920, -6.960
35.09, 0.4910, -9.056
35.10, 0.4900, -8.912
35.11, 0.4890, -8.989
35.12, 0.4880, -7.815
35.13, 0.4870, -8.308
35.14, 0.4860, -11.64
35.15, 0.4850, -8.929
35.16, 0.4840, -9.273
35.17, 0.4830, -5.855
35.18, 0.4820, -10.28
35.19, 0.4810, -8.099
35.20, 0.4800, -10.33
35.21, 0.4790, -8.375
35.22, 0.4780, -10.53
35.23, 0.4770, -8.824
35.24, 0.4760, -9.479
35.25, 0.4750, -9.706
35.26, 0.4740, -9.434
35.27, 0.4730, -8.123
35.28, 0.4720, -11.92
35.29, 0.4710, -8.571
35.30, 0.4700, -9.637
35.31, 0.4690, -6.854
35.32, 0.4680, -8.183
35.33, 0.4670, -8.079
35.34, 0.4660, -8.842
35.35, 0.4650, -8.592
35.36, 0.4640, -7.045
35.37, 0.4630, -8.143
35.38, 0.4620, -9.784
35.39, 0.4610, -7.791
35.40, 0.4600, -6.787
35.41, 0.4590, -9.237
35.42, 0.4580, -9.036
35.43, 0.4570, -10.38
35.44, 0.4560, -7.105
35.45, 0.4550, -9.989
35.46, 0.4540, -10.96
35.47, 0.4530, -6.187
35.48, 0.4520, -9.037
35.49, 0.4510, -8.547
35.50, 0.4500, -9.808
35.51, 0.4490, -6.828
35.52, 0.4480, -8.620
35.53, 0.4470, -7.622
35.54, 0.4460, -9.440
35.55, 0.4450, -9.578
35.56, 0.4440, -8.915
35.57, 0.4430, -8.370
35.58, 0.4420, -8.282
35.59, 0.4410, -7.114
35.60, 0.4400, -6.708
35.61, 0.4390, -9.351
35.62, 0.4380, -10.45
35.63, 0.4370, -11.19
35.64, 0.4360, -12.02
35.65, 0.4350, -11.42
35.66, 0.4340, -10.60
35.67, 0.4330, -9.189
35.68, 0.4320, -10.09
35.69, 0.4310, -11.04
35.70, 0.4300, -10.34
35.71, 0.4290, -11.32
35.72, 0.4280, -10.07
35.73, 0.4270, -11.01
35.74, 0.4260, -9.037
35.75, 0.4250, -9.999
35.76, 0.4240, -10.39
35.77, 0.4230, -9.968
35.78, 0.4220, -7.938
35.79, 0.4210, -9.043
35.80, 0.4200, -8.367
35.81, 0.4190, -9.810
35.82, 0.4180, -7.763
35.83, 0.4170, -8.801
35.84, 0.4160, -11.48
35.85, 0.4150, -7.715
35.86, 0.4140, -8.660
35.87, 0.4130, -8.566
35.88, 0.4120, -10.97
35.89, 0.4110, -6.313
35.90, 0.4100, -7.470
35.91, 0.4090, -7.606
35.92, 0.4080, -8.489
35.93, 0.4070, -5.995
35.94, 0.4060, -8.200
35.95, 0.4050, -9.006
35.96, 0.4040, -11.30
35.97, 0.4030, -8.064
35.98, 0.4020, -9.158
35.99, 0.4010, -9.367
36.00, 0.4000, -7.078
36.01, 0.3990, -11.28
36.02, 0.3980, -9.631
36.03, 0.3970, -8.999
36.04, 0.3960, -10.11
36.05, 0.3950, -12.18
36.06, 0.3940, -10.22
36.07, 0.3930, -10.84
36.08, 0.3920, -10.22
36.09, 0.3910, -10.87
36.10, 0.3900, -8.455
36.11, 0.3890, -10.18
36.12, 0.3880, -12.26
36.13, 0.3870, -10.12
36.14, 0.3860, -13.14
36.15, 0.3850, -9.718
36.16, 0.3840, -10.57
36.17, 0.3830, -7.587
36.18, 0.3820, -11.06
36.19, 0.3810, -8.323
36.20, 0.3800, -10.32
36.21, 0.3790, -8.091
36.22, 0.3780, -10.37
36.23, 0.3770, -10.35
36.24, 0.3760, -9.971
36.25, 0.3750, -9.751
36.26, 0.3740, -7.115
36.27, 0.3730, -10.17
36.28, 0.3720, -8.368
36.29, 0.3710, -8.107
36.30, 0.3700, -6.962
36.31, 0.3690, -10.21
36.32, 0.3680, -10.64
36.33, 0.3670, -9.294
36.34, 0.3660, -9.095
36.35, 0.3650, -10.67
36.36, 0.3640, -7.413
36.37, 0.3630, -11.72
36.38, 0.3620, -9.690
36.39, 0.3610, -9.972
36.40, 0.3600, -8.751
36.41, 0.3590, -11.07
36.42, 0.3580, -9.897
36.43, 0.3570, -11.27
36.44, 0.3560, -7.956
36.45, 0.3550, -10.51
36.46, 0.3540, -10.99
36.47, 0.3530, -10.39
36.48, 0.3520, -9.406
36.49, 0.3510, -10.10
36.50, 0.3500, -9.471
36.51, 0.3490, -9.254
36.52, 0.3480, -9.489
36.53, 0.3470, -10.18
36.54, 0.3460, -11.81
36.55, 0.3450, -9.818
36.56, 0.3440, -11.96
36.57, 0.3430, -10.62
36.58, 0.3420, -12.66
36.59, 0.3410, -8.095
36.60, 0.3400, -12.65
36.61, 0.3390, -9.269
36.62, 0.3380, -13.26
36.63, 0.3370, -9.418
36.64, 0.3360, -11.00
36.65, 0.3350, -7.565
36.66, 0.3340, -11.02
36.67, 0.3330, -9.586
36.68, 0.3320, -9.041
36.69, 0.3310, -9.548
36.70, 0.3300, -11.92
36.71, 0.3290, -8.667
36.72, 0.3280, -10.58
36.73, 0.3270, -10.10
36.74, 0.3260, -11.15
36.75, 0.3250, -7.209
36.76, 0.3240, -9.870
36.77, 0.3230, -10.75
36.78, 0.3220, -9.306
36.79, 0.3210, -10.76
36.80, 0.3200, -9.859
36.81, 0.3190, -8.453
36.82, 0.3180, -8.927
36.83, 0.3170, -7.366
36.84, 0.3160, -9.667
36.85, 0.3150, -10.10
36.86, 0.3140, -10.35
36.87, 0.3130, -11.11
36.88, 0.3120, -10.24
36.89, 0.3110, -12.87
36.90, 0.3100, -10.37
36.91, 0.3090, -10.61
36.92, 0.3080, -11.52
36.93, 0.3070, -11.31
36.94, 0.3060, -12.07
36.95, 0.3050, -8.575
36.96, 0.3040, -10.64
36.97, 0.3030, -11.20
36.98, 0.3020, -14.56
36.99, 0.3010, -11.49
37.00, 0.3000, -9.769
37.01, 0.2990, -10.17
37.02, 0.2980, -10.60
37.03, 0.2970, -9.201
37.04, 0.2960, -11.75
37.05, 0.2950, -11.33
37.06, 0.2940, -10.91
37.07, 0.2930, -12.14
37.08, 0.2920, -12.39
37.09, 0.2910, -9.530
37.10, 0.2900, -11.38
37.11, 0.2890, -11.49
37.12, 0.2880, -11.35
37.13, 0.2870, -12.86
37.14, 0.2860, -10.57
37.15, 0.2850, -9.103
37.16, 0.2840, -8.684
37.17, 0.2830, -12.45
37.18, 0.2820, -10.49
37.19, 0.2810, -11.64
37.20, 0.2800, -7.222
37.21, 0.2790, -11.48
37.22, 0.2780, -8.959
37.23, 0.2770, -11.53
37.24, 0.2760, -7.837
37.25, 0.2750, -14.60
37.26, 0.2740, -9.101
37.27, 0.2730, -8.853
37.28, 0.2720, -11.43
37.29, 0.2710, -12.28
37.30, 0.2700, -10.33
37.31, 0.2690, -13.20
37.32, 0.2680, -11.04
37.33, 0.2670, -10.31
37.34, 0.2660, -10.63
37.35, 0.2650, -11.90
37.36, 0.2640, -8.405
37.37, 0.2630, -9.234
37.38, 0.2620, -11.36
37.39, 0.2610, -11.59
37.40, 0.2600, -9.618
37.41, 0.2590, -10.79
37.42, 0.2580, -10.87
37.43, 0.2570, -12.77
37.44, 0.2560, -11.76
37.45, 0.2550, -11.09
37.46, 0.2540, -8.943
37.47, 0.2530, -12.06
37.48, 0.2520, -9.466
37.49, 0.2510, -10.36
37.50, 0.2500, -13.42
37.51, 0.2490, -12.09
37.52, 0.2480, -11.58
37.53, 0.2470, -13.12
37.54, 0.2460, -9.228
37.55, 0.2450, -11.61
37.56, 0.2440, -11.44
37.57, 0.2430, -10.94
37.58, 0.2420, -9.803
37.59, 0.2410, -11.04
37.60, 0.2400, -8.771
37.61, 0.2390, -10.71
37.62, 0.2380, -10.52
37.63, 0.2370, -12.23
37.64, 0.2360, -10.65
37.65, 0.2350, -10.83
37.66, 0.2340, -9.775
37.67, 0.2330, -10.79
37.68, 0.2320, -10.52
37.69, 0.2310, -11.70
37.70, 0.2300, -9.937
37.71, 0.2290, -11.58
37.72, 0.2280, -11.99
37.73, 0.2270, -12.79
37.74, 0.2260, -9.751
37.75, 0.2250, -12.99
37.76, 0.2240, -10.88
37.77, 0.2230, -15.07
37.78, 0.2220, -11.07
37.79, 0.2210, -10.84
37.80, 0.2200, -12.38
37.81, 0.2190, -11.44
37.82, 0.2180, -9.927
37.83, 0.2170, -13.25
37.84, 0.2160, -11.14
37.85, 0.2150, -11.92
37.86, 0.2140, -11.64
37.87, 0.2130, -9.667
37.88, 0.2120, -12.03
37.89, 0.2110, -11.78
37.90, 0.2100, -8.656
37.91, 0.2090, -12.69
37.92, 0.2080, -10.98
37.93, 0.2070, -12.79
37.94, 0.2060, -10.61
37.95, 0.2050, -12.27
37.96, 0.2040, -10.65
37.97, 0.2030, -12.50
37.98, 0.2020, -9.635
37.99, 0.2010, -17.55
38.00, 0.2000, -10.69
38.01, 0.1990, -9.917
38.02, 0.1980, -10.73
38.03, 0.1970, -11.46
38.04, 0.1960, -12.73
38.05, 0.1950, -11.01
38.06, 0.1940, -12.43
38.07, 0.1930, -11.84
38.08, 0.1920, -11.33
38.09, 0.1910, -10.29
38.10, 0.1900, -9.118
38.11, 0.1890, -12.60
38.12, 0.1880, -10.50
38.13, 0.1870, -12.54
38.14, 0.1860, -11.14
38.15, 0.1850, -10.01
38.16, 0.1840, -11.50
38.17, 0.1830, -13.44
38.18, 0.1820, -13.78
38.19, 0.1810, -12.85
38.20, 0.1800, -11.72
38.21, 0.1790, -13.23
38.22, 0.1780, -10.57
38.23, 0.1770, -15.06
38.24, 0.1760, -14.68
38.25, 0.1750, -14.38
38.26, 0.1740, -11.63
38.27, 0.1730, -12.20
38.28, 0.1720, -10.29
38.29, 0.1710, -12.79
38.30, 0.1700, -11.63
38.31, 0.1690, -13.63
38.32, 0.1680, -8.707
38.33, 0.1670, -12.97
38.34, 0.1660, -10.65
38.35, 0.1650, -12.60
38.36, 0.1640, -12.65
38.37, 0.1630, -10.56
38.38, 0.1620, -11.78
38.39, 0.1610, -12.72
38.40, 0.1600, -11.32
38.41, 0.1590, -13.61
38.42, 0.1580, -8.699
38.43, 0.1570, -13.30
38.44, 0.1560, -12.27
38.45, 0.1550, -15.76
38.46, 0.1540, -11.86
38.47, 0.1530, -13.32
38.48, 0.1520, -11.62
38.49, 0.1510, -12.10
38.50, 0.1500, -13.21
38.51, 0.1490, -12.74
38.52, 0.1480, -11.69
38.53, 0.1470, -12.03
38.54, 0.1460, -11.11
38.55, 0.1450, -13.74
38.56, 0.1440, -12.52
38.57, 0.1430, -13.77
38.58, 0.1420, -13.41
38.59, 0.1410, -13.08
38.60, 0.1400, -13.99
38.61, 0.1390, -12.90
38.62, 0.1380, -12.97
38.63, 0.1370, -12.87
38.64, 0.1360, -14.39
38.65, 0.1350, -15.08
38.66, 0.1340, -13.18
38.67, 0.1330, -13.13
38.68, 0.1320, -14.75
38.69, 0.1310, -12.39
38.70, 0.1300, -14.48
38.71, 0.1290, -11.48
38.72, 0.1280, -13.75
38.73, 0.1270, -9.923
38.74, 0.1260, -14.09
38.75, 0.1250, -11.92
38.76, 0.1240, -11.93
38.77, 0.1230, -8.645
38.78, 0.1220, -13.49
38.79, 0.1210, -11.97
38.80, 0.1200, -14.74
38.81, 0.1190, -12.57
38.82, 0.1180, -13.28
38.83, 0.1170, -13.24
38.84, 0.1160, -13.12
38.85, 0.1150, -15.77
38.86, 0.1140, -12.54
38.87, 0.1130, -12.72
38.88, 0.1120, -13.05
38.89, 0.1110, -12.15
38.90, 0.1100, -13.18
38.91, 0.1090, -16.52
38.92, 0.1080, -12.85
38.93, 0.1070, -14.54
38.94, 0.1060, -14.43
38.95, 0.1050, -13.94
38.96, 0.1040, -10.86
38.97, 0.1030, -15.04
38.98, 0.1020, -11.00
38.99, 0.1010, -14.32
39.00, 0.1000, -15.32
39.01, 0.09900, -15.03
39.02, 0.09800, -16.42
39.03, 0.09700, -14.96
39.04, 0.09600, -14.53
39.05, 0.09500, -16.20
39.06, 0.09400, -13.24
39.07, 0.09300, -15.11
39.08, 0.09200, -10.38
39.09, 0.09100, -15.96
39.10, 0.09000, -13.39
39.11, 0.08900, -16.20
39.12, 0.08800, -13.07
39.13, 0.08700, -15.78
39.14, 0.08600, -12.83
39.15, 0.08500, -14.28
39.16, 0.08400, -12.99
39.17, 0.08300, -14.41
39.18, 0.08200, -12.72
39.19, 0.08100, -14.03
39.20, 0.08000, -10.87
39.21, 0.07900, -14.57
39.22, 0.07800, -12.23
39.23, 0.07700, -13.38
39.24, 0.07600, -15.15
39.25, 0.07500, -12.00
39.26, 0.07400, -10.92
39.27, 0.07300, -16.33
39.28, 0.07200, -13.62
39.29, 0.07100, -14.58
39.30, 0.07000, -12.72
39.31, 0.06900, -12.51
39.32, 0.06800, -15.70
39.33, 0.06700, -15.05
39.34, 0.06600, -14.88
39.35, 0.06500, -14.17
39.36, 0.06400, -13.51
39.37, 0.06300, -16.08
39.38, 0.06200, -14.02
39.39, 0.06100, -15.85
39.40, 0.06000, -16.58
39.41, 0.05900, -15.34
39.42, 0.05800, -15.63
39.43, 0.05700, -16.99
39.44, 0.05600, -15.92
39.45, 0.05500, -14.67
39.46, 0.05400, -13.89
39.47, 0.05300, -17.22
39.48, 0.05200, -15.63
39.49, 0.05100, -15.67
39.50, 0.05000, -14.98
39.51, 0.04900, -14.92
39.52, 0.04800, -14.84
39.53, 0.04700, -16.13
39.54, 0.04600, -15.84
39.55, 0.04500, -15.50
39.56, 0.04400, -15.95
39.57, 0.04300, -15.89
39.58, 0.04200, -16.42
39.59, 0.04100, -15.40
39.60, 0.04000, -17.15
39.61, 0.03900, -14.05
39.62, 0.03800, -15.58
39.63, 0.03700, -14.06
39.64, 0.03600, -16.23
39.65, 0.03500, -14.42
39.66, 0.03400, -15.91
39.67, 0.03300, -14.50
39.68, 0.03200, -16.10
39.69, 0.03100, -14.97
39.70, 0.03000, -13.99
39.71, 0.02900, -14.92
39.72, 0.02800, -13.70
39.73, 0.02700, -17.91
39.74, 0.02600, -15.27
39.75, 0.02500, -15.67
39.76, 0.02400, -18.15
39.77, 0.02300, -13.02
39.78, 0.02200, -17.47
39.79, 0.02100, -15.29
39.80, 0.02000, -15.55
39.81, 0.01900, -15.51
39.82, 0.01800, -19.02
39.83, 0.01700, -17.49
39.84, 0.01600, -17.47
39.85, 0.01500, -17.63
39.86, 0.01400, -18.26
39.87, 0.01300, -17.19
39.88, 0.01200, -20.71
39.89, 0.01100, -15.03
39.90, 0.01000, -17.63
39.91, 0.009000, -14.60
39.92, 0.008000, -18.05
39.93, 0.007000, -16.99
39.94, 0.006000, -19.10
39.95, 0.005000, -15.81
39.96, 0.004000, -17.37
39.97, 0.003000, -15.61
39.98, 0.002000, -18.20
39.99, 0.001000, -15.39
40.00, 0.000, -14.84
