0.01000, 0.001000, -100.0
0.02000, 0.002000, -100.0
0.03000, 0.003000, -99.81
0.04000, 0.004000, -78.59
0.05000, 0.005000, -65.39
0.06000, 0.006000, -55.84
0.07000, 0.007000, -49.54
0.08000, 0.008000, -42.06
0.09000, 0.009000, -37.42
0.1000, 0.01000, -33.90
0.1100, 0.01100, -31.63
0.1200, 0.01200, -29.40
0.1300, 0.01300, -26.49
0.1400, 0.01400, -24.31
0.1500, 0.01500, -24.11
0.1600, 0.01600, -22.61
0.1700, 0.01700, -21.06
0.1800, 0.01800, -20.98
0.1900, 0.01900, -18.42
0.2000, 0.02000, -17.78
0.2100, 0.02100, -16.35
0.2200, 0.02200, -15.87
0.2300, 0.02300, -15.71
0.2400, 0.02400, -15.04
0.2500, 0.02500, -12.41
0.2600, 0.02600, -12.59
0.2700, 0.02700, -11.51
0.2800, 0.02800, -12.38
0.2900, 0.02900, -12.15
0.3000, 0.03000, -9.585
0.3100, 0.03100, -8.999
0.3200, 0.03200, -10.80
0.3300, 0.03300, -10.53
0.3400, 0.03400, -10.77
0.3500, 0.03500, -8.938
0.3600, 0.03600, -9.251
0.3700, 0.03700, -8.167
0.3800, 0.03800, -9.238
0.3900, 0.03900, -8.811
0.4000, 0.04000, -9.630
0.4100, 0.04100, -8.771
0.4200, 0.04200, -7.160
0.4300, 0.04300, -7.034
0.4400, 0.04400, -8.144
0.4500, 0.04500, -7.438
0.4600, 0.04600, -8.216
0.4700, 0.04700, -8.246
0.4800, 0.04800, -7.079
0.4900, 0.04900, -6.896
0.5000, 0.05000, -7.086
0.5100, 0.05100, -6.812
0.5200, 0.05200, -7.305
0.5300, 0.05300, -6.991
0.5400, 0.05400, -6.173
0.5500, 0.05500, -5.381
0.5600, 0.05600, -5.597
0.5700, 0.05700, -6.037
0.5800, 0.05800, -6.425
0.5900, 0.05900, -7.000
0.6000, 0.06000, -5.374
0.6100, 0.06100, -4.194
0.6200, 0.06200, -4.531
0.6300, 0.06300, -5.276
0.6400, 0.06400, -6.922
0.6500, 0.06500, -5.137
0.6600, 0.06600, -4.328
0.6700, 0.06700, -3.378
0.6800, 0.06800, -2.492
0.6900, 0.06900, -3.477
0.7000, 0.07000, -4.615
0.7100, 0.07100, -4.712
0.7200, 0.07200, -2.603
0.7300, 0.07300, -2.077
0.7400, 0.07400, -2.639
0.7500, 0.07500, -3.056
0.7600, 0.07600, -3.375
0.7700, 0.07700, -4.045
0.7800, 0.07800, -3.445
0.7900, 0.07900, -3.400
0.8000, 0.08000, -3.657
0.8100, 0.08100, -3.477
0.8200, 0.08200, -3.878
0.8300, 0.08300, -4.439
0.8400, 0.08400, -4.633
0.8500, 0.08500, -3.095
0.8600, 0.08600, -2.760
0.8700, 0.08700, -2.692
0.8800, 0.08800, -3.944
0.8900, 0.08900, -3.352
0.9000, 0.09000, -3.739
0.9100, 0.09100, -1.584
0.9200, 0.09200, -2.647
0.9300, 0.09300, -3.051
0.9400, 0.09400, -4.251
0.9500, 0.09500, -4.086
0.9600, 0.09600, -3.749
0.9700, 0.09700, -2.203
0.9800, 0.09800, -3.829
0.9900, 0.09900, -3.552
1.000, 0.1000, -3.473
1.010, 0.1010, -3.939
1.020, 0.1020, -3.014
1.030, 0.1030, -1.660
1.040, 0.1040, -2.428
1.050, 0.1050, -2.140
1.060, 0.1060, -2.443
1.070, 0.1070, -2.529
1.080, 0.1080, -1.955
1.090, 0.1090, -1.612
1.100, 0.1100, -1.112
1.110, 0.1110, 0.7091
1.120, 0.1120, -0.3082
1.130, 0.1130, -1.728
1.140, 0.1140, -2.173
1.150, 0.1150, -1.703
1.160, 0.1160, -1.953
1.170, 0.1170, -0.5080
1.180, 0.1180, -0.7813
1.190, 0.1190, -0.5682
1.200, 0.1200, -1.844
1.210, 0.1210, -2.384
1.220, 0.1220, -2.410
1.230, 0.1230, -1.060
1.240, 0.1240, -1.572
1.250, 0.1250, -1.152
1.260, 0.1260, -2.130
1.270, 0.1270, -2.120
1.280, 0.1280, -3.270
1.290, 0.1290, -1.826
1.300, 0.1300, -1.164
1.310, 0.1310, -0.8025
1.320, 0.1320, -1.549
1.330, 0.1330, -2.294
1.340, 0.1340, -2.588
1.350, 0.1350, -1.126
1.360, 0.1360, -0.5180
1.370, 0.1370, -0.7597
1.380, 0.1380, -2.518
1.390, 0.1390, -3.213
1.400, 0.1400, -0.6916
1.410, 0.1410, -0.3227
1.420, 0.1420, -0.9910
1.430, 0.1430, -1.241
1.440, 0.1440, -1.676
1.450, 0.1450, -1.830
1.460, 0.1460, -1.235
1.470, 0.1470, -0.7231
1.480, 0.1480, -2.078
1.490, 0.1490, -1.246
1.500, 0.1500, -1.509
1.510, 0.1510, -0.9880
1.520, 0.1520, 0.6791
1.530, 0.1530, -0.01725
1.540, 0.1540, -0.3108
1.550, 0.1550, -0.5550
1.560, 0.1560, -1.560
1.570, 0.1570, -1.770
1.580, 0.1580, 0.8259
1.590, 0.1590, 0.8094
1.600, 0.1600, 0.1591
1.610, 0.1610, -2.070
1.620, 0.1620, -1.426
1.630, 0.1630, -0.7634
1.640, 0.1640, 0.01265
1.650, 0.1650, -0.5172
1.660, 0.1660, -2.057
1.670, 0.1670, -2.470
1.680, 0.1680, -0.8093
1.690, 0.1690, -1.327
1.700, 0.1700, 0.2188
1.710, 0.1710, -1.615
1.720, 0.1720, -2.213
1.730, 0.1730, -1.420
1.740, 0.1740, -0.6223
1.750, 0.1750, -0.7453
1.760, 0.1760, -1.455
1.770, 0.1770, -1.831
1.780, 0.1780, -2.316
1.790, 0.1790, 0.09989
1.800, 0.1800, 0.6929
1.810, 0.1810, -1.055
1.820, 0.1820, -2.047
1.830, 0.1830, -2.783
1.840, 0.1840, -1.880
1.850, 0.1850, -0.6567
1.860, 0.1860, -1.825
1.870, 0.1870, -1.387
1.880, 0.1880, -1.420
1.890, 0.1890, -1.861
1.900, 0.1900, 0.4365
1.910, 0.1910, -0.1052
1.920, 0.1920, -0.4416
1.930, 0.1930, -0.4372
1.940, 0.1940, -1.163
1.950, 0.1950, 0.5121
1.960, 0.1960, 1.270
1.970, 0.1970, 1.540
1.980, 0.1980, 1.449
1.990, 0.1990, 0.3177
2.000, 0.2000, 0.06908
2.010, 0.2010, 0.3801
2.020, 0.2020, 0.01039
2.030, 0.2030, -0.3249
2.040, 0.2040, -0.8205
2.050, 0.2050, -1.975
2.060, 0.2060, -1.019
2.070, 0.2070, -0.1997
2.080, 0.2080, 0.1151
2.090, 0.2090, -0.7629
2.100, 0.2100, -1.672
2.110, 0.2110, -0.7776
2.120, 0.2120, -0.2485
2.130, 0.2130, 0.06106
2.140, 0.2140, -1.710
2.150, 0.2150, -2.831
2.160, 0.2160, -1.092
2.170, 0.2170, -0.6176
2.180, 0.2180, 0.05230
2.190, 0.2190, -2.299
2.200, 0.2200, -2.552
2.210, 0.2210, -1.141
2.220, 0.2220, 0.1293
2.230, 0.2230, 0.2667
2.240, 0.2240, -0.4109
2.250, 0.2250, -2.054
2.260, 0.2260, -1.052
2.270, 0.2270, -0.7096
2.280, 0.2280, 0.5301
2.290, 0.2290, 0.1428
2.300, 0.2300, -1.457
2.310, 0.2310, -1.300
2.320, 0.2320, -0.8661
2.330, 0.2330, 0.4992
2.340, 0.2340, 0.04701
2.350, 0.2350, 0.2271
2.360, 0.2360, 0.8402
2.370, 0.2370, -0.3746
2.380, 0.2380, 1.282
2.390, 0.2390, 1.913
2.400, 0.2400, 2.188
2.410, 0.2410, 0.7972
2.420, 0.2420, -0.2406
2.430, 0.2430, -0.8015
2.440, 0.2440, 1.215
2.450, 0.2450, 1.809
2.460, 0.2460, 0.4030
2.470, 0.2470, 0.3721
2.480, 0.2480, -0.5821
2.490, 0.2490, 0.2624
2.500, 0.2500, 0.5142
2.510, 0.2510, 0.4017
2.520, 0.2520, 0.4554
2.530, 0.2530, -1.007
2.540, 0.2540, -1.501
2.550, 0.2550, -0.1617
2.560, 0.2560, -0.5562
2.570, 0.2570, 0.4605
2.580, 0.2580, 0.5822
2.590, 0.2590, -0.2102
2.600, 0.2600, -2.025
2.610, 0.2610, -1.219
2.620, 0.2620, -1.035
2.630, 0.2630, 0.6896
2.640, 0.2640, -1.215
2.650, 0.2650, -0.5672
2.660, 0.2660, -1.804
2.670, 0.2670, -0.4153
2.680, 0.2680, 0.01699
2.690, 0.2690, -0.006727
2.700, 0.2700, -1.228
2.710, 0.2710, -2.623
2.720, 0.2720, -1.810
2.730, 0.2730, -0.7724
2.740, 0.2740, 0.3855
2.750, 0.2750, -0.01413
2.760, 0.2760, -0.6132
2.770, 0.2770, -1.447
2.780, 0.2780, -0.3856
2.790, 0.2790, -0.02211
2.800, 0.2800, 0.6218
2.810, 0.2810, 0.9787
2.820, 0.2820, 1.108
2.830, 0.2830, -0.5763
2.840, 0.2840, -0.1558
2.850, 0.2850, 0.8211
2.860, 0.2860, 0.4887
2.870, 0.2870, 0.6852
2.880, 0.2880, 0.06412
2.890, 0.2890, -0.6633
2.900, 0.2900, -0.5775
2.910, 0.2910, 0.5292
2.920, 0.2920, 0.4273
2.930, 0.2930, -0.2624
2.940, 0.2940, -0.3543
2.950, 0.2950, -1.123
2.960, 0.2960, -0.8280
2.970, 0.2970, 0.1899
2.980, 0.2980, 0.6035
2.990, 0.2990, -0.7118
3.000, 0.3000, -0.7514
3.010, 0.3010, -1.257
3.020, 0.3020, -1.984
3.030, 0.3030, -1.691
3.040, 0.3040, -0.3479
3.050, 0.3050, -0.08835
3.060, 0.3060, -1.130
3.070, 0.3070, -0.3588
3.080, 0.3080, -2.144
3.090, 0.3090, -0.8290
3.100, 0.3100, -0.03680
3.110, 0.3110, 0.1375
3.120, 0.3120, 0.02842
3.130, 0.3130, 0.1896
3.140, 0.3140, -1.085
3.150, 0.3150, -0.9768
3.160, 0.3160, 0.9130
3.170, 0.3170, -0.1887
3.180, 0.3180, -0.6117
3.190, 0.3190, -0.5903
3.200, 0.3200, -0.3566
3.210, 0.3210, 0.3353
3.220, 0.3220, 2.201
3.230, 0.3230, 2.210
3.240, 0.3240, 2.360
3.250, 0.3250, 0.9491
3.260, 0.3260, 0.1858
3.270, 0.3270, 0.2056
3.280, 0.3280, 0.7125
3.290, 0.3290, 1.543
3.300, 0.3300, 0.3755
3.310, 0.3310, 0.5229
3.320, 0.3320, -0.4783
3.330, 0.3330, -0.8157
3.340, 0.3340, 0.7778
3.350, 0.3350, 1.381
3.360, 0.3360, 0.6064
3.370, 0.3370, 0.4637
3.380, 0.3380, -1.779
3.390, 0.3390, -1.856
3.400, 0.3400, -0.3789
3.410, 0.3410, 1.112
3.420, 0.3420, 0.06780
3.430, 0.3430, -0.05800
3.440, 0.3440, -1.549
3.450, 0.3450, -1.706
3.460, 0.3460, -0.1269
3.470, 0.3470, 1.916
3.480, 0.3480, 1.588
3.490, 0.3490, -1.186
3.500, 0.3500, -1.374
3.510, 0.3510, -1.109
3.520, 0.3520, -0.9940
3.530, 0.3530, 0.3582
3.540, 0.3540, -0.2666
3.550, 0.3550, -0.08131
3.560, 0.3560, -1.085
3.570, 0.3570, -1.761
3.580, 0.3580, 1.416
3.590, 0.3590, 1.252
3.600, 0.3600, -0.2107
3.610, 0.3610, 0.3476
3.620, 0.3620, -0.3378
3.630, 0.3630, 0.09788
3.640, 0.3640, 0.6239
3.650, 0.3650, 1.580
3.660, 0.3660, 1.331
3.670, 0.3670, 2.366
3.680, 0.3680, 0.4764
3.690, 0.3690, -0.2320
3.700, 0.3700, -0.3789
3.710, 0.3710, 1.198
3.720, 0.3720, 0.8170
3.730, 0.3730, 0.5789
3.740, 0.3740, 0.1165
3.750, 0.3750, -1.447
3.760, 0.3760, -0.7794
3.770, 0.3770, 0.9864
3.780, 0.3780, 1.945
3.790, 0.3790, -0.1648
3.800, 0.3800, -1.690
3.810, 0.3810, -2.230
3.820, 0.3820, -0.8431
3.830, 0.3830, 0.9259
3.840, 0.3840, 1.193
3.850, 0.3850, -0.3841
3.860, 0.3860, -1.813
3.870, 0.3870, -1.879
3.880, 0.3880, -1.720
3.890, 0.3890, 0.4645
3.900, 0.3900, 0.004836
3.910, 0.3910, 0.07634
3.920, 0.3920, -0.2636
3.930, 0.3930, -1.224
3.940, 0.3940, -0.3723
3.950, 0.3950, 0.1743
3.960, 0.3960, 1.058
3.970, 0.3970, -0.5516
3.980, 0.3980, -0.1575
3.990, 0.3990, 0.1172
4.000, 0.4000, -1.837
4.010, 0.4010, -1.848
4.020, 0.4020, 1.302
4.030, 0.4030, 0.5690
4.040, 0.4040, 1.068
4.050, 0.4050, 0.2756
4.060, 0.4060, 0.5718
4.070, 0.4070, -1.120
4.080, 0.4080, 1.383
4.090, 0.4090, 3.447
4.100, 0.4100, 2.243
4.110, 0.4110, 1.765
4.120, 0.4120, -0.3802
4.130, 0.4130, -0.2090
4.140, 0.4140, 0.9126
4.150, 0.4150, 0.9714
4.160, 0.4160, 1.163
4.170, 0.4170, 0.3613
4.180, 0.4180, -0.9790
4.190, 0.4190, -1.256
4.200, 0.4200, -0.5429
4.210, 0.4210, 1.441
4.220, 0.4220, 1.011
4.230, 0.4230, 0.6194
4.240, 0.4240, -0.1926
4.250, 0.4250, -0.9902
4.260, 0.4260, -1.143
4.270, 0.4270, 1.106
4.280, 0.4280, 0.4634
4.290, 0.4290, 1.399
4.300, 0.4300, 0.2268
4.310, 0.4310, -0.5029
4.320, 0.4320, -1.872
4.330, 0.4330, 0.05523
4.340, 0.4340, 0.1606
4.350, 0.4350, 0.6720
4.360, 0.4360, -0.5511
4.370, 0.4370, -0.6708
4.380, 0.4380, -1.661
4.390, 0.4390, -0.7480
4.400, 0.4400, 0.6635
4.410, 0.4410, 0.7600
4.420, 0.4420, -0.07828
4.430, 0.4430, -0.4557
4.440, 0.4440, -2.090
4.450, 0.4450, -0.6951
4.460, 0.4460, 2.013
4.470, 0.4470, 2.294
4.480, 0.4480, 2.775
4.490, 0.4490, 2.010
4.500, 0.4500, 0.3488
4.510, 0.4510, 0.5150
4.520, 0.4520, 1.974
4.530, 0.4530, 2.148
4.540, 0.4540, 0.9918
4.550, 0.4550, 0.02929
4.560, 0.4560, -0.5751
4.570, 0.4570, -0.5180
4.580, 0.4580, 1.014
4.590, 0.4590, 1.506
4.600, 0.4600, -1.333
4.610, 0.4610, -0.5806
4.620, 0.4620, -0.1466
4.630, 0.4630, 0.9760
4.640, 0.4640, 0.6991
4.650, 0.4650, -0.03680
4.660, 0.4660, -0.08995
4.670, 0.4670, -1.059
4.680, 0.4680, -0.04880
4.690, 0.4690, 0.7395
4.700, 0.4700, 1.570
4.710, 0.4710, 0.9981
4.720, 0.4720, 0.07582
4.730, 0.4730, -0.3620
4.740, 0.4740, -0.7413
4.750, 0.4750, 1.662
4.760, 0.4760, -0.5304
4.770, 0.4770, 0.001683
4.780, 0.4780, -0.2738
4.790, 0.4790, 0.3647
4.800, 0.4800, 0.4187
4.810, 0.4810, 0.5579
4.820, 0.4820, 0.7049
4.830, 0.4830, 1.253
4.840, 0.4840, 0.08987
4.850, 0.4850, -1.175
4.860, 0.4860, -0.5426
4.870, 0.4870, 0.3590
4.880, 0.4880, 2.257
4.890, 0.4890, 0.8568
4.900, 0.4900, 1.854
4.910, 0.4910, 1.642
4.920, 0.4920, 0.9338
4.930, 0.4930, 0.8671
4.940, 0.4940, 1.304
4.950, 0.4950, 1.493
4.960, 0.4960, 1.065
4.970, 0.4970, 0.4265
4.980, 0.4980, 0.3818
4.990, 0.4990, 1.972
5.000, 0.5000, 0.09265
5.010, 0.5010, -0.5528
5.020, 0.5020, 0.7021
5.030, 0.5030, -0.6814
5.040, 0.5040, -0.8059
5.050, 0.5050, 1.583
5.060, 0.5060, 1.674
5.070, 0.5070, 0.5968
5.080, 0.5080, -0.2371
5.090, 0.5090, -0.02730
5.100, 0.5100, 1.135
5.110, 0.5110, 2.292
5.120, 0.5120, 0.2888
5.130, 0.5130, -0.1449
5.140, 0.5140, 0.1129
5.150, 0.5150, -1.479
5.160, 0.5160, 0.3597
5.170, 0.5170, 0.8817
5.180, 0.5180, 0.7410
5.190, 0.5190, 0.3944
5.200, 0.5200, -1.027
5.210, 0.5210, -0.8388
5.220, 0.5220, -0.4083
5.230, 0.5230, -0.3006
5.240, 0.5240, -0.3168
5.250, 0.5250, -1.092
5.260, 0.5260, -0.4299
5.270, 0.5270, 1.091
5.280, 0.5280, 0.8516
5.290, 0.5290, 1.259
5.300, 0.5300, 0.1940
5.310, 0.5310, 0.3174
5.320, 0.5320, 0.6692
5.330, 0.5330, 2.991
5.340, 0.5340, 1.929
5.350, 0.5350, 2.285
5.360, 0.5360, 0.04072
5.370, 0.5370, -0.2920
5.380, 0.5380, -0.3982
5.390, 0.5390, 0.1777
5.400, 0.5400, 1.827
5.410, 0.5410, 0.4473
5.420, 0.5420, 0.6230
5.430, 0.5430, -0.5562
5.440, 0.5440, -1.017
5.450, 0.5450, 0.2968
5.460, 0.5460, 1.861
5.470, 0.5470, 1.700
5.480, 0.5480, -0.2372
5.490, 0.5490, -0.8265
5.500, 0.5500, -1.258
5.510, 0.5510, 0.9535
5.520, 0.5520, 0.7645
5.530, 0.5530, 0.7186
5.540, 0.5540, 0.03334
5.550, 0.5550, -1.125
5.560, 0.5560, -0.9056
5.570, 0.5570, 1.432
5.580, 0.5580, 1.141
5.590, 0.5590, 0.06636
5.600, 0.5600, 0.03590
5.610, 0.5610, -1.554
5.620, 0.5620, -1.018
5.630, 0.5630, 1.425
5.640, 0.5640, 0.7144
5.650, 0.5650, 0.6763
5.660, 0.5660, -0.09587
5.670, 0.5670, -1.054
5.680, 0.5680, -0.6137
5.690, 0.5690, 1.156
5.700, 0.5700, 0.4298
5.710, 0.5710, -0.3122
5.720, 0.5720, 0.2156
5.730, 0.5730, 1.107
5.740, 0.5740, 2.604
5.750, 0.5750, 2.715
5.760, 0.5760, 1.511
5.770, 0.5770, 1.224
5.780, 0.5780, 0.5694
5.790, 0.5790, 0.1326
5.800, 0.5800, 2.613
5.810, 0.5810, 1.608
5.820, 0.5820, -0.8913
5.830, 0.5830, -0.2236
5.840, 0.5840, 0.4724
5.850, 0.5850, 1.387
5.860, 0.5860, 1.727
5.870, 0.5870, 1.177
5.880, 0.5880, -0.7292
5.890, 0.5890, -0.6736
5.900, 0.5900, -0.05640
5.910, 0.5910, 1.564
5.920, 0.5920, 0.6681
5.930, 0.5930, -0.03524
5.940, 0.5940, -0.6428
5.950, 0.5950, -1.515
5.960, 0.5960, -0.3600
5.970, 0.5970, 1.173
5.980, 0.5980, 1.068
5.990, 0.5990, 0.3890
6.000, 0.6000, -0.5702
6.010, 0.6010, -0.5520
6.020, 0.6020, 0.1043
6.030, 0.6030, 0.6196
6.040, 0.6040, 0.1627
6.050, 0.6050, 0.4871
6.060, 0.6060, -0.3211
6.070, 0.6070, -1.057
6.080, 0.6080, 0.5963
6.090, 0.6090, 0.5968
6.100, 0.6100, 0.1424
6.110, 0.6110, -0.3232
6.120, 0.6120, -0.4163
6.130, 0.6130, 0.6029
6.140, 0.6140, 1.883
6.150, 0.6150, 2.076
6.160, 0.6160, 1.886
6.170, 0.6170, 0.7469
6.180, 0.6180, 1.016
6.190, 0.6190, 3.274
6.200, 0.6200, 2.422
6.210, 0.6210, 0.7580
6.220, 0.6220, -0.5130
6.230, 0.6230, 0.1812
6.240, 0.6240, 1.737
6.250, 0.6250, 1.566
6.260, 0.6260, 0.5770
6.270, 0.6270, -1.473
6.280, 0.6280, 0.3867
6.290, 0.6290, 0.6938
6.300, 0.6300, 0.002165
6.310, 0.6310, 0.2191
6.320, 0.6320, -0.1637
6.330, 0.6330, -1.460
6.340, 0.6340, -0.8484
6.350, 0.6350, 1.162
6.360, 0.6360, 0.7429
6.370, 0.6370, -0.3898
6.380, 0.6380, -0.6075
6.390, 0.6390, -1.914
6.400, 0.6400, 0.4541
6.410, 0.6410, 0.9623
6.420, 0.6420, 0.2176
6.430, 0.6430, -0.1945
6.440, 0.6440, -0.4202
6.450, 0.6450, 0.7554
6.460, 0.6460, 1.321
6.470, 0.6470, 0.1940
6.480, 0.6480, 0.04372
6.490, 0.6490, -0.8374
6.500, 0.6500, -1.223
6.510, 0.6510, 1.460
6.520, 0.6520, 1.136
6.530, 0.6530, 0.6932
6.540, 0.6540, -0.7193
6.550, 0.6550, -0.1358
6.560, 0.6560, 1.121
6.570, 0.6570, 0.9536
6.580, 0.6580, 1.450
6.590, 0.6590, 1.182
6.600, 0.6600, 0.5249
6.610, 0.6610, 1.190
6.620, 0.6620, 1.860
6.630, 0.6630, 2.116
6.640, 0.6640, 1.248
6.650, 0.6650, -1.006
6.660, 0.6660, 1.225
6.670, 0.6670, 2.386
6.680, 0.6680, 1.262
6.690, 0.6690, 0.8793
6.700, 0.6700, -0.7243
6.710, 0.6710, -0.1529
6.720, 0.6720, 1.176
6.730, 0.6730, 1.277
6.740, 0.6740, 0.9814
6.750, 0.6750, -0.7234
6.760, 0.6760, -1.330
6.770, 0.6770, 0.5143
6.780, 0.6780, 2.329
6.790, 0.6790, 0.7778
6.800, 0.6800, -0.9623
6.810, 0.6810, -2.085
6.820, 0.6820, 0.5477
6.830, 0.6830, 0.8961
6.840, 0.6840, 0.04247
6.850, 0.6850, 0.3453
6.860, 0.6860, -1.103
6.870, 0.6870, -0.4555
6.880, 0.6880, 1.120
6.890, 0.6890, 1.079
6.900, 0.6900, -0.2654
6.910, 0.6910, -0.9841
6.920, 0.6920, -0.6707
6.930, 0.6930, -0.1581
6.940, 0.6940, 0.9785
6.950, 0.6950, 0.6924
6.960, 0.6960, 0.2074
6.970, 0.6970, -0.7634
6.980, 0.6980, 2.305
6.990, 0.6990, 1.656
7.000, 0.7000, 2.626
7.010, 0.7010, 2.106
7.020, 0.7020, 0.2166
7.030, 0.7030, 1.858
7.040, 0.7040, 1.444
7.050, 0.7050, 1.567
7.060, 0.7060, 1.833
7.070, 0.7070, -0.2722
7.080, 0.7080, 1.526
7.090, 0.7090, 2.025
7.100, 0.7100, 2.151
7.110, 0.7110, 1.191
7.120, 0.7120, -0.2233
7.130, 0.7130, -0.4475
7.140, 0.7140, 1.847
7.150, 0.7150, 2.067
7.160, 0.7160, 1.942
7.170, 0.7170, -0.4437
7.180, 0.7180, -1.466
7.190, 0.7190, 0.8965
7.200, 0.7200, 2.499
7.210, 0.7210, -0.1067
7.220, 0.7220, 0.2325
7.230, 0.7230, -0.3967
7.240, 0.7240, -0.08704
7.250, 0.7250, 1.562
7.260, 0.7260, 2.115
7.270, 0.7270, 1.192
7.280, 0.7280, 0.04079
7.290, 0.7290, 0.2713
7.300, 0.7300, 2.055
7.310, 0.7310, 0.7778
7.320, 0.7320, 1.283
7.330, 0.7330, 0.4739
7.340, 0.7340, -1.224
7.350, 0.7350, 0.4713
7.360, 0.7360, 1.104
7.370, 0.7370, 1.053
7.380, 0.7380, 0.07180
7.390, 0.7390, -0.5885
7.400, 0.7400, 0.2744
7.410, 0.7410, 2.458
7.420, 0.7420, 2.027
7.430, 0.7430, 2.213
7.440, 0.7440, 1.184
7.450, 0.7450, 1.369
7.460, 0.7460, 1.354
7.470, 0.7470, 1.036
7.480, 0.7480, 1.150
7.490, 0.7490, 1.286
7.500, 0.7500, 0.3652
7.510, 0.7510, -0.02240
7.520, 0.7520, 2.353
7.530, 0.7530, 1.951
7.540, 0.7540, 0.1307
7.550, 0.7550, -1.210
7.560, 0.7560, -1.231
7.570, 0.7570, 0.6384
7.580, 0.7580, 2.223
7.590, 0.7590, 0.8329
7.600, 0.7600, 0.3979
7.610, 0.7610, -0.4643
7.620, 0.7620, -0.5985
7.630, 0.7630, 1.963
7.640, 0.7640, 0.5868
7.650, 0.7650, -1.275
7.660, 0.7660, -0.8701
7.670, 0.7670, -0.9342
7.680, 0.7680, 1.811
7.690, 0.7690, 1.478
7.700, 0.7700, 1.330
7.710, 0.7710, -0.7062
7.720, 0.7720, -0.9065
7.730, 0.7730, 0.07873
7.740, 0.7740, 1.793
7.750, 0.7750, 1.832
7.760, 0.7760, 0.6560
7.770, 0.7770, -0.1822
7.780, 0.7780, 0.8966
7.790, 0.7790, 1.768
7.800, 0.7800, 1.976
7.810, 0.7810, 0.6822
7.820, 0.7820, -0.08506
7.830, 0.7830, 0.2939
7.840, 0.7840, 1.934
7.850, 0.7850, 1.991
7.860, 0.7860, 2.027
7.870, 0.7870, 1.252
7.880, 0.7880, 2.045
7.890, 0.7890, 3.000
7.900, 0.7900, 2.640
7.910, 0.7910, 1.279
7.920, 0.7920, 0.1735
7.930, 0.7930, 0.9049
7.940, 0.7940, 2.188
7.950, 0.7950, 0.7595
7.960, 0.7960, 0.3633
7.970, 0.7970, -0.7098
7.980, 0.7980, -0.06541
7.990, 0.7990, 1.741
8.000, 0.8000, 2.389
8.010, 0.8010, -0.5144
8.020, 0.8020, -1.600
8.030, 0.8030, 0.2894
8.040, 0.8040, 1.805
8.050, 0.8050, 1.599
8.060, 0.8060, 0.5302
8.070, 0.8070, 0.09045
8.080, 0.8080, 0.4708
8.090, 0.8090, 1.819
8.100, 0.8100, 1.283
8.110, 0.8110, 1.265
8.120, 0.8120, 0.8876
8.130, 0.8130, 0.1536
8.140, 0.8140, 1.535
8.150, 0.8150, 1.206
8.160, 0.8160, -0.8505
8.170, 0.8170, 0.1861
8.180, 0.8180, 0.2139
8.190, 0.8190, 0.9736
8.200, 0.8200, 0.2876
8.210, 0.8210, 1.376
8.220, 0.8220, 0.3255
8.230, 0.8230, 0.3501
8.240, 0.8240, 0.8741
8.250, 0.8250, 2.834
8.260, 0.8260, 3.130
8.270, 0.8270, -0.07567
8.280, 0.8280, 1.322
8.290, 0.8290, 1.441
8.300, 0.8300, 2.961
8.310, 0.8310, 3.365
8.320, 0.8320, 1.630
8.330, 0.8330, 1.291
8.340, 0.8340, 0.3122
8.350, 0.8350, 1.836
8.360, 0.8360, 1.241
8.370, 0.8370, 1.291
8.380, 0.8380, -0.7583
8.390, 0.8390, -0.5626
8.400, 0.8400, 1.468
8.410, 0.8410, 0.5237
8.420, 0.8420, 1.140
8.430, 0.8430, -0.1157
8.440, 0.8440, 0.6123
8.450, 0.8450, 1.901
8.460, 0.8460, 0.8288
8.470, 0.8470, 0.1794
8.480, 0.8480, -0.07224
8.490, 0.8490, 1.105
8.500, 0.8500, 2.924
8.510, 0.8510, 0.8625
8.520, 0.8520, 0.8094
8.530, 0.8530, -0.7699
8.540, 0.8540, -0.03223
8.550, 0.8550, 0.4041
8.560, 0.8560, 0.9213
8.570, 0.8570, -0.5197
8.580, 0.8580, 0.6119
8.590, 0.8590, 1.539
8.600, 0.8600, 0.6741
8.610, 0.8610, 0.2575
8.620, 0.8620, -1.616
8.630, 0.8630, 0.9303
8.640, 0.8640, 1.895
8.650, 0.8650, 1.310
8.660, 0.8660, 0.4079
8.670, 0.8670, 0.8439
8.680, 0.8680, 3.044
8.690, 0.8690, 2.835
8.700, 0.8700, 1.847
8.710, 0.8710, 1.379
8.720, 0.8720, 2.761
8.730, 0.8730, 3.056
8.740, 0.8740, 2.923
8.750, 0.8750, 1.868
8.760, 0.8760, -0.9887
8.770, 0.8770, 2.098
8.780, 0.8780, 1.511
8.790, 0.8790, 1.653
8.800, 0.8800, 0.3910
8.810, 0.8810, -0.5452
8.820, 0.8820, 2.686
8.830, 0.8830, 1.586
8.840, 0.8840, 1.522
8.850, 0.8850, 0.1231
8.860, 0.8860, 1.080
8.870, 0.8870, 2.122
8.880, 0.8880, 2.413
8.890, 0.8890, 1.341
8.900, 0.8900, 0.06395
8.910, 0.8910, 0.8753
8.920, 0.8920, 1.082
8.930, 0.8930, 0.8611
8.940, 0.8940, 1.793
8.950, 0.8950, -0.6788
8.960, 0.8960, 0.5511
8.970, 0.8970, 2.320
8.980, 0.8980, 1.161
8.990, 0.8990, 0.6464
9.000, 0.9000, -0.3278
9.010, 0.9010, 1.466
9.020, 0.9020, 2.740
9.030, 0.9030, 2.062
9.040, 0.9040, -0.08897
9.050, 0.9050, 0.06897
9.060, 0.9060, -0.03578
9.070, 0.9070, 1.171
9.080, 0.9080, 2.455
9.090, 0.9090, 1.509
9.100, 0.9100, 1.291
9.110, 0.9110, 0.3911
9.120, 0.9120, 3.876
9.130, 0.9130, 3.992
9.140, 0.9140, 2.314
9.150, 0.9150, 2.130
9.160, 0.9160, 1.978
9.170, 0.9170, 3.002
9.180, 0.9180, 2.991
9.190, 0.9190, 0.9341
9.200, 0.9200, 0.9092
9.210, 0.9210, -0.08473
9.220, 0.9220, 0.8160
9.230, 0.9230, 2.739
9.240, 0.9240, 2.685
9.250, 0.9250, 1.601
9.260, 0.9260, 0.9346
9.270, 0.9270, -0.2381
9.280, 0.9280, 0.5411
9.290, 0.9290, 2.485
9.300, 0.9300, 1.454
9.310, 0.9310, 1.071
9.320, 0.9320, 0.7531
9.330, 0.9330, 0.1866
9.340, 0.9340, 1.028
9.350, 0.9350, 1.031
9.360, 0.9360, 1.502
9.370, 0.9370, 1.283
9.380, 0.9380, -0.1492
9.390, 0.9390, 0.4461
9.400, 0.9400, 1.767
9.410, 0.9410, 1.893
9.420, 0.9420, 1.128
9.430, 0.9430, 0.4397
9.440, 0.9440, 0.3572
9.450, 0.9450, 1.693
9.460, 0.9460, 2.830
9.470, 0.9470, 2.160
9.480, 0.9480, 0.3268
9.490, 0.9490, -0.8687
9.500, 0.9500, 3.103
9.510, 0.9510, 1.943
9.520, 0.9520, 1.706
9.530, 0.9530, 1.430
9.540, 0.9540, 1.520
9.550, 0.9550, 3.915
9.560, 0.9560, 4.044
9.570, 0.9570, 0.4391
9.580, 0.9580, 1.432
9.590, 0.9590, 2.336
9.600, 0.9600, 3.396
9.610, 0.9610, 1.395
9.620, 0.9620, 1.195
9.630, 0.9630, 2.532
9.640, 0.9640, 2.586
9.650, 0.9650, 2.805
9.660, 0.9660, 1.786
9.670, 0.9670, 0.1103
9.680, 0.9680, 0.8259
9.690, 0.9690, 2.306
9.700, 0.9700, 1.152
9.710, 0.9710, 0.7313
9.720, 0.9720, 0.4202
9.730, 0.9730, 1.948
9.740, 0.9740, 3.503
9.750, 0.9750, 0.3125
9.760, 0.9760, 1.471
9.770, 0.9770, 0.1218
9.780, 0.9780, 3.909
9.790, 0.9790, 3.062
9.800, 0.9800, 2.239
9.810, 0.9810, 0.3985
9.820, 0.9820, 1.906
9.830, 0.9830, 1.491
9.840, 0.9840, 1.709
9.850, 0.9850, 0.02860
9.860, 0.9860, 1.303
9.870, 0.9870, 2.483
9.880, 0.9880, 2.124
9.890, 0.9890, 0.4909
9.900, 0.9900, 0.4198
9.910, 0.9910, 2.458
9.920, 0.9920, 2.879
9.930, 0.9930, 1.696
9.940, 0.9940, 1.498
9.950, 0.9950, 2.148
9.960, 0.9960, 3.582
9.970, 0.9970, 3.271
9.980, 0.9980, 3.839
9.990, 0.9990, 1.482
10.00, 1.000, 0.4031
10.01, 1.001, -0.1521
10.02, 1.002, 2.760
10.03, 1.003, 1.484
10.04, 1.004, 3.230
10.05, 1.005, 0.7164
10.06, 1.006, 1.273
10.07, 1.007, 3.526
10.08, 1.008, 1.163
10.09, 1.009, 0.5731
10.10, 1.010, 0.1684
10.11, 1.011, 0.8982
10.12, 1.012, 1.958
10.13, 1.013, 3.149
10.14, 1.014, 1.967
10.15, 1.015, 0.5049
10.16, 1.016, 0.3183
10.17, 1.017, -0.0004560
10.18, 1.018, 1.959
10.19, 1.019, 2.432
10.20, 1.020, 2.145
10.21, 1.021, 0.6357
10.22, 1.022, 0.5059
10.23, 1.023, 1.542
10.24, 1.024, 3.217
10.25, 1.025, 2.116
10.26, 1.026, 3.064
10.27, 1.027, 0.2398
10.28, 1.028, 0.8985
10.29, 1.029, 1.266
10.30, 1.030, 3.452
10.31, 1.031, 1.383
10.32, 1.032, 2.646
10.33, 1.033, 0.6400
10.34, 1.034, 2.111
10.35, 1.035, 3.002
10.36, 1.036, 2.417
10.37, 1.037, 2.459
10.38, 1.038, 2.690
10.39, 1.039, 2.957
10.40, 1.040, 3.313
10.41, 1.041, 4.531
10.42, 1.042, 3.124
10.43, 1.043, 2.166
10.44, 1.044, 2.720
10.45, 1.045, 3.602
10.46, 1.046, 3.193
10.47, 1.047, 3.094
10.48, 1.048, 3.172
10.49, 1.049, 1.430
10.50, 1.050, 0.8514
10.51, 1.051, 1.708
10.52, 1.052, 3.509
10.53, 1.053, 3.281
10.54, 1.054, 3.676
10.55, 1.055, 2.227
10.56, 1.056, 0.5485
10.57, 1.057, 0.04504
10.58, 1.058, 4.076
10.59, 1.059, 3.419
10.60, 1.060, 4.956
10.61, 1.061, 1.938
10.62, 1.062, 0.6128
10.63, 1.063, 1.572
10.64, 1.064, 2.030
10.65, 1.065, 4.103
10.66, 1.066, 1.429
10.67, 1.067, 2.387
10.68, 1.068, 1.145
10.69, 1.069, 2.084
10.70, 1.070, 3.021
10.71, 1.071, 3.162
10.72, 1.072, 3.309
10.73, 1.073, 1.339
10.74, 1.074, 1.136
10.75, 1.075, 1.581
10.76, 1.076, 3.797
10.77, 1.077, 2.826
10.78, 1.078, 3.729
10.79, 1.079, 3.519
10.80, 1.080, 2.276
10.81, 1.081, 4.561
10.82, 1.082, 4.077
10.83, 1.083, 3.749
10.84, 1.084, 2.144
10.85, 1.085, 3.306
10.86, 1.086, 2.256
10.87, 1.087, 3.440
10.88, 1.088, 4.640
10.89, 1.089, 4.290
10.90, 1.090, 2.467
10.91, 1.091, 0.7692
10.92, 1.092, 1.312
10.93, 1.093, 1.667
10.94, 1.094, 2.831
10.95, 1.095, 2.807
10.96, 1.096, 1.361
10.97, 1.097, 3.008
10.98, 1.098, 1.973
10.99, 1.099, 2.814
11.00, 1.100, 3.791
11.01, 1.101, 3.268
11.02, 1.102, 3.544
11.03, 1.103, 1.724
11.04, 1.104, 1.169
11.05, 1.105, 2.527
11.06, 1.106, 4.857
11.07, 1.107, 4.657
11.08, 1.108, 2.673
11.09, 1.109, 1.770
11.10, 1.110, 1.739
11.11, 1.111, 1.462
11.12, 1.112, 3.451
11.13, 1.113, 4.869
11.14, 1.114, 3.099
11.15, 1.115, 2.232
11.16, 1.116, 1.207
11.17, 1.117, 1.516
11.18, 1.118, 3.847
11.19, 1.119, 5.019
11.20, 1.120, 5.023
11.21, 1.121, 3.707
11.22, 1.122, 1.928
11.23, 1.123, 2.934
11.24, 1.124, 5.113
11.25, 1.125, 5.706
11.26, 1.126, 4.210
11.27, 1.127, 3.442
11.28, 1.128, 1.950
11.29, 1.129, 2.922
11.30, 1.130, 3.286
11.31, 1.131, 5.579
11.32, 1.132, 4.653
11.33, 1.133, 2.977
11.34, 1.134, 2.432
11.35, 1.135, 2.920
11.36, 1.136, 3.050
11.37, 1.137, 4.163
11.38, 1.138, 5.650
11.39, 1.139, 5.322
11.40, 1.140, 2.618
11.41, 1.141, 2.243
11.42, 1.142, 4.413
11.43, 1.143, 4.007
11.44, 1.144, 3.550
11.45, 1.145, 2.371
11.46, 1.146, 2.282
11.47, 1.147, 3.742
11.48, 1.148, 6.162
11.49, 1.149, 4.099
11.50, 1.150, 3.130
11.51, 1.151, 2.684
11.52, 1.152, 2.911
11.53, 1.153, 5.179
11.54, 1.154, 2.850
11.55, 1.155, 2.073
11.56, 1.156, 1.531
11.57, 1.157, 3.270
11.58, 1.158, 3.398
11.59, 1.159, 4.668
11.60, 1.160, 2.968
11.61, 1.161, 2.084
11.62, 1.162, 4.834
11.63, 1.163, 6.518
11.64, 1.164, 6.714
11.65, 1.165, 4.209
11.66, 1.166, 4.337
11.67, 1.167, 3.577
11.68, 1.168, 7.214
11.69, 1.169, 5.079
11.70, 1.170, 4.254
11.71, 1.171, 4.057
11.72, 1.172, 4.810
11.73, 1.173, 6.183
11.74, 1.174, 6.613
11.75, 1.175, 4.433
11.76, 1.176, 3.796
11.77, 1.177, 2.130
11.78, 1.178, 5.283
11.79, 1.179, 6.237
11.80, 1.180, 4.297
11.81, 1.181, 4.838
11.82, 1.182, 2.609
11.83, 1.183, 3.899
11.84, 1.184, 5.816
11.85, 1.185, 3.773
11.86, 1.186, 4.214
11.87, 1.187, 3.776
11.88, 1.188, 5.115
11.89, 1.189, 5.175
11.90, 1.190, 4.551
11.91, 1.191, 5.227
11.92, 1.192, 3.606
11.93, 1.193, 3.075
11.94, 1.194, 3.111
11.95, 1.195, 6.217
11.96, 1.196, 5.978
11.97, 1.197, 4.515
11.98, 1.198, 3.496
11.99, 1.199, 3.601
12.00, 1.200, 5.642
12.01, 1.201, 6.288
12.02, 1.202, 5.602
12.03, 1.203, 5.460
12.04, 1.204, 4.751
12.05, 1.205, 4.688
12.06, 1.206, 5.873
12.07, 1.207, 9.423
12.08, 1.208, 7.585
12.09, 1.209, 7.882
12.10, 1.210, 5.810
12.11, 1.211, 5.167
12.12, 1.212, 6.088
12.13, 1.213, 7.017
12.14, 1.214, 8.012
12.15, 1.215, 7.011
12.16, 1.216, 4.986
12.17, 1.217, 5.100
12.18, 1.218, 5.146
12.19, 1.219, 7.468
12.20, 1.220, 6.116
12.21, 1.221, 7.382
12.22, 1.222, 5.254
12.23, 1.223, 5.565
12.24, 1.224, 7.139
12.25, 1.225, 7.952
12.26, 1.226, 7.761
12.27, 1.227, 5.498
12.28, 1.228, 4.974
12.29, 1.229, 6.257
12.30, 1.230, 7.602
12.31, 1.231, 6.962
12.32, 1.232, 7.522
12.33, 1.233, 5.940
12.34, 1.234, 6.475
12.35, 1.235, 8.537
12.36, 1.236, 7.729
12.37, 1.237, 7.344
12.38, 1.238, 6.214
12.39, 1.239, 5.862
12.40, 1.240, 6.733
12.41, 1.241, 8.777
12.42, 1.242, 6.618
12.43, 1.243, 7.335
12.44, 1.244, 7.485
12.45, 1.245, 8.445
12.46, 1.246, 9.001
12.47, 1.247, 10.40
12.48, 1.248, 11.10
12.49, 1.249, 10.32
12.50, 1.250, 8.864
12.51, 1.251, 5.273
12.52, 1.252, 10.45
12.53, 1.253, 9.993
12.54, 1.254, 9.666
12.55, 1.255, 8.413
12.56, 1.256, 7.648
12.57, 1.257, 11.64
12.58, 1.258, 11.38
12.59, 1.259, 9.436
12.60, 1.260, 9.763
12.61, 1.261, 9.494
12.62, 1.262, 10.40
12.63, 1.263, 11.97
12.64, 1.264, 10.92
12.65, 1.265, 9.497
12.66, 1.266, 10.26
12.67, 1.267, 9.082
12.68, 1.268, 10.96
12.69, 1.269, 12.65
12.70, 1.270, 12.05
12.71, 1.271, 12.17
12.72, 1.272, 10.48
12.73, 1.273, 9.407
12.74, 1.274, 12.68
12.75, 1.275, 14.78
12.76, 1.276, 12.84
12.77, 1.277, 10.71
12.78, 1.278, 11.96
12.79, 1.279, 13.52
12.80, 1.280, 14.83
12.81, 1.281, 13.94
12.82, 1.282, 12.84
12.83, 1.283, 11.72
12.84, 1.284, 12.45
12.85, 1.285, 15.08
12.86, 1.286, 15.79
12.87, 1.287, 14.82
12.88, 1.288, 14.70
12.89, 1.289, 15.64
12.90, 1.290, 16.52
12.91, 1.291, 18.05
12.92, 1.292, 18.16
12.93, 1.293, 17.23
12.94, 1.294, 16.37
12.95, 1.295, 16.53
12.96, 1.296, 19.73
12.97, 1.297, 19.42
12.98, 1.298, 16.56
12.99, 1.299, 16.68
13.00, 1.300, 19.14
13.01, 1.301, 19.96
13.02, 1.302, 18.68
13.03, 1.303, 19.94
13.04, 1.304, 18.33
13.05, 1.305, 18.64
13.06, 1.306, 21.35
13.07, 1.307, 21.99
13.08, 1.308, 22.06
13.09, 1.309, 21.00
13.10, 1.310, 21.22
13.11, 1.311, 22.01
13.12, 1.312, 23.74
13.13, 1.313, 23.23
13.14, 1.314, 23.06
13.15, 1.315, 21.53
13.16, 1.316, 21.87
13.17, 1.317, 23.14
13.18, 1.318, 24.63
13.19, 1.319, 26.39
13.20, 1.320, 24.07
13.21, 1.321, 22.35
13.22, 1.322, 23.28
13.23, 1.323, 26.37
13.24, 1.324, 28.98
13.25, 1.325, 26.70
13.26, 1.326, 26.33
13.27, 1.327, 25.86
13.28, 1.328, 26.83
13.29, 1.329, 29.86
13.30, 1.330, 29.82
13.31, 1.331, 30.55
13.32, 1.332, 30.53
13.33, 1.333, 30.85
13.34, 1.334, 31.24
13.35, 1.335, 33.57
13.36, 1.336, 33.28
13.37, 1.337, 31.10
13.38, 1.338, 31.62
13.39, 1.339, 32.74
13.40, 1.340, 35.24
13.41, 1.341, 36.25
13.42, 1.342, 34.77
13.43, 1.343, 34.57
13.44, 1.344, 34.48
13.45, 1.345, 33.14
13.46, 1.346, 37.65
13.47, 1.347, 36.92
13.48, 1.348, 37.67
13.49, 1.349, 35.36
13.50, 1.350, 34.71
13.51, 1.351, 37.13
13.52, 1.352, 38.36
13.53, 1.353, 38.39
13.54, 1.354, 37.21
13.55, 1.355, 37.59
13.56, 1.356, 39.63
13.57, 1.357, 40.10
13.58, 1.358, 38.63
13.59, 1.359, 37.96
13.60, 1.360, 38.29
13.61, 1.361, 37.24
13.62, 1.362, 37.69
13.63, 1.363, 39.88
13.64, 1.364, 40.53
13.65, 1.365, 39.02
13.66, 1.366, 38.22
13.67, 1.367, 38.66
13.68, 1.368, 40.46
13.69, 1.369, 41.25
13.70, 1.370, 39.98
13.71, 1.371, 39.62
13.72, 1.372, 39.65
13.73, 1.373, 41.90
13.74, 1.374, 42.43
13.75, 1.375, 41.60
13.76, 1.376, 39.58
13.77, 1.377, 38.76
13.78, 1.378, 39.43
13.79, 1.379, 40.46
13.80, 1.380, 40.48
13.81, 1.381, 39.68
13.82, 1.382, 37.77
13.83, 1.383, 39.84
13.84, 1.384, 40.73
13.85, 1.385, 40.28
13.86, 1.386, 39.22
13.87, 1.387, 38.38
13.88, 1.388, 35.80
13.89, 1.389, 38.07
13.90, 1.390, 38.50
13.91, 1.391, 38.62
13.92, 1.392, 37.04
13.93, 1.393, 36.61
13.94, 1.394, 34.93
13.95, 1.395, 34.36
13.96, 1.396, 36.85
13.97, 1.397, 35.84
13.98, 1.398, 35.95
13.99, 1.399, 34.99
14.00, 1.400, 32.67
14.01, 1.401, 35.42
14.02, 1.402, 35.87
14.03, 1.403, 33.43
14.04, 1.404, 33.13
14.05, 1.405, 32.28
14.06, 1.406, 31.69
14.07, 1.407, 33.25
14.08, 1.408, 33.65
14.09, 1.409, 31.66
14.10, 1.410, 31.74
14.11, 1.411, 31.43
14.12, 1.412, 33.57
14.13, 1.413, 32.85
14.14, 1.414, 31.35
14.15, 1.415, 31.47
14.16, 1.416, 30.75
14.17, 1.417, 32.27
14.18, 1.418, 32.73
14.19, 1.419, 31.88
14.20, 1.420, 30.57
14.21, 1.421, 30.29
14.22, 1.422, 30.66
14.23, 1.423, 31.98
14.24, 1.424, 29.68
14.25, 1.425, 30.15
14.26, 1.426, 29.24
14.27, 1.427, 27.02
14.28, 1.428, 29.62
14.29, 1.429, 29.47
14.30, 1.430, 30.03
14.31, 1.431, 27.81
14.32, 1.432, 27.15
14.33, 1.433, 26.68
14.34, 1.434, 27.93
14.35, 1.435, 28.12
14.36, 1.436, 27.74
14.37, 1.437, 26.65
14.38, 1.438, 26.47
14.39, 1.439, 24.90
14.40, 1.440, 27.82
14.41, 1.441, 27.61
14.42, 1.442, 25.57
14.43, 1.443, 25.43
14.44, 1.444, 24.76
14.45, 1.445, 26.62
14.46, 1.446, 27.38
14.47, 1.447, 25.92
14.48, 1.448, 25.22
14.49, 1.449, 24.77
14.50, 1.450, 27.56
14.51, 1.451, 28.39
14.52, 1.452, 24.97
14.53, 1.453, 25.11
14.54, 1.454, 22.68
14.55, 1.455, 24.84
14.56, 1.456, 27.12
14.57, 1.457, 26.15
14.58, 1.458, 26.12
14.59, 1.459, 25.75
14.60, 1.460, 26.28
14.61, 1.461, 28.90
14.62, 1.462, 28.23
14.63, 1.463, 25.44
14.64, 1.464, 25.65
14.65, 1.465, 25.79
14.66, 1.466, 26.65
14.67, 1.467, 27.78
14.68, 1.468, 26.21
14.69, 1.469, 25.52
14.70, 1.470, 24.15
14.71, 1.471, 25.48
14.72, 1.472, 26.83
14.73, 1.473, 24.98
14.74, 1.474, 25.47
14.75, 1.475, 23.77
14.76, 1.476, 24.09
14.77, 1.477, 27.09
14.78, 1.478, 25.67
14.79, 1.479, 25.30
14.80, 1.480, 23.98
14.81, 1.481, 25.34
14.82, 1.482, 25.64
14.83, 1.483, 24.25
14.84, 1.484, 25.04
14.85, 1.485, 24.93
14.86, 1.486, 24.08
14.87, 1.487, 25.66
14.88, 1.488, 26.11
14.89, 1.489, 25.21
14.90, 1.490, 24.14
14.91, 1.491, 22.42
14.92, 1.492, 25.63
14.93, 1.493, 26.75
14.94, 1.494, 25.75
14.95, 1.495, 25.16
14.96, 1.496, 23.14
14.97, 1.497, 25.73
14.98, 1.498, 27.25
14.99, 1.499, 26.04
15.00, 1.500, 27.12
15.01, 1.501, 21.14
15.02, 1.502, 25.20
15.03, 1.503, 26.83
15.04, 1.504, 28.69
15.05, 1.505, 25.01
15.06, 1.506, 26.14
15.07, 1.507, 23.55
15.08, 1.508, 25.11
15.09, 1.509, 26.47
15.10, 1.510, 26.01
15.11, 1.511, 24.13
15.12, 1.512, 23.33
15.13, 1.513, 27.49
15.14, 1.514, 26.41
15.15, 1.515, 25.25
15.16, 1.516, 24.15
15.17, 1.517, 24.13
15.18, 1.518, 23.83
15.19, 1.519, 27.07
15.20, 1.520, 26.50
15.21, 1.521, 25.92
15.22, 1.522, 24.07
15.23, 1.523, 24.81
15.24, 1.524, 26.89
15.25, 1.525, 26.71
15.26, 1.526, 25.58
15.27, 1.527, 24.97
15.28, 1.528, 23.97
15.29, 1.529, 26.28
15.30, 1.530, 26.83
15.31, 1.531, 25.27
15.32, 1.532, 24.70
15.33, 1.533, 27.53
15.34, 1.534, 27.90
15.35, 1.535, 26.97
15.36, 1.536, 25.33
15.37, 1.537, 24.07
15.38, 1.538, 27.74
15.39, 1.539, 27.96
15.40, 1.540, 26.60
15.41, 1.541, 27.82
15.42, 1.542, 26.05
15.43, 1.543, 28.90
15.44, 1.544, 29.33
15.45, 1.545, 29.71
15.46, 1.546, 28.26
15.47, 1.547, 27.73
15.48, 1.548, 29.51
15.49, 1.549, 29.20
15.50, 1.550, 27.21
15.51, 1.551, 25.33
15.52, 1.552, 25.32
15.53, 1.553, 29.49
15.54, 1.554, 29.01
15.55, 1.555, 28.32
15.56, 1.556, 26.00
15.57, 1.557, 27.61
15.58, 1.558, 29.34
15.59, 1.559, 28.31
15.60, 1.560, 28.66
15.61, 1.561, 28.48
15.62, 1.562, 27.35
15.63, 1.563, 29.43
15.64, 1.564, 29.35
15.65, 1.565, 28.67
15.66, 1.566, 27.92
15.67, 1.567, 27.17
15.68, 1.568, 28.93
15.69, 1.569, 30.23
15.70, 1.570, 28.77
15.71, 1.571, 26.66
15.72, 1.572, 26.83
15.73, 1.573, 27.47
15.74, 1.574, 29.02
15.75, 1.575, 29.13
15.76, 1.576, 29.01
15.77, 1.577, 28.44
15.78, 1.578, 28.35
15.79, 1.579, 29.94
15.80, 1.580, 30.72
15.81, 1.581, 30.40
15.82, 1.582, 29.73
15.83, 1.583, 29.75
15.84, 1.584, 29.36
15.85, 1.585, 31.24
15.86, 1.586, 32.78
15.87, 1.587, 30.09
15.88, 1.588, 32.26
15.89, 1.589, 29.80
15.90, 1.590, 30.10
15.91, 1.591, 32.68
15.92, 1.592, 31.19
15.93, 1.593, 31.88
15.94, 1.594, 30.43
15.95, 1.595, 30.02
15.96, 1.596, 32.99
15.97, 1.597, 32.97
15.98, 1.598, 31.05
15.99, 1.599, 30.08
16.00, 1.600, 29.48
16.01, 1.601, 32.16
16.02, 1.602, 31.10
16.03, 1.603, 32.90
16.04, 1.604, 30.84
16.05, 1.605, 31.29
16.06, 1.606, 33.16
16.07, 1.607, 34.20
16.08, 1.608, 32.46
16.09, 1.609, 33.58
16.10, 1.610, 30.77
16.11, 1.611, 31.98
16.12, 1.612, 34.45
16.13, 1.613, 33.89
16.14, 1.614, 32.34
16.15, 1.615, 32.79
16.16, 1.616, 35.15
16.17, 1.617, 34.51
16.18, 1.618, 34.30
16.19, 1.619, 32.50
16.20, 1.620, 33.28
16.21, 1.621, 33.33
16.22, 1.622, 33.86
16.23, 1.623, 34.43
16.24, 1.624, 33.02
16.25, 1.625, 35.18
16.26, 1.626, 36.50
16.27, 1.627, 35.25
16.28, 1.628, 36.71
16.29, 1.629, 35.06
16.30, 1.630, 34.60
16.31, 1.631, 36.31
16.32, 1.632, 35.98
16.33, 1.633, 36.44
16.34, 1.634, 34.12
16.35, 1.635, 37.77
16.36, 1.636, 38.30
16.37, 1.637, 36.43
16.38, 1.638, 36.13
16.39, 1.639, 36.19
16.40, 1.640, 37.97
16.41, 1.641, 38.33
16.42, 1.642, 36.69
16.43, 1.643, 36.60
16.44, 1.644, 36.25
16.45, 1.645, 37.99
16.46, 1.646, 37.88
16.47, 1.647, 37.86
16.48, 1.648, 38.53
16.49, 1.649, 36.16
16.50, 1.650, 37.51
16.51, 1.651, 40.01
16.52, 1.652, 40.12
16.53, 1.653, 40.11
16.54, 1.654, 36.40
16.55, 1.655, 37.74
16.56, 1.656, 38.08
16.57, 1.657, 37.50
16.58, 1.658, 39.04
16.59, 1.659, 38.09
16.60, 1.660, 37.75
16.61, 1.661, 42.20
16.62, 1.662, 39.50
16.63, 1.663, 40.68
16.64, 1.664, 40.06
16.65, 1.665, 40.65
16.66, 1.666, 42.77
16.67, 1.667, 41.95
16.68, 1.668, 43.35
16.69, 1.669, 41.87
16.70, 1.670, 42.08
16.71, 1.671, 44.93
16.72, 1.672, 43.62
16.73, 1.673, 44.24
16.74, 1.674, 41.73
16.75, 1.675, 45.08
16.76, 1.676, 45.17
16.77, 1.677, 42.76
16.78, 1.678, 44.08
16.79, 1.679, 43.77
16.80, 1.680, 44.75
16.81, 1.681, 46.02
16.82, 1.682, 45.03
16.83, 1.683, 44.60
16.84, 1.684, 43.81
16.85, 1.685, 44.66
16.86, 1.686, 47.53
16.87, 1.687, 46.17
16.88, 1.688, 46.48
16.89, 1.689, 45.24
16.90, 1.690, 46.24
16.91, 1.691, 47.99
16.92, 1.692, 47.60
16.93, 1.693, 45.04
16.94, 1.694, 45.37
16.95, 1.695, 48.02
16.96, 1.696, 49.15
16.97, 1.697, 47.44
16.98, 1.698, 47.18
16.99, 1.699, 45.92
17.00, 1.700, 48.83
17.01, 1.701, 49.82
17.02, 1.702, 49.74
17.03, 1.703, 48.29
17.04, 1.704, 48.55
17.05, 1.705, 51.06
17.06, 1.706, 51.14
17.07, 1.707, 52.19
17.08, 1.708, 50.58
17.09, 1.709, 51.83
17.10, 1.710, 53.52
17.11, 1.711, 53.05
17.12, 1.712, 53.31
17.13, 1.713, 53.74
17.14, 1.714, 54.38
17.15, 1.715, 55.88
17.16, 1.716, 54.22
17.17, 1.717, 55.28
17.18, 1.718, 54.55
17.19, 1.719, 55.91
17.20, 1.720, 56.16
17.21, 1.721, 56.73
17.22, 1.722, 55.58
17.23, 1.723, 54.01
17.24, 1.724, 55.01
17.25, 1.725, 57.19
17.26, 1.726, 56.16
17.27, 1.727, 57.15
17.28, 1.728, 56.32
17.29, 1.729, 57.66
17.30, 1.730, 59.50
17.31, 1.731, 59.47
17.32, 1.732, 58.68
17.33, 1.733, 58.31
17.34, 1.734, 60.53
17.35, 1.735, 60.82
17.36, 1.736, 59.82
17.37, 1.737, 59.75
17.38, 1.738, 61.27
17.39, 1.739, 62.82
17.40, 1.740, 62.37
17.41, 1.741, 62.48
17.42, 1.742, 61.23
17.43, 1.743, 64.13
17.44, 1.744, 65.11
17.45, 1.745, 65.78
17.46, 1.746, 64.98
17.47, 1.747, 64.92
17.48, 1.748, 66.12
17.49, 1.749, 67.99
17.50, 1.750, 67.23
17.51, 1.751, 65.99
17.52, 1.752, 66.19
17.53, 1.753, 67.44
17.54, 1.754, 70.14
17.55, 1.755, 68.64
17.56, 1.756, 69.69
17.57, 1.757, 68.36
17.58, 1.758, 68.34
17.59, 1.759, 71.91
17.60, 1.760, 71.04
17.61, 1.761, 72.39
17.62, 1.762, 70.77
17.63, 1.763, 72.44
17.64, 1.764, 74.60
17.65, 1.765, 74.00
17.66, 1.766, 73.28
17.67, 1.767, 74.27
17.68, 1.768, 74.64
17.69, 1.769, 77.15
17.70, 1.770, 75.86
17.71, 1.771, 75.72
17.72, 1.772, 76.53
17.73, 1.773, 76.94
17.74, 1.774, 79.41
17.75, 1.775, 79.44
17.76, 1.776, 78.21
17.77, 1.777, 77.30
17.78, 1.778, 78.84
17.79, 1.779, 83.16
17.80, 1.780, 81.65
17.81, 1.781, 80.84
17.82, 1.782, 80.67
17.83, 1.783, 82.79
17.84, 1.784, 84.44
17.85, 1.785, 84.68
17.86, 1.786, 84.37
17.87, 1.787, 84.54
17.88, 1.788, 86.15
17.89, 1.789, 87.80
17.90, 1.790, 87.59
17.91, 1.791, 87.63
17.92, 1.792, 87.77
17.93, 1.793, 90.40
17.94, 1.794, 92.02
17.95, 1.795, 91.76
17.96, 1.796, 92.06
17.97, 1.797, 93.24
17.98, 1.798, 95.37
17.99, 1.799, 96.15
18.00, 1.800, 96.48
18.01, 1.801, 94.26
18.02, 1.802, 96.48
18.03, 1.803, 98.72
18.04, 1.804, 98.31
18.05, 1.805, 98.46
18.06, 1.806, 96.97
18.07, 1.807, 97.83
18.08, 1.808, 99.53
18.09, 1.809, 99.87
18.10, 1.810, 99.91
18.11, 1.811, 100.0
18.12, 1.812, 99.90
18.13, 1.813, 100.0
18.14, 1.814, 100.0
18.15, 1.815, 100.0
18.16, 1.816, 100.0
18.17, 1.817, 100.0
18.18, 1.818, 100.0
18.19, 1.819, 100.0
18.20, 1.820, 100.0
18.21, 1.821, 100.0
18.22, 1.822, 100.0
18.23, 1.823, 100.0
18.24, 1.824, 100.0
18.25, 1.825, 100.0
18.26, 1.826, 100.0
18.27, 1.827, 100.0
18.28, 1.828, 100.0
18.29, 1.829, 100.0
18.30, 1.830, 100.0
18.31, 1.831, 100.0
18.32, 1.832, 100.0
18.33, 1.833, 100.0
18.34, 1.834, 100.0
18.35, 1.835, 100.0
18.36, 1.836, 100.0
18.37, 1.837, 100.0
18.38, 1.838, 100.0
18.39, 1.839, 100.0
18.40, 1.840, 100.0
18.41, 1.841, 100.0
18.42, 1.842, 100.0
18.43, 1.843, 100.0
18.44, 1.844, 100.0
18.45, 1.845, 100.0
18.46, 1.846, 100.0
18.47, 1.847, 100.0
18.48, 1.848, 100.0
18.49, 1.849, 100.0
18.50, 1.850, 100.0
18.51, 1.851, 100.0
18.52, 1.852, 100.0
18.53, 1.853, 100.0
18.54, 1.854, 100.0
18.55, 1.855, 100.0
18.56, 1.856, 100.0
18.57, 1.857, 100.0
18.58, 1.858, 100.0
18.59, 1.859, 100.0
18.60, 1.860, 100.0
18.61, 1.861, 100.0
18.62, 1.862, 100.0
18.63, 1.863, 100.0
18.64, 1.864, 100.0
18.65, 1.865, 100.0
18.66, 1.866, 100.0
18.67, 1.867, 100.0
18.68, 1.868, 100.0
18.69, 1.869, 100.0
18.70, 1.870, 100.0
18.71, 1.871, 100.0
18.72, 1.872, 100.0
18.73, 1.873, 100.0
18.74, 1.874, 100.0
18.75, 1.875, 100.0
18.76, 1.876, 100.0
18.77, 1.877, 100.0
18.78, 1.878, 100.0
18.79, 1.879, 100.0
18.80, 1.880, 100.0
18.81, 1.881, 100.0
18.82, 1.882, 100.0
18.83, 1.883, 100.0
18.84, 1.884, 100.0
18.85, 1.885, 100.0
18.86, 1.886, 100.0
18.87, 1.887, 100.0
18.88, 1.888, 100.0
18.89, 1.889, 100.0
18.90, 1.890, 100.0
18.91, 1.891, 100.0
18.92, 1.892, 100.0
18.93, 1.893, 100.0
18.94, 1.894, 100.0
18.95, 1.895, 100.0
18.96, 1.896, 100.0
18.97, 1.897, 100.0
18.98, 1.898, 100.0
18.99, 1.899, 100.0
19.00, 1.900, 100.0
19.01, 1.901, 100.0
19.02, 1.902, 100.0
19.03, 1.903, 100.0
19.04, 1.904, 100.0
19.05, 1.905, 100.0
19.06, 1.906, 100.0
19.07, 1.907, 100.0
19.08, 1.908, 100.0
19.09, 1.909, 100.0
19.10, 1.910, 100.0
19.11, 1.911, 100.0
19.12, 1.912, 100.0
19.13, 1.913, 100.0
19.14, 1.914, 100.0
19.15, 1.915, 100.0
19.16, 1.916, 100.0
19.17, 1.917, 100.0
19.18, 1.918, 100.0
19.19, 1.919, 100.0
19.20, 1.920, 100.0
19.21, 1.921, 100.0
19.22, 1.922, 100.0
19.23, 1.923, 100.0
19.24, 1.924, 100.0
19.25, 1.925, 100.0
19.26, 1.926, 100.0
19.27, 1.927, 100.0
19.28, 1.928, 100.0
19.29, 1.929, 100.0
19.30, 1.930, 100.0
19.31, 1.931, 100.0
19.32, 1.932, 100.0
19.33, 1.933, 100.0
19.34, 1.934, 100.0
19.35, 1.935, 100.0
19.36, 1.936, 100.0
19.37, 1.937, 100.0
19.38, 1.938, 100.0
19.39, 1.939, 100.0
19.40, 1.940, 100.0
19.41, 1.941, 100.0
19.42, 1.942, 100.0
19.43, 1.943, 100.0
19.44, 1.944, 100.0
19.45, 1.945, 100.0
19.46, 1.946, 100.0
19.47, 1.947, 100.0
19.48, 1.948, 100.0
19.49, 1.949, 100.0
19.50, 1.950, 100.0
19.51, 1.951, 100.0
19.52, 1.952, 100.0
19.53, 1.953, 100.0
19.54, 1.954, 100.0
19.55, 1.955, 100.0
19.56, 1.956, 100.0
19.57, 1.957, 100.0
19.58, 1.958, 100.0
19.59, 1.959, 100.0
19.60, 1.960, 100.0
19.61, 1.961, 100.0
19.62, 1.962, 100.0
19.63, 1.963, 100.0
19.64, 1.964, 100.0
19.65, 1.965, 100.0
19.66, 1.966, 100.0
19.67, 1.967, 100.0
19.68, 1.968, 100.0
19.69, 1.969, 100.0
19.70, 1.970, 100.0
19.71, 1.971, 100.0
19.72, 1.972, 100.0
19.73, 1.973, 100.0
19.74, 1.974, 100.0
19.75, 1.975, 100.0
19.76, 1.976, 100.0
19.77, 1.977, 100.0
19.78, 1.978, 100.0
19.79, 1.979, 100.0
19.80, 1.980, 100.0
19.81, 1.981, 100.0
19.82, 1.982, 100.0
19.83, 1.983, 100.0
19.84, 1.984, 100.0
19.85, 1.985, 100.0
19.86, 1.986, 100.0
19.87, 1.987, 100.0
19.88, 1.988, 100.0
19.89, 1.989, 100.0
19.90, 1.990, 100.0
19.91, 1.991, 100.0
19.92, 1.992, 100.0
19.93, 1.993, 100.0
19.94, 1.994, 100.0
19.95, 1.995, 100.0
19.96, 1.996, 100.0
19.97, 1.997, 100.0
19.98, 1.998, 100.0
19.99, 1.999, 100.0
20.00, 2.000, 100.0
20.01, 1.999, 100.0
20.02, 1.998, 100.0
20.03, 1.997, 100.0
20.04, 1.996, 100.0
20.05, 1.995, 100.0
20.06, 1.994, 100.0
20.07, 1.993, 100.0
20.08, 1.992, 100.0
20.09, 1.991, 100.0
20.10, 1.990, 100.0
20.11, 1.989, 100.0
20.12, 1.988, 100.0
20.13, 1.987, 100.0
20.14, 1.986, 100.0
20.15, 1.985, 100.0
20.16, 1.984, 100.0
20.17, 1.983, 100.0
20.18, 1.982, 100.0
20.19, 1.981, 100.0
20.20, 1.980, 100.0
20.21, 1.979, 100.0
20.22, 1.978, 100.0
20.23, 1.977, 100.0
20.24, 1.976, 100.0
20.25, 1.975, 100.0
20.26, 1.974, 100.0
20.27, 1.973, 100.0
20.28, 1.972, 100.0
20.29, 1.971, 100.0
20.30, 1.970, 100.0
20.31, 1.969, 100.0
20.32, 1.968, 100.0
20.33, 1.967, 100.0
20.34, 1.966, 100.0
20.35, 1.965, 100.0
20.36, 1.964, 100.0
20.37, 1.963, 100.0
20.38, 1.962, 100.0
20.39, 1.961, 100.0
20.40, 1.960, 100.0
20.41, 1.959, 100.0
20.42, 1.958, 100.0
20.43, 1.957, 100.0
20.44, 1.956, 100.0
20.45, 1.955, 100.0
20.46, 1.954, 100.0
20.47, 1.953, 100.0
20.48, 1.952, 100.0
20.49, 1.951, 100.0
20.50, 1.950, 100.0
20.51, 1.949, 100.0
20.52, 1.948, 100.0
20.53, 1.947, 100.0
20.54, 1.946, 100.0
20.55, 1.945, 100.0
20.56, 1.944, 100.0
20.57, 1.943, 100.0
20.58, 1.942, 100.0
20.59, 1.941, 100.0
20.60, 1.940, 100.0
20.61, 1.939, 100.0
20.62, 1.938, 100.0
20.63, 1.937, 100.0
20.64, 1.936, 100.0
20.65, 1.935, 100.0
20.66, 1.934, 100.0
20.67, 1.933, 100.0
20.68, 1.932, 100.0
20.69, 1.931, 100.0
20.70, 1.930, 100.0
20.71, 1.929, 100.0
20.72, 1.928, 100.0
20.73, 1.927, 100.0
20.74, 1.926, 100.0
20.75, 1.925, 100.0
20.76, 1.924, 100.0
20.77, 1.923, 100.0
20.78, 1.922, 100.0
20.79, 1.921, 100.0
20.80, 1.920, 100.0
20.81, 1.919, 100.0
20.82, 1.918, 100.0
20.83, 1.917, 100.0
20.84, 1.916, 100.0
20.85, 1.915, 100.0
20.86, 1.914, 100.0
20.87, 1.913, 100.0
20.88, 1.912, 100.0
20.89, 1.911, 100.0
20.90, 1.910, 100.0
20.91, 1.909, 100.0
20.92, 1.908, 100.0
20.93, 1.907, 100.0
20.94, 1.906, 100.0
20.95, 1.905, 100.0
20.96, 1.904, 100.0
20.97, 1.903, 100.0
20.98, 1.902, 100.0
20.99, 1.901, 100.0
21.00, 1.900, 100.0
21.01, 1.899, 100.0
21.02, 1.898, 100.0
21.03, 1.897, 100.0
21.04, 1.896, 100.0
21.05, 1.895, 100.0
21.06, 1.894, 100.0
21.07, 1.893, 100.0
21.08, 1.892, 100.0
21.09, 1.891, 100.0
21.10, 1.890, 100.0
21.11, 1.889, 100.0
21.12, 1.888, 100.0
21.13, 1.887, 100.0
21.14, 1.886, 100.0
21.15, 1.885, 100.0
21.16, 1.884, 100.0
21.17, 1.883, 100.0
21.18, 1.882, 100.0
21.19, 1.881, 100.0
21.20, 1.880, 100.0
21.21, 1.879, 100.0
21.22, 1.878, 100.0
21.23, 1.877, 100.0
21.24, 1.876, 100.0
21.25, 1.875, 100.0
21.26, 1.874, 100.0
21.27, 1.873, 100.0
21.28, 1.872, 100.0
21.29, 1.871, 100.0
21.30, 1.870, 99.90
21.31, 1.869, 99.94
21.32, 1.868, 99.87
21.33, 1.867, 99.21
21.34, 1.866, 98.48
21.35, 1.865, 98.74
21.36, 1.864, 98.17
21.37, 1.863, 96.34
21.38, 1.862, 96.25
21.39, 1.861, 93.05
21.40, 1.860, 94.62
21.41, 1.859, 94.58
21.42, 1.858, 93.12
21.43, 1.857, 90.99
21.44, 1.856, 89.74
21.45, 1.855, 88.75
21.46, 1.854, 88.92
21.47, 1.853, 87.54
21.48, 1.852, 85.83
21.49, 1.851, 85.40
21.50, 1.850, 83.95
21.51, 1.849, 83.31
21.52, 1.848, 84.10
21.53, 1.847, 80.70
21.54, 1.846, 80.35
21.55, 1.845, 78.83
21.56, 1.844, 78.77
21.57, 1.843, 77.35
21.58, 1.842, 76.22
21.59, 1.841, 75.64
21.60, 1.840, 74.56
21.61, 1.839, 72.78
21.62, 1.838, 72.62
21.63, 1.837, 74.29
21.64, 1.836, 73.09
21.65, 1.835, 69.44
21.66, 1.834, 68.90
21.67, 1.833, 67.80
21.68, 1.832, 69.02
21.69, 1.831, 67.00
21.70, 1.830, 66.67
21.71, 1.829, 64.60
21.72, 1.828, 62.65
21.73, 1.827, 63.23
21.74, 1.826, 63.65
21.75, 1.825, 62.02
21.76, 1.824, 60.07
21.77, 1.823, 58.75
21.78, 1.822, 58.78
21.79, 1.821, 59.40
21.80, 1.820, 59.71
21.81, 1.819, 56.78
21.82, 1.818, 55.65
21.83, 1.817, 56.17
21.84, 1.816, 57.01
21.85, 1.815, 56.22
21.86, 1.814, 54.26
21.87, 1.813, 53.91
21.88, 1.812, 52.76
21.89, 1.811, 53.62
21.90, 1.810, 53.38
21.91, 1.809, 51.44
21.92, 1.808, 51.32
21.93, 1.807, 50.04
21.94, 1.806, 49.70
21.95, 1.805, 49.92
21.96, 1.804, 49.96
21.97, 1.803, 48.34
21.98, 1.802, 45.46
21.99, 1.801, 47.06
22.00, 1.800, 46.58
22.01, 1.799, 47.79
22.02, 1.798, 44.56
22.03, 1.797, 44.89
22.04, 1.796, 43.28
22.05, 1.795, 42.55
22.06, 1.794, 44.52
22.07, 1.793, 43.04
22.08, 1.792, 42.93
22.09, 1.791, 41.10
22.10, 1.790, 40.93
22.11, 1.789, 40.81
22.12, 1.788, 41.35
22.13, 1.787, 40.49
22.14, 1.786, 38.35
22.15, 1.785, 36.46
22.16, 1.784, 37.44
22.17, 1.783, 37.83
22.18, 1.782, 38.77
22.19, 1.781, 35.98
22.20, 1.780, 33.82
22.21, 1.779, 34.86
22.22, 1.778, 36.00
22.23, 1.777, 34.68
22.24, 1.776, 34.79
22.25, 1.775, 33.06
22.26, 1.774, 32.79
22.27, 1.773, 34.35
22.28, 1.772, 33.95
22.29, 1.771, 33.34
22.30, 1.770, 31.93
22.31, 1.769, 30.63
22.32, 1.768, 31.95
22.33, 1.767, 32.31
22.34, 1.766, 31.21
22.35, 1.765, 29.32
22.36, 1.764, 29.37
22.37, 1.763, 28.91
22.38, 1.762, 31.91
22.39, 1.761, 29.71
22.40, 1.760, 27.21
22.41, 1.759, 27.53
22.42, 1.758, 28.14
22.43, 1.757, 28.42
22.44, 1.756, 27.12
22.45, 1.755, 27.29
22.46, 1.754, 25.76
22.47, 1.753, 26.38
22.48, 1.752, 27.05
22.49, 1.751, 27.27
22.50, 1.750, 27.56
22.51, 1.749, 25.28
22.52, 1.748, 25.26
22.53, 1.747, 25.45
22.54, 1.746, 27.07
22.55, 1.745, 25.75
22.56, 1.744, 23.80
22.57, 1.743, 22.80
22.58, 1.742, 23.57
22.59, 1.741, 23.83
22.60, 1.740, 22.89
22.61, 1.739, 22.63
22.62, 1.738, 21.24
22.63, 1.737, 20.42
22.64, 1.736, 21.25
22.65, 1.735, 23.67
22.66, 1.734, 23.03
22.67, 1.733, 21.48
22.68, 1.732, 20.12
22.69, 1.731, 19.23
22.70, 1.730, 22.88
22.71, 1.729, 21.47
22.72, 1.728, 20.67
22.73, 1.727, 20.18
22.74, 1.726, 19.00
22.75, 1.725, 19.45
22.76, 1.724, 22.18
22.77, 1.723, 20.81
22.78, 1.722, 19.24
22.79, 1.721, 19.03
22.80, 1.720, 17.91
22.81, 1.719, 17.89
22.82, 1.718, 19.44
22.83, 1.717, 18.93
22.84, 1.716, 18.26
22.85, 1.715, 18.67
22.86, 1.714, 17.06
22.87, 1.713, 17.97
22.88, 1.712, 18.95
22.89, 1.711, 17.06
22.90, 1.710, 17.12
22.91, 1.709, 15.92
22.92, 1.708, 16.09
22.93, 1.707, 17.89
22.94, 1.706, 16.94
22.95, 1.705, 17.17
22.96, 1.704, 15.62
22.97, 1.703, 13.81
22.98, 1.702, 15.68
22.99, 1.701, 16.96
23.00, 1.700, 15.05
23.01, 1.699, 14.68
23.02, 1.698, 12.49
23.03, 1.697, 12.99
23.04, 1.696, 13.32
23.05, 1.695, 14.10
23.06, 1.694, 15.30
23.07, 1.693, 15.37
23.08, 1.692, 13.10
23.09, 1.691, 13.13
23.10, 1.690, 12.91
23.11, 1.689, 13.55
23.12, 1.688, 15.88
23.13, 1.687, 14.38
23.14, 1.686, 13.88
23.15, 1.685, 11.96
23.16, 1.684, 12.85
23.17, 1.683, 14.01
23.18, 1.682, 14.58
23.19, 1.681, 13.89
23.20, 1.680, 11.59
23.21, 1.679, 10.92
23.22, 1.678, 12.14
23.23, 1.677, 13.27
23.24, 1.676, 11.81
23.25, 1.675, 11.96
23.26, 1.674, 10.88
23.27, 1.673, 9.050
23.28, 1.672, 12.75
23.29, 1.671, 14.15
23.30, 1.670, 13.15
23.31, 1.669, 11.46
23.32, 1.668, 10.72
23.33, 1.667, 10.39
23.34, 1.666, 10.64
23.35, 1.665, 13.43
23.36, 1.664, 11.26
23.37, 1.663, 11.34
23.38, 1.662, 9.716
23.39, 1.661, 9.704
23.40, 1.660, 9.774
23.41, 1.659, 12.42
23.42, 1.658, 9.350
23.43, 1.657, 9.748
23.44, 1.656, 8.431
23.45, 1.655, 9.686
23.46, 1.654, 9.661
23.47, 1.653, 10.07
23.48, 1.652, 9.904
23.49, 1.651, 8.641
23.50, 1.650, 8.752
23.51, 1.649, 11.15
23.52, 1.648, 11.08
23.53, 1.647, 9.060
23.54, 1.646, 8.882
23.55, 1.645, 7.959
23.56, 1.644, 9.220
23.57, 1.643, 10.68
23.58, 1.642, 10.00
23.59, 1.641, 10.73
23.60, 1.640, 8.802
23.61, 1.639, 7.165
23.62, 1.638, 8.924
23.63, 1.637, 10.41
23.64, 1.636, 10.58
23.65, 1.635, 9.449
23.66, 1.634, 7.629
23.67, 1.633, 7.309
23.68, 1.632, 9.640
23.69, 1.631, 9.343
23.70, 1.630, 9.091
23.71, 1.629, 7.597
23.72, 1.628, 7.870
23.73, 1.627, 9.376
23.74, 1.626, 9.505
23.75, 1.625, 9.171
23.76, 1.624, 7.729
23.77, 1.623, 7.508
23.78, 1.622, 10.19
23.79, 1.621, 9.599
23.80, 1.620, 8.638
23.81, 1.619, 7.698
23.82, 1.618, 6.712
23.83, 1.617, 6.872
23.84, 1.616, 7.126
23.85, 1.615, 6.634
23.86, 1.614, 5.802
23.87, 1.613, 5.714
23.88, 1.612, 7.137
23.89, 1.611, 7.876
23.90, 1.610, 7.997
23.91, 1.609, 7.363
23.92, 1.608, 5.300
23.93, 1.607, 6.136
23.94, 1.606, 7.514
23.95, 1.605, 6.409
23.96, 1.604, 6.747
23.97, 1.603, 5.782
23.98, 1.602, 5.948
23.99, 1.601, 7.155
24.00, 1.600, 7.620
24.01, 1.599, 6.437
24.02, 1.598, 6.548
24.03, 1.597, 5.015
24.04, 1.596, 6.864
24.05, 1.595, 7.999
24.06, 1.594, 6.694
24.07, 1.593, 6.547
24.08, 1.592, 6.637
24.09, 1.591, 8.184
24.10, 1.590, 8.466
24.11, 1.589, 6.732
24.12, 1.588, 7.656
24.13, 1.587, 5.782
24.14, 1.586, 6.827
24.15, 1.585, 7.959
24.16, 1.584, 6.989
24.17, 1.583, 7.531
24.18, 1.582, 5.263
24.19, 1.581, 6.244
24.20, 1.580, 7.061
24.21, 1.579, 7.855
24.22, 1.578, 6.423
24.23, 1.577, 5.304
24.24, 1.576, 3.901
24.25, 1.575, 5.153
24.26, 1.574, 6.752
24.27, 1.573, 6.020
24.28, 1.572, 5.434
24.29, 1.571, 4.212
24.30, 1.570, 4.023
24.31, 1.569, 4.806
24.32, 1.568, 6.431
24.33, 1.567, 6.232
24.34, 1.566, 5.245
24.35, 1.565, 4.510
24.36, 1.564, 4.351
24.37, 1.563, 7.456
24.38, 1.562, 6.076
24.39, 1.561, 6.825
24.40, 1.560, 5.794
24.41, 1.559, 4.001
24.42, 1.558, 3.650
24.43, 1.557, 5.749
24.44, 1.556, 7.335
24.45, 1.555, 6.158
24.46, 1.554, 5.781
24.47, 1.553, 4.699
24.48, 1.552, 3.584
24.49, 1.551, 4.416
24.50, 1.550, 6.678
24.51, 1.549, 4.888
24.52, 1.548, 4.783
24.53, 1.547, 4.398
24.54, 1.546, 4.493
24.55, 1.545, 5.234
24.56, 1.544, 6.292
24.57, 1.543, 6.082
24.58, 1.542, 4.749
24.59, 1.541, 4.892
24.60, 1.540, 3.995
24.61, 1.539, 3.906
24.62, 1.538, 6.110
24.63, 1.537, 6.276
24.64, 1.536, 5.411
24.65, 1.535, 4.113
24.66, 1.534, 3.690
24.67, 1.533, 3.077
24.68, 1.532, 3.005
24.69, 1.531, 4.219
24.70, 1.530, 5.153
24.71, 1.529, 2.992
24.72, 1.528, 3.393
24.73, 1.527, 3.047
24.74, 1.526, 3.316
24.75, 1.525, 5.326
24.76, 1.524, 5.814
24.77, 1.523, 5.321
24.78, 1.522, 4.793
24.79, 1.521, 5.369
24.80, 1.520, 3.601
24.81, 1.519, 2.586
24.82, 1.518, 2.065
24.83, 1.517, 5.465
24.84, 1.516, 6.110
24.85, 1.515, 3.857
24.86, 1.514, 3.934
24.87, 1.513, 5.001
24.88, 1.512, 3.711
24.89, 1.511, 4.820
24.90, 1.510, 6.083
24.91, 1.509, 5.643
24.92, 1.508, 5.197
24.93, 1.507, 4.283
24.94, 1.506, 2.625
24.95, 1.505, 4.198
24.96, 1.504, 4.932
24.97, 1.503, 4.739
24.98, 1.502, 4.058
24.99, 1.501, 4.069
25.00, 1.500, 2.336
25.01, 1.499, 3.220
25.02, 1.498, 4.555
25.03, 1.497, 3.775
25.04, 1.496, 3.637
25.05, 1.495, 4.441
25.06, 1.494, 4.322
25.07, 1.493, 3.479
25.08, 1.492, 3.079
25.09, 1.491, 4.383
25.10, 1.490, 4.744
25.11, 1.489, 3.094
25.12, 1.488, 2.090
25.13, 1.487, 1.988
25.14, 1.486, 1.902
25.15, 1.485, 3.400
25.16, 1.484, 4.383
25.17, 1.483, 3.959
25.18, 1.482, 4.321
25.19, 1.481, 2.709
25.20, 1.480, 3.150
25.21, 1.479, 4.032
25.22, 1.478, 4.254
25.23, 1.477, 4.756
25.24, 1.476, 5.761
25.25, 1.475, 3.179
25.26, 1.474, 2.186
25.27, 1.473, 2.517
25.28, 1.472, 4.408
25.29, 1.471, 4.331
25.30, 1.470, 4.570
25.31, 1.469, 3.753
25.32, 1.468, 3.656
25.33, 1.467, 1.445
25.34, 1.466, 4.126
25.35, 1.465, 5.302
25.36, 1.464, 4.782
25.37, 1.463, 4.189
25.38, 1.462, 3.146
25.39, 1.461, 3.467
25.40, 1.460, 1.655
25.41, 1.459, 2.351
25.42, 1.458, 3.598
25.43, 1.457, 2.943
25.44, 1.456, 4.128
25.45, 1.455, 3.293
25.46, 1.454, 1.939
25.47, 1.453, 2.915
25.48, 1.452, 5.260
25.49, 1.451, 4.957
25.50, 1.450, 3.269
25.51, 1.449, 2.484
25.52, 1.448, 1.731
25.53, 1.447, 0.4238
25.54, 1.446, 1.489
25.55, 1.445, 1.624
25.56, 1.444, 2.649
25.57, 1.443, 2.481
25.58, 1.442, 2.693
25.59, 1.441, 2.799
25.60, 1.440, 2.098
25.61, 1.439, 2.146
25.62, 1.438, 2.979
25.63, 1.437, 3.186
25.64, 1.436, 4.694
25.65, 1.435, 4.211
25.66, 1.434, 3.107
25.67, 1.433, 3.351
25.68, 1.432, 2.731
25.69, 1.431, 1.243
25.70, 1.430, 3.344
25.71, 1.429, 4.737
25.72, 1.428, 3.583
25.73, 1.427, 3.100
25.74, 1.426, 3.653
25.75, 1.425, 2.055
25.76, 1.424, 2.347
25.77, 1.423, 4.351
25.78, 1.422, 4.833
25.79, 1.421, 3.551
25.80, 1.420, 3.461
25.81, 1.419, 1.452
25.82, 1.418, 1.872
25.83, 1.417, 3.291
25.84, 1.416, 3.599
25.85, 1.415, 2.804
25.86, 1.414, 2.819
25.87, 1.413, 2.136
25.88, 1.412, 1.800
25.89, 1.411, 1.639
25.90, 1.410, 3.727
25.91, 1.409, 4.710
25.92, 1.408, 4.018
25.93, 1.407, 2.666
25.94, 1.406, 1.643
25.95, 1.405, -0.1307
25.96, 1.404, 1.044
25.97, 1.403, 2.170
25.98, 1.402, 3.000
25.99, 1.401, 1.880
26.00, 1.400, 0.9146
26.01, 1.399, 0.3133
26.02, 1.398, 1.323
26.03, 1.397, 2.957
26.04, 1.396, 2.881
26.05, 1.395, 2.585
26.06, 1.394, 2.324
26.07, 1.393, 0.9315
26.08, 1.392, 1.954
26.09, 1.391, 3.583
26.10, 1.390, 3.910
26.11, 1.389, 3.100
26.12, 1.388, 1.069
26.13, 1.387, 0.7777
26.14, 1.386, 2.295
26.15, 1.385, 3.630
26.16, 1.384, 3.475
26.17, 1.383, 1.884
26.18, 1.382, 0.2256
26.19, 1.381, 0.6349
26.20, 1.380, 2.755
26.21, 1.379, 3.845
26.22, 1.378, 2.153
26.23, 1.377, 1.846
26.24, 1.376, -0.05360
26.25, 1.375, 0.04666
26.26, 1.374, 2.324
26.27, 1.373, 4.323
26.28, 1.372, 3.062
26.29, 1.371, 1.947
26.30, 1.370, 1.547
26.31, 1.369, 1.015
26.32, 1.368, 0.5942
26.33, 1.367, 1.040
26.34, 1.366, 2.156
26.35, 1.365, 1.908
26.36, 1.364, 1.137
26.37, 1.363, 0.5675
26.38, 1.362, -1.083
26.39, 1.361, -0.1682
26.40, 1.360, 0.4419
26.41, 1.359, 2.180
26.42, 1.358, 2.316
26.43, 1.357, 1.654
26.44, 1.356, 1.778
26.45, 1.355, 0.9251
26.46, 1.354, 1.069
26.47, 1.353, 2.043
26.48, 1.352, 3.389
26.49, 1.351, 0.7369
26.50, 1.350, 2.416
26.51, 1.349, -0.5582
26.52, 1.348, -1.147
26.53, 1.347, 0.2108
26.54, 1.346, 2.007
26.55, 1.345, 1.567
26.56, 1.344, 1.903
26.57, 1.343, 1.489
26.58, 1.342, 0.03183
26.59, 1.341, 1.420
26.60, 1.340, 2.113
26.61, 1.339, 1.480
26.62, 1.338, 1.811
26.63, 1.337, 0.1703
26.64, 1.336, 1.593
26.65, 1.335, 1.551
26.66, 1.334, 1.888
26.67, 1.333, 0.9250
26.68, 1.332, 0.9707
26.69, 1.331, -1.052
26.70, 1.330, 1.748
26.71, 1.329, 2.669
26.72, 1.328, 1.504
26.73, 1.327, 0.07476
26.74, 1.326, -0.6969
26.75, 1.325, -0.5164
26.76, 1.324, -0.6714
26.77, 1.323, 2.599
26.78, 1.322, 0.9582
26.79, 1.321, 0.2295
26.80, 1.320, -2.001
26.81, 1.319, -2.664
26.82, 1.318, -0.5100
26.83, 1.317, 0.2773
26.84, 1.316, 1.025
26.85, 1.315, -0.3788
26.86, 1.314, -1.469
26.87, 1.313, -0.6108
26.88, 1.312, -0.8201
26.89, 1.311, 1.371
26.90, 1.310, 0.2324
26.91, 1.309, -0.7963
26.92, 1.308, -0.2477
26.93, 1.307, -0.7939
26.94, 1.306, -1.160
26.95, 1.305, 1.410
26.96, 1.304, 2.341
26.97, 1.303, 1.506
26.98, 1.302, 1.107
26.99, 1.301, 0.2353
27.00, 1.300, -0.6537
27.01, 1.299, 0.01856
27.02, 1.298, 1.015
27.03, 1.297, 0.2887
27.04, 1.296, 0.4762
27.05, 1.295, -1.175
27.06, 1.294, -1.264
27.07, 1.293, 0.6149
27.08, 1.292, 1.843
27.09, 1.291, 0.6465
27.10, 1.290, -0.5406
27.11, 1.289, -1.428
27.12, 1.288, 0.4525
27.13, 1.287, 1.265
27.14, 1.286, 0.8213
27.15, 1.285, -0.1425
27.16, 1.284, -0.6510
27.17, 1.283, -0.9301
27.18, 1.282, 0.4818
27.19, 1.281, 1.942
27.20, 1.280, -1.465
27.21, 1.279, -2.796
27.22, 1.278, -2.760
27.23, 1.277, -2.582
27.24, 1.276, -1.382
27.25, 1.275, -1.684
27.26, 1.274, -0.8131
27.27, 1.273, -1.428
27.28, 1.272, -0.9612
27.29, 1.271, 1.442
27.30, 1.270, -0.2251
27.31, 1.269, -2.820
27.32, 1.268, -2.328
27.33, 1.267, 0.2366
27.34, 1.266, 0.1836
27.35, 1.265, -0.2057
27.36, 1.264, -0.3466
27.37, 1.263, -1.451
27.38, 1.262, -0.1560
27.39, 1.261, 1.826
27.40, 1.260, 0.9068
27.41, 1.259, -0.4961
27.42, 1.258, -0.8171
27.43, 1.257, -1.466
27.44, 1.256, 0.02002
27.45, 1.255, 0.6026
27.46, 1.254, -1.235
27.47, 1.253, -0.5122
27.48, 1.252, -0.1764
27.49, 1.251, -0.3981
27.50, 1.250, 1.884
27.51, 1.249, -0.02176
27.52, 1.248, -0.1451
27.53, 1.247, -0.7995
27.54, 1.246, -1.232
27.55, 1.245, 0.3259
27.56, 1.244, 1.258
27.57, 1.243, 0.1578
27.58, 1.242, -0.5726
27.59, 1.241, -2.147
27.60, 1.240, -1.758
27.61, 1.239, 0.1204
27.62, 1.238, 0.4927
27.63, 1.237, -1.268
27.64, 1.236, -2.405
27.65, 1.235, -2.086
27.66, 1.234, -2.294
27.67, 1.233, -0.7702
27.68, 1.232, -2.267
27.69, 1.231, -1.375
27.70, 1.230, -2.784
27.71, 1.229, -2.041
27.72, 1.228, 0.8816
27.73, 1.227, -0.8545
27.74, 1.226, -0.9860
27.75, 1.225, -2.759
27.76, 1.224, -2.098
27.77, 1.223, 1.789
27.78, 1.222, 0.6780
27.79, 1.221, -0.7846
27.80, 1.220, -2.239
27.81, 1.219, -2.905
27.82, 1.218, 0.2250
27.83, 1.217, -0.6407
27.84, 1.216, 1.357
27.85, 1.215, -1.719
27.86, 1.214, -2.495
27.87, 1.213, 1.013
27.88, 1.212, 0.2656
27.89, 1.211, -1.795
27.90, 1.210, -1.262
27.91, 1.209, -1.853
27.92, 1.208, -0.4042
27.93, 1.207, 1.106
27.94, 1.206, 0.5964
27.95, 1.205, -0.2946
27.96, 1.204, -1.397
27.97, 1.203, -1.103
27.98, 1.202, 1.326
27.99, 1.201, 1.304
28.00, 1.200, -0.6602
28.01, 1.199, -1.831
28.02, 1.198, -2.395
28.03, 1.197, -1.858
28.04, 1.196, 0.05578
28.05, 1.195, -2.133
28.06, 1.194, -3.727
28.07, 1.193, -3.893
28.08, 1.192, -1.823
28.09, 1.191, -0.8907
28.10, 1.190, -0.5340
28.11, 1.189, -2.943
28.12, 1.188, -1.932
28.13, 1.187, -1.370
28.14, 1.186, -1.141
28.15, 1.185, -1.164
28.16, 1.184, -0.6189
28.17, 1.183, -2.613
28.18, 1.182, -1.990
28.19, 1.181, -0.6296
28.20, 1.180, 0.6652
28.21, 1.179, -0.6263
28.22, 1.178, -2.807
28.23, 1.177, -1.738
28.24, 1.176, -1.489
28.25, 1.175, 0.6264
28.26, 1.174, -0.9159
28.27, 1.173, -2.121
28.28, 1.172, -1.461
28.29, 1.171, 0.6227
28.30, 1.170, -1.156
28.31, 1.169, -0.9834
28.32, 1.168, -2.693
28.33, 1.167, -1.979
28.34, 1.166, 0.3858
28.35, 1.165, -2.016
28.36, 1.164, -0.7930
28.37, 1.163, -2.125
28.38, 1.162, -0.6096
28.39, 1.161, 1.031
28.40, 1.160, -1.045
28.41, 1.159, -1.663
28.42, 1.158, -2.117
28.43, 1.157, -0.2308
28.44, 1.156, 0.5400
28.45, 1.155, -1.328
28.46, 1.154, -2.311
28.47, 1.153, -4.398
28.48, 1.152, -1.523
28.49, 1.151, -1.870
28.50, 1.150, -2.129
28.51, 1.149, -3.171
28.52, 1.148, -4.069
28.53, 1.147, -3.395
28.54, 1.146, -1.148
28.55, 1.145, -1.384
28.56, 1.144, -2.987
28.57, 1.143, -2.997
28.58, 1.142, -2.123
28.59, 1.141, -0.4725
28.60, 1.140, -1.522
28.61, 1.139, -1.589
28.62, 1.138, -1.388
28.63, 1.137, 0.3840
28.64, 1.136, -1.272
28.65, 1.135, -0.4382
28.66, 1.134, -2.028
28.67, 1.133, -3.480
28.68, 1.132, -0.1636
28.69, 1.131, -2.718
28.70, 1.130, -0.7565
28.71, 1.129, -2.083
28.72, 1.128, -2.304
28.73, 1.127, 0.1226
28.74, 1.126, -1.940
28.75, 1.125, -0.7282
28.76, 1.124, -2.947
28.77, 1.123, -0.9764
28.78, 1.122, -0.2186
28.79, 1.121, -1.069
28.80, 1.120, -1.947
28.81, 1.119, -1.548
28.82, 1.118, 0.3508
28.83, 1.117, -0.5231
28.84, 1.116, 0.6226
28.85, 1.115, -1.661
28.86, 1.114, -2.648
28.87, 1.113, -1.451
28.88, 1.112, -3.187
28.89, 1.111, -2.771
28.90, 1.110, -2.939
28.91, 1.109, -3.155
28.92, 1.108, -0.9313
28.93, 1.107, -0.6239
28.94, 1.106, -3.331
28.95, 1.105, -2.925
28.96, 1.104, -1.547
28.97, 1.103, -0.9268
28.98, 1.102, -1.574
28.99, 1.101, -1.269
29.00, 1.100, -3.111
29.01, 1.099, -1.276
29.02, 1.098, -0.2379
29.03, 1.097, -2.200
29.04, 1.096, -2.027
29.05, 1.095, -3.052
29.06, 1.094, -1.125
29.07, 1.093, -0.4557
29.08, 1.092, -2.121
29.09, 1.091, -2.130
29.10, 1.090, -1.675
29.11, 1.089, -0.6747
29.12, 1.088, -0.06903
29.13, 1.087, -0.5399
29.14, 1.086, -2.228
29.15, 1.085, -2.481
29.16, 1.084, -0.7019
29.17, 1.083, -0.7463
29.18, 1.082, -1.153
29.19, 1.081, -2.357
29.20, 1.080, -1.809
29.21, 1.079, -3.007
29.22, 1.078, -0.08731
29.23, 1.077, -0.2414
29.24, 1.076, -2.108
29.25, 1.075, -1.568
29.26, 1.074, -2.088
29.27, 1.073, -0.4457
29.28, 1.072, 0.8225
29.29, 1.071, -1.078
29.30, 1.070, -2.239
29.31, 1.069, -3.990
29.32, 1.068, -3.237
29.33, 1.067, -0.8918
29.34, 1.066, -2.124
29.35, 1.065, -3.088
29.36, 1.064, -3.679
29.37, 1.063, -0.6160
29.38, 1.062, -0.6658
29.39, 1.061, -1.265
29.40, 1.060, -1.346
29.41, 1.059, -3.420
29.42, 1.058, -3.259
29.43, 1.057, -1.326
29.44, 1.056, -1.227
29.45, 1.055, -1.409
29.46, 1.054, -2.123
29.47, 1.053, -3.327
29.48, 1.052, -1.558
29.49, 1.051, -0.1573
29.50, 1.050, -1.355
29.51, 1.049, -0.8940
29.52, 1.048, -2.125
29.53, 1.047, -2.614
29.54, 1.046, -1.166
29.55, 1.045, -0.8729
29.56, 1.044, -1.179
29.57, 1.043, -2.484
29.58, 1.042, -2.358
29.59, 1.041, -0.6396
29.60, 1.040, -0.2127
29.61, 1.039, -1.663
29.62, 1.038, -1.354
29.63, 1.037, -1.865
29.64, 1.036, -3.003
29.65, 1.035, -2.557
29.66, 1.034, -0.2164
29.67, 1.033, -0.8650
29.68, 1.032, -0.3968
29.69, 1.031, -1.468
29.70, 1.030, -2.989
29.71, 1.029, -1.079
29.72, 1.028, -1.222
29.73, 1.027, -2.081
29.74, 1.026, -2.397
29.75, 1.025, -3.212
29.76, 1.024, -3.657
29.77, 1.023, -2.853
29.78, 1.022, -0.8504
29.79, 1.021, -2.082
29.80, 1.020, -2.745
29.81, 1.019, -2.342
29.82, 1.018, -2.744
29.83, 1.017, -1.875
29.84, 1.016, -0.1513
29.85, 1.015, -1.096
29.86, 1.014, -1.787
29.87, 1.013, -3.575
29.88, 1.012, -2.221
29.89, 1.011, -1.357
29.90, 1.010, 0.8388
29.91, 1.009, -1.231
29.92, 1.008, -2.105
29.93, 1.007, -2.004
29.94, 1.006, -2.627
29.95, 1.005, -0.3096
29.96, 1.004, -1.035
29.97, 1.003, -1.650
29.98, 1.002, -2.844
29.99, 1.001, -2.335
30.00, 1.000, -0.04822
30.01, 0.9990, 0.02392
30.02, 0.9980, -1.115
30.03, 0.9970, -1.604
30.04, 0.9960, -2.529
30.05, 0.9950, -1.996
30.06, 0.9940, -0.4576
30.07, 0.9930, 0.3888
30.08, 0.9920, -1.772
30.09, 0.9910, -1.091
30.10, 0.9900, -2.322
30.11, 0.9890, -2.595
30.12, 0.9880, -1.484
30.13, 0.9870, -1.204
30.14, 0.9860, -1.968
30.15, 0.9850, -1.175
30.16, 0.9840, -3.022
30.17, 0.9830, -4.694
30.18, 0.9820, -2.250
30.19, 0.9810, -0.7639
30.20, 0.9800, -2.430
30.21, 0.9790, -2.470
30.22, 0.9780, -2.850
30.23, 0.9770, -3.852
30.24, 0.9760, -2.418
30.25, 0.9750, -1.812
30.26, 0.9740, -0.8138
30.27, 0.9730, -2.402
30.28, 0.9720, -3.027
30.29, 0.9710, -3.332
30.30, 0.9700, -2.892
30.31, 0.9690, -1.049
30.32, 0.9680, -0.4290
30.33, 0.9670, -1.624
30.34, 0.9660, -2.054
30.35, 0.9650, -1.826
30.36, 0.9640, -0.1984
30.37, 0.9630, 0.5441
30.38, 0.9620, -1.876
30.39, 0.9610, -2.862
30.40, 0.9600, -2.880
30.41, 0.9590, -1.590
30.42, 0.9580, -0.4044
30.43, 0.9570, -0.5909
30.44, 0.9560, -2.153
30.45, 0.9550, -2.065
30.46, 0.9540, -3.395
30.47, 0.9530, -0.7990
30.48, 0.9520, -0.7750
30.49, 0.9510, -1.352
30.50, 0.9500, -1.786
30.51, 0.9490, -2.742
30.52, 0.9480, -1.595
30.53, 0.9470, -0.2260
30.54, 0.9460, -2.011
30.55, 0.9450, -2.131
30.56, 0.9440, -3.509
30.57, 0.9430, -3.737
30.58, 0.9420, -1.280
30.59, 0.9410, -0.8426
30.60, 0.9400, -2.250
30.61, 0.9390, -3.747
30.62, 0.9380, -2.226
30.63, 0.9370, -3.046
30.64, 0.9360, -2.211
30.65, 0.9350, -1.413
30.66, 0.9340, -2.989
30.67, 0.9330, -3.907
30.68, 0.9320, -1.978
30.69, 0.9310, -1.126
30.70, 0.9300, -1.225
30.71, 0.9290, -2.608
30.72, 0.9280, -2.483
30.73, 0.9270, -2.130
30.74, 0.9260, -1.544
30.75, 0.9250, -1.005
30.76, 0.9240, -1.678
30.77, 0.9230, -2.340
30.78, 0.9220, -2.622
30.79, 0.9210, -1.048
30.80, 0.9200, -1.157
30.81, 0.9190, -1.688
30.82, 0.9180, -2.831
30.83, 0.9170, -2.555
30.84, 0.9160, 0.5579
30.85, 0.9150, -1.045
30.86, 0.9140, -1.755
30.87, 0.9130, -2.423
30.88, 0.9120, -1.303
30.89, 0.9110, -0.7509
30.90, 0.9100, -1.625
30.91, 0.9090, -2.117
30.92, 0.9080, -3.368
30.93, 0.9070, -2.845
30.94, 0.9060, -1.742
30.95, 0.9050, -0.5478
30.96, 0.9040, -2.010
30.97, 0.9030, -2.509
30.98, 0.9020, -3.803
30.99, 0.9010, -3.459
31.00, 0.9000, -2.024
31.01, 0.8990, -1.778
31.02, 0.8980, -2.271
31.03, 0.8970, -3.590
31.04, 0.8960, -3.390
31.05, 0.8950, -1.729
31.06, 0.8940, -1.418
31.07, 0.8930, -1.795
31.08, 0.8920, -3.279
31.09, 0.8910, -2.855
31.10, 0.8900, -1.351
31.11, 0.8890, -2.496
31.12, 0.8880, -1.557
31.13, 0.8870, -2.202
31.14, 0.8860, -3.016
31.15, 0.8850, -1.633
31.16, 0.8840, -0.9784
31.17, 0.8830, -1.928
31.18, 0.8820, -1.961
31.19, 0.8810, -3.138
31.20, 0.8800, -1.837
31.21, 0.8790, -0.4238
31.22, 0.8780, -1.243
31.23, 0.8770, -2.623
31.24, 0.8760, -3.434
31.25, 0.8750, -2.597
31.26, 0.8740, -0.7076
31.27, 0.8730, -1.897
31.28, 0.8720, -2.281
31.29, 0.8710, -4.153
31.30, 0.8700, -2.485
31.31, 0.8690, -2.254
31.32, 0.8680, -1.895
31.33, 0.8670, -0.6637
31.34, 0.8660, -2.780
31.35, 0.8650, -1.098
31.36, 0.8640, 0.6218
31.37, 0.8630, -1.611
31.38, 0.8620, -1.510
31.39, 0.8610, -2.477
31.40, 0.8600, -2.847
31.41, 0.8590, -1.876
31.42, 0.8580, -2.650
31.43, 0.8570, -2.515
31.44, 0.8560, -4.537
31.45, 0.8550, -4.276
31.46, 0.8540, -3.235
31.47, 0.8530, -1.089
31.48, 0.8520, -2.939
31.49, 0.8510, -3.894
31.50, 0.8500, -3.742
31.51, 0.8490, -2.461
31.52, 0.8480, -2.166
31.53, 0.8470, -1.266
31.54, 0.8460, -1.341
31.55, 0.8450, -2.547
31.56, 0.8440, -2.868
31.57, 0.8430, -2.767
31.58, 0.8420, -1.498
31.59, 0.8410, -1.365
31.60, 0.8400, -3.285
31.61, 0.8390, -3.334
31.62, 0.8380, -2.075
31.63, 0.8370, -0.7748
31.64, 0.8360, -0.9432
31.65, 0.8350, -2.744
31.66, 0.8340, -3.319
31.67, 0.8330, -2.673
31.68, 0.8320, -1.659
31.69, 0.8310, -2.467
31.70, 0.8300, -1.853
31.71, 0.8290, -3.071
31.72, 0.8280, -2.788
31.73, 0.8270, -1.721
31.74, 0.8260, -1.918
31.75, 0.8250, -2.814
31.76, 0.8240, -2.735
31.77, 0.8230, -2.801
31.78, 0.8220, -1.434
31.79, 0.8210, -1.300
31.80, 0.8200, -1.069
31.81, 0.8190, -3.253
31.82, 0.8180, -4.497
31.83, 0.8170, -1.722
31.84, 0.8160, -2.926
31.85, 0.8150, -2.726
31.86, 0.8140, -2.841
31.87, 0.8130, -3.351
31.88, 0.8120, -4.546
31.89, 0.8110, -2.653
31.90, 0.8100, -1.679
31.91, 0.8090, -2.730
31.92, 0.8080, -3.271
31.93, 0.8070, -4.218
31.94, 0.8060, -3.802
31.95, 0.8050, -3.066
31.96, 0.8040, -1.615
31.97, 0.8030, -1.455
31.98, 0.8020, -1.262
31.99, 0.8010, -3.530
32.00, 0.8000, -2.872
32.01, 0.7990, -1.669
32.02, 0.7980, -2.292
32.03, 0.7970, -2.198
32.04, 0.7960, -2.588
32.05, 0.7950, -4.237
32.06, 0.7940, -3.955
32.07, 0.7930, -1.746
32.08, 0.7920, -2.296
32.09, 0.7910, -2.819
32.10, 0.7900, -2.305
32.11, 0.7890, -3.275
32.12, 0.7880, -1.729
32.13, 0.7870, -0.2703
32.14, 0.7860, -2.512
32.15, 0.7850, -2.776
32.16, 0.7840, -2.549
32.17, 0.7830, -3.664
32.18, 0.7820, -3.004
32.19, 0.7810, -1.224
32.20, 0.7800, -1.466
32.21, 0.7790, -2.404
32.22, 0.7780, -2.587
32.23, 0.7770, -3.498
32.24, 0.7760, -4.096
32.25, 0.7750, -2.109
32.26, 0.7740, -2.711
32.27, 0.7730, -3.194
32.28, 0.7720, -4.164
32.29, 0.7710, -4.813
32.30, 0.7700, -4.807
32.31, 0.7690, -3.434
32.32, 0.7680, -1.918
32.33, 0.7670, -2.795
32.34, 0.7660, -3.899
32.35, 0.7650, -5.009
32.36, 0.7640, -4.249
32.37, 0.7630, -2.191
32.38, 0.7620, -2.458
32.39, 0.7610, -1.707
32.40, 0.7600, -3.772
32.41, 0.7590, -3.251
32.42, 0.7580, -2.234
32.43, 0.7570, -1.129
32.44, 0.7560, -1.743
32.45, 0.7550, -2.985
32.46, 0.7540, -3.717
32.47, 0.7530, -4.208
32.48, 0.7520, -1.392
32.49, 0.7510, -2.116
32.50, 0.7500, -1.396
32.51, 0.7490, -3.132
32.52, 0.7480, -2.743
32.53, 0.7470, -2.191
32.54, 0.7460, -1.653
32.55, 0.7450, -2.295
32.56, 0.7440, -1.916
32.57, 0.7430, -4.431
32.58, 0.7420, -3.638
32.59, 0.7410, -1.483
32.60, 0.7400, -1.376
32.61, 0.7390, -2.052
32.62, 0.7380, -2.791
32.63, 0.7370, -3.489
32.64, 0.7360, -3.568
32.65, 0.7350, -2.958
32.66, 0.7340, -2.776
32.67, 0.7330, -3.280
32.68, 0.7320, -4.057
32.69, 0.7310, -3.945
32.70, 0.7300, -4.096
32.71, 0.7290, -2.404
32.72, 0.7280, -2.941
32.73, 0.7270, -3.451
32.74, 0.7260, -4.960
32.75, 0.7250, -4.778
32.76, 0.7240, -3.423
32.77, 0.7230, -2.200
32.78, 0.7220, -2.313
32.79, 0.7210, -3.349
32.80, 0.7200, -4.930
32.81, 0.7190, -3.440
32.82, 0.7180, -2.093
32.83, 0.7170, -3.037
32.84, 0.7160, -3.164
32.85, 0.7150, -3.696
32.86, 0.7140, -2.960
32.87, 0.7130, -1.525
32.88, 0.7120, -3.698
32.89, 0.7110, -2.322
32.90, 0.7100, -3.510
32.91, 0.7090, -3.066
32.92, 0.7080, -2.295
32.93, 0.7070, -2.990
32.94, 0.7060, -3.248
32.95, 0.7050, -2.648
32.96, 0.7040, -5.298
32.97, 0.7030, -3.645
32.98, 0.7020, -2.047
32.99, 0.7010, -2.377
33.00, 0.7000, -2.392
33.01, 0.6990, -2.787
33.02, 0.6980, -3.852
33.03, 0.6970, -3.149
33.04, 0.6960, -2.500
33.05, 0.6950, -2.671
33.06, 0.6940, -1.682
33.07, 0.6930, -3.503
33.08, 0.6920, -4.020
33.09, 0.6910, -3.583
33.10, 0.6900, -2.941
33.11, 0.6890, -4.024
33.12, 0.6880, -3.482
33.13, 0.6870, -4.959
33.14, 0.6860, -5.303
33.15, 0.6850, -3.713
33.16, 0.6840, -2.818
33.17, 0.6830, -3.825
33.18, 0.6820, -3.905
33.19, 0.6810, -4.618
33.20, 0.6800, -4.719
33.21, 0.6790, -2.803
33.22, 0.6780, -3.663
33.23, 0.6770, -3.051
33.24, 0.6760, -4.586
33.25, 0.6750, -4.576
33.26, 0.6740, -1.741
33.27, 0.6730, -1.864
33.28, 0.6720, -4.223
33.29, 0.6710, -3.464
33.30, 0.6700, -4.141
33.31, 0.6690, -4.250
33.32, 0.6680, -2.402
33.33, 0.6670, -2.274
33.34, 0.6660, -3.602
33.35, 0.6650, -2.466
33.36, 0.6640, -3.988
33.37, 0.6630, -3.792
33.38, 0.6620, -2.452
33.39, 0.6610, -2.807
33.40, 0.6600, -3.679
33.41, 0.6590, -4.188
33.42, 0.6580, -3.722
33.43, 0.6570, -2.770
33.44, 0.6560, -2.207
33.45, 0.6550, -2.039
33.46, 0.6540, -3.707
33.47, 0.6530, -4.811
33.48, 0.6520, -3.649
33.49, 0.6510, -2.219
33.50, 0.6500, -3.675
33.51, 0.6490, -3.561
33.52, 0.6480, -3.681
33.53, 0.6470, -5.791
33.54, 0.6460, -4.189
33.55, 0.6450, -2.844
33.56, 0.6440, -3.296
33.57, 0.6430, -4.313
33.58, 0.6420, -4.189
33.59, 0.6410, -4.033
33.60, 0.6400, -3.299
33.61, 0.6390, -2.729
33.62, 0.6380, -3.776
33.63, 0.6370, -4.554
33.64, 0.6360, -4.469
33.65, 0.6350, -2.163
33.66, 0.6340, -3.164
33.67, 0.6330, -2.381
33.68, 0.6320, -4.101
33.69, 0.6310, -4.180
33.70, 0.6300, -3.735
33.71, 0.6290, -2.585
33.72, 0.6280, -2.011
33.73, 0.6270, -3.754
33.74, 0.6260, -4.584
33.75, 0.6250, -4.597
33.76, 0.6240, -2.824
33.77, 0.6230, -2.102
33.78, 0.6220, -2.626
33.79, 0.6210, -3.675
33.80, 0.6200, -3.749
33.81, 0.6190, -3.667
33.82, 0.6180, -2.191
33.83, 0.6170, -2.058
33.84, 0.6160, -3.975
33.85, 0.6150, -4.060
33.86, 0.6140, -4.694
33.87, 0.6130, -2.861
33.88, 0.6120, -2.831
33.89, 0.6110, -2.406
33.90, 0.6100, -3.629
33.91, 0.6090, -4.520
33.92, 0.6080, -5.409
33.93, 0.6070, -3.732
33.94, 0.6060, -2.482
33.95, 0.6050, -5.363
33.96, 0.6040, -5.551
33.97, 0.6030, -6.855
33.98, 0.6020, -4.371
33.99, 0.6010, -4.733
34.00, 0.6000, -5.375
34.01, 0.5990, -4.395
34.02, 0.5980, -5.180
34.03, 0.5970, -4.303
34.04, 0.5960, -2.714
34.05, 0.5950, -4.693
34.06, 0.5940, -3.730
34.07, 0.5930, -5.316
34.08, 0.5920, -3.886
34.09, 0.5910, -2.956
34.10, 0.5900, -4.512
34.11, 0.5890, -3.717
34.12, 0.5880, -4.876
34.13, 0.5870, -4.500
34.14, 0.5860, -2.100
34.15, 0.5850, -3.083
34.16, 0.5840, -3.674
34.17, 0.5830, -4.376
34.18, 0.5820, -2.489
34.19, 0.5810, -2.735
34.20, 0.5800, -2.886
34.21, 0.5790, -3.660
34.22, 0.5780, -3.983
34.23, 0.5770, -2.254
34.24, 0.5760, -3.301
34.25, 0.5750, -3.474
34.26, 0.5740, -3.511
34.27, 0.5730, -4.747
34.28, 0.5720, -4.861
34.29, 0.5710, -2.933
34.30, 0.5700, -3.008
34.31, 0.5690, -2.919
34.32, 0.5680, -5.321
34.33, 0.5670, -4.357
34.34, 0.5660, -2.907
34.35, 0.5650, -3.401
34.36, 0.5640, -4.773
34.37, 0.5630, -4.673
34.38, 0.5620, -5.968
34.39, 0.5610, -4.655
34.40, 0.5600, -5.474
34.41, 0.5590, -4.106
34.42, 0.5580, -5.930
34.43, 0.5570, -5.041
34.44, 0.5560, -3.146
34.45, 0.5550, -4.010
34.46, 0.5540, -3.481
34.47, 0.5530, -5.232
34.48, 0.5520, -5.506
34.49, 0.5510, -3.136
34.50, 0.5500, -2.996
34.51, 0.5490, -3.986
34.52, 0.5480, -5.168
34.53, 0.5470, -5.184
34.54, 0.5460, -4.011
34.55, 0.5450, -3.763
34.56, 0.5440, -4.230
34.57, 0.5430, -4.927
34.58, 0.5420, -4.669
34.59, 0.5410, -3.940
34.60, 0.5400, -3.217
34.61, 0.5390, -3.827
34.62, 0.5380, -4.790
34.63, 0.5370, -3.897
34.64, 0.5360, -2.765
34.65, 0.5350, -3.686
34.66, 0.5340, -4.403
34.67, 0.5330, -5.524
34.68, 0.5320, -5.266
34.69, 0.5310, -3.249
34.70, 0.5300, -4.311
34.71, 0.5290, -4.094
34.72, 0.5280, -5.330
34.73, 0.5270, -5.052
34.74, 0.5260, -2.835
34.75, 0.5250, -4.140
34.76, 0.5240, -4.397
34.77, 0.5230, -5.564
34.78, 0.5220, -6.391
34.79, 0.5210, -5.249
34.80, 0.5200, -4.324
34.81, 0.5190, -5.811
34.82, 0.5180, -6.946
34.83, 0.5170, -6.483
34.84, 0.5160, -4.801
34.85, 0.5150, -4.587
34.86, 0.5140, -5.416
34.87, 0.5130, -5.769
34.88, 0.5120, -5.676
34.89, 0.5110, -4.434
34.90, 0.5100, -3.012
34.91, 0.5090, -4.722
34.92, 0.5080, -5.433
34.93, 0.5070, -4.766
34.94, 0.5060, -4.304
34.95, 0.5050, -3.559
34.96, 0.5040, -5.241
34.97, 0.5030, -4.650
34.98, 0.5020, -5.087
34.99, 0.5010, -4.791
35.00, 0.5000, -2.695
35.01, 0.4990, -4.471
35.02, 0.4980, -4.875
35.03, 0.4970, -4.893
35.04, 0.4960, -3.846
35.05, 0.4950, -2.251
35.06, 0.4940, -4.046
35.07, 0.4930, -4.865
35.08, 0.4920, -4.181
35.09, 0.4910, -2.738
35.10, 0.4900, -3.197
35.11, 0.4890, -4.599
35.12, 0.4880, -4.846
35.13, 0.4870, -3.221
35.14, 0.4860, -3.499
35.15, 0.4850, -3.646
35.16, 0.4840, -5.688
35.17, 0.4830, -5.340
35.18, 0.4820, -4.512
35.19, 0.4810, -4.662
35.20, 0.4800, -4.959
35.21, 0.4790, -7.235
35.22, 0.4780, -6.596
35.23, 0.4770, -4.952
35.24, 0.4760, -4.909
35.25, 0.4750, -5.592
35.26, 0.4740, -6.863
35.27, 0.4730, -6.631
35.28, 0.4720, -4.740
35.29, 0.4710, -4.178
35.30, 0.4700, -5.538
35.31, 0.4690, -5.387
35.32, 0.4680, -5.909
35.33, 0.4670, -5.342
35.34, 0.4660, -4.212
35.35, 0.4650, -3.336
35.36, 0.4640, -4.442
35.37, 0.4630, -6.018
35.38, 0.4620, -5.828
35.39, 0.4610, -5.201
35.40, 0.4600, -3.559
35.41, 0.4590, -3.871
35.42, 0.4580, -4.626
35.43, 0.4570, -5.496
35.44, 0.4560, -3.788
35.45, 0.4550, -3.917
35.46, 0.4540, -4.166
35.47, 0.4530, -4.195
35.48, 0.4520, -5.598
35.49, 0.4510, -5.152
35.50, 0.4500, -4.228
35.51, 0.4490, -4.017
35.52, 0.4480, -4.494
35.53, 0.4470, -5.868
35.54, 0.4460, -5.557
35.55, 0.4450, -3.419
35.56, 0.4440, -3.645
35.57, 0.4430, -4.872
35.58, 0.4420, -5.211
35.59, 0.4410, -4.826
35.60, 0.4400, -4.067
35.61, 0.4390, -4.113
35.62, 0.4380, -4.549
35.63, 0.4370, -7.237
35.64, 0.4360, -6.477
35.65, 0.4350, -5.138
35.66, 0.4340, -5.571
35.67, 0.4330, -6.314
35.68, 0.4320, -7.339
35.69, 0.4310, -5.060
35.70, 0.4300, -4.678
35.71, 0.4290, -6.040
35.72, 0.4280, -6.715
35.73, 0.4270, -7.004
35.74, 0.4260, -4.267
35.75, 0.4250, -5.121
35.76, 0.4240, -5.419
35.77, 0.4230, -6.196
35.78, 0.4220, -5.035
35.79, 0.4210, -4.342
35.80, 0.4200, -4.536
35.81, 0.4190, -5.883
35.82, 0.4180, -6.159
35.83, 0.4170, -3.487
35.84, 0.4160, -4.209
35.85, 0.4150, -5.365
35.86, 0.4140, -5.717
35.87, 0.4130, -5.480
35.88, 0.4120, -3.978
35.89, 0.4110, -5.285
35.90, 0.4100, -5.146
35.91, 0.4090, -6.005
35.92, 0.4080, -3.985
35.93, 0.4070, -3.856
35.94, 0.4060, -5.779
35.95, 0.4050, -5.715
35.96, 0.4040, -6.270
35.97, 0.4030, -3.361
35.98, 0.4020, -4.527
35.99, 0.4010, -4.533
36.00, 0.4000, -5.739
36.01, 0.3990, -4.403
36.02, 0.3980, -4.093
36.03, 0.3970, -6.029
36.04, 0.3960, -5.741
36.05, 0.3950, -6.460
36.06, 0.3940, -5.256
36.07, 0.3930, -6.000
36.08, 0.3920, -6.159
36.09, 0.3910, -6.253
36.10, 0.3900, -5.302
36.11, 0.3890, -5.695
36.12, 0.3880, -5.871
36.13, 0.3870, -5.803
36.14, 0.3860, -6.328
36.15, 0.3850, -4.551
36.16, 0.3840, -5.186
36.17, 0.3830, -4.395
36.18, 0.3820, -6.457
36.19, 0.3810, -5.628
36.20, 0.3800, -4.700
36.21, 0.3790, -5.289
36.22, 0.3780, -6.151
36.23, 0.3770, -6.254
36.24, 0.3760, -4.966
36.25, 0.3750, -4.475
36.26, 0.3740, -3.974
36.27, 0.3730, -5.868
36.28, 0.3720, -4.974
36.29, 0.3710, -4.797
36.30, 0.3700, -4.285
36.31, 0.3690, -4.121
36.32, 0.3680, -5.467
36.33, 0.3670, -5.844
36.34, 0.3660, -5.163
36.35, 0.3650, -5.013
36.36, 0.3640, -5.038
36.37, 0.3630, -6.453
36.38, 0.3620, -5.500
36.39, 0.3610, -3.715
36.40, 0.3600, -4.547
36.41, 0.3590, -5.912
36.42, 0.3580, -6.069
36.43, 0.3570, -5.208
36.44, 0.3560, -5.272
36.45, 0.3550, -5.126
36.46, 0.3540, -6.115
36.47, 0.3530, -7.662
36.48, 0.3520, -5.587
36.49, 0.3510, -5.939
36.50, 0.3500, -7.537
36.51, 0.3490, -6.719
36.52, 0.3480, -7.630
36.53, 0.3470, -6.554
36.54, 0.3460, -5.858
36.55, 0.3450, -5.708
36.56, 0.3440, -6.141
36.57, 0.3430, -6.509
36.58, 0.3420, -5.359
36.59, 0.3410, -5.166
36.60, 0.3400, -4.363
36.61, 0.3390, -5.090
36.62, 0.3380, -7.350
36.63, 0.3370, -5.916
36.64, 0.3360, -3.930
36.65, 0.3350, -4.659
36.66, 0.3340, -6.344
36.67, 0.3330, -7.061
36.68, 0.3320, -6.202
36.69, 0.3310, -4.473
36.70, 0.3300, -4.582
36.71, 0.3290, -4.742
36.72, 0.3280, -7.432
36.73, 0.3270, -6.697
36.74, 0.3260, -5.700
36.75, 0.3250, -4.979
36.76, 0.3240, -5.890
36.77, 0.3230, -6.352
36.78, 0.3220, -5.975
36.79, 0.3210, -4.497
36.80, 0.3200, -4.803
36.81, 0.3190, -4.784
36.82, 0.3180, -6.959
36.83, 0.3170, -7.195
36.84, 0.3160, -4.880
36.85, 0.3150, -5.477
36.86, 0.3140, -5.799
36.87, 0.3130, -6.806
36.88, 0.3120, -7.722
36.89, 0.3110, -7.299
36.90, 0.3100, -5.748
36.91, 0.3090, -6.263
36.92, 0.3080, -7.091
36.93, 0.3070, -7.930
36.94, 0.3060, -7.112
36.95, 0.3050, -6.363
36.96, 0.3040, -5.817
36.97, 0.3030, -5.552
36.98, 0.3020, -6.614
36.99, 0.3010, -6.920
37.00, 0.3000, -6.580
37.01, 0.2990, -5.116
37.02, 0.2980, -4.739
37.03, 0.2970, -5.900
37.04, 0.2960, -6.837
37.05, 0.2950, -7.090
37.06, 0.2940, -4.946
37.07, 0.2930, -5.111
37.08, 0.2920, -5.819
37.09, 0.2910, -7.237
37.10, 0.2900, -7.908
37.11, 0.2890, -6.765
37.12, 0.2880, -4.810
37.13, 0.2870, -5.668
37.14, 0.2860, -6.585
37.15, 0.2850, -7.548
37.16, 0.2840, -7.396
37.17, 0.2830, -5.987
37.18, 0.2820, -5.382
37.19, 0.2810, -5.496
37.20, 0.2800, -5.290
37.21, 0.2790, -6.538
37.22, 0.2780, -6.907
37.23, 0.2770, -5.896
37.24, 0.2760, -5.497
37.25, 0.2750, -5.513
37.26, 0.2740, -5.742
37.27, 0.2730, -6.699
37.28, 0.2720, -6.539
37.29, 0.2710, -5.690
37.30, 0.2700, -6.897
37.31, 0.2690, -7.856
37.32, 0.2680, -8.561
37.33, 0.2670, -7.693
37.34, 0.2660, -7.132
37.35, 0.2650, -6.465
37.36, 0.2640, -7.814
37.37, 0.2630, -7.195
37.38, 0.2620, -7.734
37.39, 0.2610, -6.655
37.40, 0.2600, -5.760
37.41, 0.2590, -6.962
37.42, 0.2580, -7.601
37.43, 0.2570, -7.722
37.44, 0.2560, -7.178
37.45, 0.2550, -5.775
37.46, 0.2540, -5.863
37.47, 0.2530, -6.207
37.48, 0.2520, -7.205
37.49, 0.2510, -7.464
37.50, 0.2500, -5.837
37.51, 0.2490, -5.197
37.52, 0.2480, -6.521
37.53, 0.2470, -7.508
37.54, 0.2460, -7.672
37.55, 0.2450, -6.073
37.56, 0.2440, -5.739
37.57, 0.2430, -6.035
37.58, 0.2420, -6.406
37.59, 0.2410, -6.818
37.60, 0.2400, -6.877
37.61, 0.2390, -6.223
37.62, 0.2380, -5.621
37.63, 0.2370, -6.925
37.64, 0.2360, -7.221
37.65, 0.2350, -7.569
37.66, 0.2340, -7.124
37.67, 0.2330, -4.784
37.68, 0.2320, -5.148
37.69, 0.2310, -6.826
37.70, 0.2300, -6.942
37.71, 0.2290, -8.177
37.72, 0.2280, -7.826
37.73, 0.2270, -6.707
37.74, 0.2260, -7.931
37.75, 0.2250, -8.717
37.76, 0.2240, -8.736
37.77, 0.2230, -9.061
37.78, 0.2220, -7.024
37.79, 0.2210, -7.184
37.80, 0.2200, -8.445
37.81, 0.2190, -8.072
37.82, 0.2180, -8.502
37.83, 0.2170, -6.824
37.84, 0.2160, -6.455
37.85, 0.2150, -6.752
37.86, 0.2140, -7.708
37.87, 0.2130, -8.123
37.88, 0.2120, -7.038
37.89, 0.2110, -5.948
37.90, 0.2100, -7.292
37.91, 0.2090, -7.587
37.92, 0.2080, -7.961
37.93, 0.2070, -7.146
37.94, 0.2060, -6.632
37.95, 0.2050, -7.483
37.96, 0.2040, -7.252
37.97, 0.2030, -8.483
37.98, 0.2020, -7.286
37.99, 0.2010, -7.106
38.00, 0.2000, -7.740
38.01, 0.1990, -7.086
38.02, 0.1980, -7.619
38.03, 0.1970, -7.311
38.04, 0.1960, -5.771
38.05, 0.1950, -8.582
38.06, 0.1940, -7.903
38.07, 0.1930, -9.174
38.08, 0.1920, -7.825
38.09, 0.1910, -5.863
38.10, 0.1900, -6.828
38.11, 0.1890, -8.670
38.12, 0.1880, -8.082
38.13, 0.1870, -7.838
38.14, 0.1860, -6.786
38.15, 0.1850, -6.941
38.16, 0.1840, -8.939
38.17, 0.1830, -9.672
38.18, 0.1820, -11.08
38.19, 0.1810, -8.536
38.20, 0.1800, -7.064
38.21, 0.1790, -7.681
38.22, 0.1780, -8.946
38.23, 0.1770, -8.844
38.24, 0.1760, -9.159
38.25, 0.1750, -6.927
38.26, 0.1740, -7.188
38.27, 0.1730, -8.611
38.28, 0.1720, -7.813
38.29, 0.1710, -7.813
38.30, 0.1700, -7.767
38.31, 0.1690, -6.284
38.32, 0.1680, -7.311
38.33, 0.1670, -8.328
38.34, 0.1660, -8.928
38.35, 0.1650, -8.922
38.36, 0.1640, -6.644
38.37, 0.1630, -7.162
38.38, 0.1620, -8.438
38.39, 0.1610, -8.408
38.40, 0.1600, -8.052
38.41, 0.1590, -8.025
38.42, 0.1580, -8.323
38.43, 0.1570, -8.301
38.44, 0.1560, -8.759
38.45, 0.1550, -9.446
38.46, 0.1540, -7.553
38.47, 0.1530, -6.808
38.48, 0.1520, -7.940
38.49, 0.1510, -8.666
38.50, 0.1500, -8.038
38.51, 0.1490, -8.108
38.52, 0.1480, -6.445
38.53, 0.1470, -7.653
38.54, 0.1460, -8.479
38.55, 0.1450, -9.993
38.56, 0.1440, -9.436
38.57, 0.1430, -9.413
38.58, 0.1420, -9.901
38.59, 0.1410, -8.568
38.60, 0.1400, -10.55
38.61, 0.1390, -11.09
38.62, 0.1380, -9.083
38.63, 0.1370, -8.700
38.64, 0.1360, -9.066
38.65, 0.1350, -9.595
38.66, 0.1340, -10.46
38.67, 0.1330, -9.044
38.68, 0.1320, -7.960
38.69, 0.1310, -8.552
38.70, 0.1300, -8.740
38.71, 0.1290, -9.367
38.72, 0.1280, -8.237
38.73, 0.1270, -8.198
38.74, 0.1260, -7.639
38.75, 0.1250, -8.313
38.76, 0.1240, -9.085
38.77, 0.1230, -8.809
38.78, 0.1220, -7.601
38.79, 0.1210, -7.573
38.80, 0.1200, -8.659
38.81, 0.1190, -8.697
38.82, 0.1180, -9.088
38.83, 0.1170, -8.547
38.84, 0.1160, -7.997
38.85, 0.1150, -8.295
38.86, 0.1140, -9.059
38.87, 0.1130, -10.09
38.88, 0.1120, -7.298
38.89, 0.1110, -9.112
38.90, 0.1100, -8.010
38.91, 0.1090, -9.084
38.92, 0.1080, -8.555
38.93, 0.1070, -8.245
38.94, 0.1060, -8.462
38.95, 0.1050, -9.455
38.96, 0.1040, -9.647
38.97, 0.1030, -9.729
38.98, 0.1020, -8.462
38.99, 0.1010, -8.516
39.00, 0.1000, -10.05
39.01, 0.09900, -11.07
39.02, 0.09800, -10.55
39.03, 0.09700, -9.804
39.04, 0.09600, -11.31
39.05, 0.09500, -10.61
39.06, 0.09400, -9.656
39.07, 0.09300, -10.40
39.08, 0.09200, -9.232
39.09, 0.09100, -9.327
39.10, 0.09000, -9.262
39.11, 0.08900, -10.63
39.12, 0.08800, -9.401
39.13, 0.08700, -8.023
39.14, 0.08600, -8.808
39.15, 0.08500, -9.292
39.16, 0.08400, -10.61
39.17, 0.08300, -9.363
39.18, 0.08200, -8.930
39.19, 0.08100, -8.785
39.20, 0.08000, -9.189
39.21, 0.07900, -10.49
39.22, 0.07800, -10.14
39.23, 0.07700, -10.17
39.24, 0.07600, -9.619
39.25, 0.07500, -9.350
39.26, 0.07400, -10.14
39.27, 0.07300, -10.74
39.28, 0.07200, -10.40
39.29, 0.07100, -8.828
39.30, 0.07000, -9.396
39.31, 0.06900, -10.25
39.32, 0.06800, -10.53
39.33, 0.06700, -11.06
39.34, 0.06600, -9.517
39.35, 0.06500, -8.811
39.36, 0.06400, -9.992
39.37, 0.06300, -10.16
39.38, 0.06200, -11.37
39.39, 0.06100, -9.330
39.40, 0.06000, -10.08
39.41, 0.05900, -10.54
39.42, 0.05800, -10.71
39.43, 0.05700, -11.85
39.44, 0.05600, -11.56
39.45, 0.05500, -10.45
39.46, 0.05400, -10.60
39.47, 0.05300, -12.35
39.48, 0.05200, -12.34
39.49, 0.05100, -11.09
39.50, 0.05000, -10.35
39.51, 0.04900, -11.58
39.52, 0.04800, -10.76
39.53, 0.04700, -10.84
39.54, 0.04600, -10.69
39.55, 0.04500, -10.01
39.56, 0.04400, -10.40
39.57, 0.04300, -10.57
39.58, 0.04200, -11.99
39.59, 0.04100, -11.60
39.60, 0.04000, -10.09
39.61, 0.03900, -10.24
39.62, 0.03800, -11.49
39.63, 0.03700, -11.46
39.64, 0.03600, -11.11
39.65, 0.03500, -10.11
39.66, 0.03400, -10.46
39.67, 0.03300, -10.46
39.68, 0.03200, -11.48
39.69, 0.03100, -11.41
39.70, 0.03000, -10.01
39.71, 0.02900, -10.13
39.72, 0.02800, -11.40
39.73, 0.02700, -11.56
39.74, 0.02600, -11.92
39.75, 0.02500, -10.34
39.76, 0.02400, -11.14
39.77, 0.02300, -11.62
39.78, 0.02200, -12.06
39.79, 0.02100, -10.92
39.80, 0.02000, -10.85
39.81, 0.01900, -11.39
39.82, 0.01800, -11.44
39.83, 0.01700, -12.37
39.84, 0.01600, -11.57
39.85, 0.01500, -12.22
39.86, 0.01400, -13.11
39.87, 0.01300, -13.11
39.88, 0.01200, -14.28
39.89, 0.01100, -12.81
39.90, 0.01000, -12.61
39.91, 0.009000, -12.06
39.92, 0.008000, -11.92
39.93, 0.007000, -13.49
39.94, 0.006000, -13.03
39.95, 0.005000, -12.22
39.96, 0.004000, -12.39
39.97, 0.003000, -12.63
39.98, 0.002000, -13.18
39.99, 0.001000, -13.03
40.00, 0.000, -10.15
