0.01000, 0.001000, -50.20
0.02000, 0.002000, -28.34
0.03000, 0.003000, -20.41
0.04000, 0.004000, -17.34
0.05000, 0.005000, -14.50
0.06000, 0.006000, -14.66
0.07000, 0.007000, -11.14
0.08000, 0.008000, -11.66
0.09000, 0.009000, -10.19
0.1000, 0.01000, -9.445
0.1100, 0.01100, -8.645
0.1200, 0.01200, -8.064
0.1300, 0.01300, -7.939
0.1400, 0.01400, -8.409
0.1500, 0.01500, -7.805
0.1600, 0.01600, -8.027
0.1700, 0.01700, -7.349
0.1800, 0.01800, -6.109
0.1900, 0.01900, -7.162
0.2000, 0.02000, -5.969
0.2100, 0.02100, -6.237
0.2200, 0.02200, -6.159
0.2300, 0.02300, -6.389
0.2400, 0.02400, -4.542
0.2500, 0.02500, -3.926
0.2600, 0.02600, -2.327
0.2700, 0.02700, -1.613
0.2800, 0.02800, -2.650
0.2900, 0.02900, -2.835
0.3000, 0.03000, -1.548
0.3100, 0.03100, -2.455
0.3200, 0.03200, -2.976
0.3300, 0.03300, -2.564
0.3400, 0.03400, -3.530
0.3500, 0.03500, -2.353
0.3600, 0.03600, -2.924
0.3700, 0.03700, -2.536
0.3800, 0.03800, -3.673
0.3900, 0.03900, -2.541
0.4000, 0.04000, -2.315
0.4100, 0.04100, -3.765
0.4200, 0.04200, -2.185
0.4300, 0.04300, -2.653
0.4400, 0.04400, -2.698
0.4500, 0.04500, -2.635
0.4600, 0.04600, -2.363
0.4700, 0.04700, -2.410
0.4800, 0.04800, -4.317
0.4900, 0.04900, -3.362
0.5000, 0.05000, -2.812
0.5100, 0.05100, -2.411
0.5200, 0.05200, -3.301
0.5300, 0.05300, -3.635
0.5400, 0.05400, -2.763
0.5500, 0.05500, -4.657
0.5600, 0.05600, -4.119
0.5700, 0.05700, -4.131
0.5800, 0.05800, -3.866
0.5900, 0.05900, -2.990
0.6000, 0.06000, -4.545
0.6100, 0.06100, -2.807
0.6200, 0.06200, -3.722
0.6300, 0.06300, -2.721
0.6400, 0.06400, -2.361
0.6500, 0.06500, -1.822
0.6600, 0.06600, -1.117
0.6700, 0.06700, -0.3825
0.6800, 0.06800, -0.1105
0.6900, 0.06900, 0.2331
0.7000, 0.07000, 0.4818
0.7100, 0.07100, 1.001
0.7200, 0.07200, -0.1623
0.7300, 0.07300, 0.5177
0.7400, 0.07400, -1.190
0.7500, 0.07500, -0.9278
0.7600, 0.07600, -0.9788
0.7700, 0.07700, -2.322
0.7800, 0.07800, -1.233
0.7900, 0.07900, -2.421
0.8000, 0.08000, -1.965
0.8100, 0.08100, -1.437
0.8200, 0.08200, -1.267
0.8300, 0.08300, -1.486
0.8400, 0.08400, -1.315
0.8500, 0.08500, -2.906
0.8600, 0.08600, -3.292
0.8700, 0.08700, -2.764
0.8800, 0.08800, -2.764
0.8900, 0.08900, -2.332
0.9000, 0.09000, -2.832
0.9100, 0.09100, -1.820
0.9200, 0.09200, -1.306
0.9300, 0.09300, -1.230
0.9400, 0.09400, -0.1074
0.9500, 0.09500, -0.5472
0.9600, 0.09600, -0.2380
0.9700, 0.09700, -0.1681
0.9800, 0.09800, -0.8066
0.9900, 0.09900, -0.5206
1.000, 0.1000, -0.1457
1.010, 0.1010, -1.256
1.020, 0.1020, -0.8406
1.030, 0.1030, -1.697
1.040, 0.1040, -0.9950
1.050, 0.1050, -0.3314
1.060, 0.1060, -2.332
1.070, 0.1070, -1.125
1.080, 0.1080, -1.751
1.090, 0.1090, 0.3350
1.100, 0.1100, -1.242
1.110, 0.1110, -0.4849
1.120, 0.1120, -0.5141
1.130, 0.1130, -0.7911
1.140, 0.1140, -1.858
1.150, 0.1150, -0.8982
1.160, 0.1160, -1.464
1.170, 0.1170, -1.162
1.180, 0.1180, -1.780
1.190, 0.1190, -0.2457
1.200, 0.1200, -1.011
1.210, 0.1210, -1.751
1.220, 0.1220, -0.6259
1.230, 0.1230, -0.003100
1.240, 0.1240, -0.6969
1.250, 0.1250, -1.261
1.260, 0.1260, -0.4390
1.270, 0.1270, -0.09948
1.280, 0.1280, -0.04971
1.290, 0.1290, -0.1554
1.300, 0.1300, 0.7667
1.310, 0.1310, -0.4250
1.320, 0.1320, -0.7618
1.330, 0.1330, -0.3420
1.340, 0.1340, -0.9449
1.350, 0.1350, 0.1467
1.360, 0.1360, -1.539
1.370, 0.1370, -0.003375
1.380, 0.1380, -0.3984
1.390, 0.1390, -2.272
1.400, 0.1400, -0.6691
1.410, 0.1410, -0.5148
1.420, 0.1420, -0.9087
1.430, 0.1430, -0.6041
1.440, 0.1440, -1.691
1.450, 0.1450, -2.119
1.460, 0.1460, -2.038
1.470, 0.1470, -2.113
1.480, 0.1480, -1.605
1.490, 0.1490, -1.389
1.500, 0.1500, -0.7236
1.510, 0.1510, -0.03766
1.520, 0.1520, -0.1624
1.530, 0.1530, -0.6295
1.540, 0.1540, -0.05378
1.550, 0.1550, 0.03504
1.560, 0.1560, 0.5992
1.570, 0.1570, -0.6844
1.580, 0.1580, 0.2461
1.590, 0.1590, 0.3705
1.600, 0.1600, 1.247
1.610, 0.1610, 1.049
1.620, 0.1620, -0.5913
1.630, 0.1630, 1.474
1.640, 0.1640, -0.009772
1.650, 0.1650, -0.5673
1.660, 0.1660, 0.3892
1.670, 0.1670, -1.073
1.680, 0.1680, -0.3213
1.690, 0.1690, -0.6409
1.700, 0.1700, -0.9227
1.710, 0.1710, -1.557
1.720, 0.1720, -1.152
1.730, 0.1730, -0.6051
1.740, 0.1740, -1.334
1.750, 0.1750, -0.7083
1.760, 0.1760, -2.097
1.770, 0.1770, -3.134
1.780, 0.1780, -1.125
1.790, 0.1790, -1.630
1.800, 0.1800, -0.6615
1.810, 0.1810, -0.4416
1.820, 0.1820, -0.3284
1.830, 0.1830, 0.02856
1.840, 0.1840, 0.5536
1.850, 0.1850, 1.303
1.860, 0.1860, 0.2824
1.870, 0.1870, 0.1259
1.880, 0.1880, -0.4518
1.890, 0.1890, -0.8255
1.900, 0.1900, -0.1352
1.910, 0.1910, 0.3456
1.920, 0.1920, 0.5928
1.930, 0.1930, 0.7728
1.940, 0.1940, 0.6281
1.950, 0.1950, 0.3205
1.960, 0.1960, 0.9102
1.970, 0.1970, 0.4898
1.980, 0.1980, -1.052
1.990, 0.1990, -1.420
2.000, 0.2000, -0.3146
2.010, 0.2010, -0.5587
2.020, 0.2020, 0.04069
2.030, 0.2030, -0.6817
2.040, 0.2040, -0.6110
2.050, 0.2050, 1.529
2.060, 0.2060, 0.4795
2.070, 0.2070, 1.118
2.080, 0.2080, 0.8760
2.090, 0.2090, 1.168
2.100, 0.2100, 1.582
2.110, 0.2110, 0.1924
2.120, 0.2120, 1.585
2.130, 0.2130, -1.083
2.140, 0.2140, 0.07870
2.150, 0.2150, 0.3459
2.160, 0.2160, -1.377
2.170, 0.2170, 0.3978
2.180, 0.2180, -0.4461
2.190, 0.2190, 0.9297
2.200, 0.2200, 0.4668
2.210, 0.2210, -0.5651
2.220, 0.2220, 0.2181
2.230, 0.2230, 0.3411
2.240, 0.2240, 0.3308
2.250, 0.2250, -0.4687
2.260, 0.2260, 0.1986
2.270, 0.2270, -0.3581
2.280, 0.2280, 0.5711
2.290, 0.2290, 0.2415
2.300, 0.2300, 0.1233
2.310, 0.2310, -1.220
2.320, 0.2320, -1.262
2.330, 0.2330, -1.337
2.340, 0.2340, -1.571
2.350, 0.2350, -0.4213
2.360, 0.2360, -0.01975
2.370, 0.2370, 1.762
2.380, 0.2380, 0.3314
2.390, 0.2390, -0.3667
2.400, 0.2400, 0.3476
2.410, 0.2410, 1.783
2.420, 0.2420, 1.040
2.430, 0.2430, 0.09177
2.440, 0.2440, 1.831
2.450, 0.2450, 1.686
2.460, 0.2460, 1.479
2.470, 0.2470, -0.3903
2.480, 0.2480, -1.007
2.490, 0.2490, 0.4993
2.500, 0.2500, -0.09262
2.510, 0.2510, -1.489
2.520, 0.2520, -0.1927
2.530, 0.2530, -0.4247
2.540, 0.2540, -0.1502
2.550, 0.2550, -0.8149
2.560, 0.2560, -0.2111
2.570, 0.2570, -1.423
2.580, 0.2580, -0.6995
2.590, 0.2590, -0.9944
2.600, 0.2600, -1.376
2.610, 0.2610, -1.780
2.620, 0.2620, -0.8668
2.630, 0.2630, -1.116
2.640, 0.2640, -2.708
2.650, 0.2650, -2.411
2.660, 0.2660, -1.743
2.670, 0.2670, -1.338
2.680, 0.2680, -1.202
2.690, 0.2690, -0.02195
2.700, 0.2700, -1.548
2.710, 0.2710, -1.585
2.720, 0.2720, 0.8231
2.730, 0.2730, -1.766
2.740, 0.2740, -1.192
2.750, 0.2750, -0.8189
2.760, 0.2760, -1.446
2.770, 0.2770, -1.747
2.780, 0.2780, -0.3746
2.790, 0.2790, 1.658
2.800, 0.2800, 2.032
2.810, 0.2810, 1.721
2.820, 0.2820, 1.006
2.830, 0.2830, 1.001
2.840, 0.2840, -0.6833
2.850, 0.2850, 0.05258
2.860, 0.2860, 0.3260
2.870, 0.2870, -0.2185
2.880, 0.2880, 0.1916
2.890, 0.2890, -0.3177
2.900, 0.2900, -0.7363
2.910, 0.2910, 2.181
2.920, 0.2920, 1.203
2.930, 0.2930, 0.8285
2.940, 0.2940, 0.5577
2.950, 0.2950, 1.951
2.960, 0.2960, 2.281
2.970, 0.2970, 0.8104
2.980, 0.2980, 1.935
2.990, 0.2990, 1.886
3.000, 0.3000, 0.9050
3.010, 0.3010, 0.4290
3.020, 0.3020, 1.582
3.030, 0.3030, 0.3723
3.040, 0.3040, 0.5311
3.050, 0.3050, -0.2249
3.060, 0.3060, -0.4851
3.070, 0.3070, -0.1109
3.080, 0.3080, 0.6242
3.090, 0.3090, 1.554
3.100, 0.3100, 0.4372
3.110, 0.3110, -0.8905
3.120, 0.3120, -1.164
3.130, 0.3130, -1.097
3.140, 0.3140, -0.5874
3.150, 0.3150, -1.871
3.160, 0.3160, -1.813
3.170, 0.3170, -1.968
3.180, 0.3180, -1.501
3.190, 0.3190, -0.3256
3.200, 0.3200, 1.406
3.210, 0.3210, 0.9031
3.220, 0.3220, 0.4617
3.230, 0.3230, 2.557
3.240, 0.3240, 2.535
3.250, 0.3250, 1.756
3.260, 0.3260, 2.276
3.270, 0.3270, 1.655
3.280, 0.3280, 0.7104
3.290, 0.3290, 1.273
3.300, 0.3300, 1.856
3.310, 0.3310, -0.1144
3.320, 0.3320, 0.9906
3.330, 0.3330, 0.2351
3.340, 0.3340, 0.9805
3.350, 0.3350, -0.4296
3.360, 0.3360, 0.1398
3.370, 0.3370, -1.699
3.380, 0.3380, -0.5201
3.390, 0.3390, -0.3709
3.400, 0.3400, -1.762
3.410, 0.3410, -1.263
3.420, 0.3420, -1.113
3.430, 0.3430, -0.3181
3.440, 0.3440, 0.02515
3.450, 0.3450, 0.8904
3.460, 0.3460, 2.216
3.470, 0.3470, 2.254
3.480, 0.3480, 1.959
3.490, 0.3490, 1.825
3.500, 0.3500, 0.1467
3.510, 0.3510, -0.7469
3.520, 0.3520, -1.489
3.530, 0.3530, -0.7397
3.540, 0.3540, 0.9767
3.550, 0.3550, 0.1938
3.560, 0.3560, 0.04731
3.570, 0.3570, 0.4428
3.580, 0.3580, 1.279
3.590, 0.3590, 1.501
3.600, 0.3600, -0.3604
3.610, 0.3610, 0.6684
3.620, 0.3620, 1.019
3.630, 0.3630, -0.3125
3.640, 0.3640, -0.3364
3.650, 0.3650, 0.3436
3.660, 0.3660, -0.3386
3.670, 0.3670, -0.4471
3.680, 0.3680, 1.423
3.690, 0.3690, 2.904
3.700, 0.3700, 2.353
3.710, 0.3710, 1.383
3.720, 0.3720, 1.107
3.730, 0.3730, 1.646
3.740, 0.3740, 1.530
3.750, 0.3750, 0.3154
3.760, 0.3760, -0.01001
3.770, 0.3770, 0.09603
3.780, 0.3780, 0.1931
3.790, 0.3790, 0.1799
3.800, 0.3800, 0.6492
3.810, 0.3810, 0.2361
3.820, 0.3820, -1.898
3.830, 0.3830, -1.686
3.840, 0.3840, -1.798
3.850, 0.3850, -1.951
3.860, 0.3860, -0.7386
3.870, 0.3870, -0.1760
3.880, 0.3880, 0.4855
3.890, 0.3890, 1.626
3.900, 0.3900, 2.037
3.910, 0.3910, 1.557
3.920, 0.3920, 1.742
3.930, 0.3930, 1.814
3.940, 0.3940, 0.8976
3.950, 0.3950, 0.3887
3.960, 0.3960, 0.8863
3.970, 0.3970, 0.3801
3.980, 0.3980, 0.3089
3.990, 0.3990, 0.6745
4.000, 0.4000, 1.136
4.010, 0.4010, -0.3243
4.020, 0.4020, -0.2644
4.030, 0.4030, 1.477
4.040, 0.4040, 1.772
4.050, 0.4050, 1.008
4.060, 0.4060, 1.634
4.070, 0.4070, 0.7104
4.080, 0.4080, 1.832
4.090, 0.4090, 0.6512
4.100, 0.4100, 0.7535
4.110, 0.4110, -0.7337
4.120, 0.4120, -1.211
4.130, 0.4130, -1.920
4.140, 0.4140, -1.613
4.150, 0.4150, -1.630
4.160, 0.4160, -1.514
4.170, 0.4170, 0.1512
4.180, 0.4180, -0.1060
4.190, 0.4190, -0.3559
4.200, 0.4200, 1.998
4.210, 0.4210, 1.127
4.220, 0.4220, 1.055
4.230, 0.4230, 0.5463
4.240, 0.4240, 1.949
4.250, 0.4250, 0.9436
4.260, 0.4260, 1.202
4.270, 0.4270, 0.3753
4.280, 0.4280, 0.8326
4.290, 0.4290, 0.9485
4.300, 0.4300, 0.2102
4.310, 0.4310, 0.07818
4.320, 0.4320, 0.2682
4.330, 0.4330, -0.5863
4.340, 0.4340, -1.466
4.350, 0.4350, -0.4291
4.360, 0.4360, -1.157
4.370, 0.4370, -2.067
4.380, 0.4380, -0.3338
4.390, 0.4390, 0.9027
4.400, 0.4400, 1.180
4.410, 0.4410, 0.6413
4.420, 0.4420, 2.440
4.430, 0.4430, 1.906
4.440, 0.4440, 1.223
4.450, 0.4450, 1.945
4.460, 0.4460, 1.946
4.470, 0.4470, 0.9871
4.480, 0.4480, 1.765
4.490, 0.4490, 1.450
4.500, 0.4500, 1.913
4.510, 0.4510, 2.003
4.520, 0.4520, 1.803
4.530, 0.4530, 1.097
4.540, 0.4540, -1.072
4.550, 0.4550, -1.406
4.560, 0.4560, -1.454
4.570, 0.4570, 0.01421
4.580, 0.4580, -0.6496
4.590, 0.4590, 0.4019
4.600, 0.4600, 0.2846
4.610, 0.4610, 0.7865
4.620, 0.4620, 0.4036
4.630, 0.4630, 0.5649
4.640, 0.4640, 0.6030
4.650, 0.4650, 1.248
4.660, 0.4660, 0.5906
4.670, 0.4670, -0.3433
4.680, 0.4680, 0.06852
4.690, 0.4690, 0.5303
4.700, 0.4700, 1.112
4.710, 0.4710, -0.1010
4.720, 0.4720, -1.510
4.730, 0.4730, -1.679
4.740, 0.4740, -1.043
4.750, 0.4750, -0.4182
4.760, 0.4760, -1.463
4.770, 0.4770, 1.585
4.780, 0.4780, 1.595
4.790, 0.4790, 1.199
4.800, 0.4800, 0.9801
4.810, 0.4810, 0.6649
4.820, 0.4820, 1.084
4.830, 0.4830, 1.333
4.840, 0.4840, 0.7006
4.850, 0.4850, 0.8012
4.860, 0.4860, -0.4988
4.870, 0.4870, -0.3511
4.880, 0.4880, -0.2148
4.890, 0.4890, 0.4670
4.900, 0.4900, 1.877
4.910, 0.4910, 0.6712
4.920, 0.4920, 2.533
4.930, 0.4930, 0.9398
4.940, 0.4940, 1.729
4.950, 0.4950, 2.451
4.960, 0.4960, 1.374
4.970, 0.4970, 0.7081
4.980, 0.4980, 1.754
4.990, 0.4990, 1.091
5.000, 0.5000, 1.405
5.010, 0.5010, 1.425
5.020, 0.5020, -0.1987
5.030, 0.5030, 1.274
5.040, 0.5040, -0.8071
5.050, 0.5050, -0.9684
5.060, 0.5060, -1.356
5.070, 0.5070, -0.5533
5.080, 0.5080, -0.8829
5.090, 0.5090, -2.040
5.100, 0.5100, 0.07473
5.110, 0.5110, 0.08601
5.120, 0.5120, 1.349
5.130, 0.5130, 1.765
5.140, 0.5140, 1.221
5.150, 0.5150, 0.06022
5.160, 0.5160, 1.135
5.170, 0.5170, 0.5554
5.180, 0.5180, 0.5256
5.190, 0.5190, 0.2876
5.200, 0.5200, -0.7928
5.210, 0.5210, 0.1655
5.220, 0.5220, -1.852
5.230, 0.5230, -1.157
5.240, 0.5240, -0.7751
5.250, 0.5250, -1.738
5.260, 0.5260, -0.01772
5.270, 0.5270, -0.9425
5.280, 0.5280, -0.1596
5.290, 0.5290, 0.7854
5.300, 0.5300, 3.226
5.310, 0.5310, 4.680
5.320, 0.5320, 2.829
5.330, 0.5330, 2.183
5.340, 0.5340, 2.590
5.350, 0.5350, 2.741
5.360, 0.5360, 0.1881
5.370, 0.5370, 2.046
5.380, 0.5380, 1.196
5.390, 0.5390, 0.2521
5.400, 0.5400, -0.5963
5.410, 0.5410, -0.6284
5.420, 0.5420, 1.103
5.430, 0.5430, -1.325
5.440, 0.5440, -0.7091
5.450, 0.5450, -0.3397
5.460, 0.5460, 1.303
5.470, 0.5470, 0.8861
5.480, 0.5480, 0.8046
5.490, 0.5490, 1.820
5.500, 0.5500, 1.088
5.510, 0.5510, 0.6838
5.520, 0.5520, 0.01143
5.530, 0.5530, 0.6275
5.540, 0.5540, 0.9333
5.550, 0.5550, 0.9063
5.560, 0.5560, 1.276
5.570, 0.5570, 1.071
5.580, 0.5580, 0.5768
5.590, 0.5590, 0.5769
5.600, 0.5600, -0.02149
5.610, 0.5610, -0.9293
5.620, 0.5620, -0.3805
5.630, 0.5630, -0.01650
5.640, 0.5640, -0.5091
5.650, 0.5650, -0.8748
5.660, 0.5660, -0.2887
5.670, 0.5670, -0.4503
5.680, 0.5680, 0.03448
5.690, 0.5690, 0.2259
5.700, 0.5700, 0.6106
5.710, 0.5710, -0.1485
5.720, 0.5720, 2.488
5.730, 0.5730, 2.502
5.740, 0.5740, 3.002
5.750, 0.5750, 2.415
5.760, 0.5760, 3.069
5.770, 0.5770, 2.281
5.780, 0.5780, 3.273
5.790, 0.5790, 2.245
5.800, 0.5800, 0.5987
5.810, 0.5810, 1.429
5.820, 0.5820, 0.7011
5.830, 0.5830, 0.4996
5.840, 0.5840, 1.517
5.850, 0.5850, 0.3923
5.860, 0.5860, 0.3732
5.870, 0.5870, 0.6785
5.880, 0.5880, -0.5935
5.890, 0.5890, -0.7284
5.900, 0.5900, 0.3234
5.910, 0.5910, -1.301
5.920, 0.5920, -0.7433
5.930, 0.5930, -1.111
5.940, 0.5940, 0.5123
5.950, 0.5950, 2.345
5.960, 0.5960, 1.123
5.970, 0.5970, 0.6461
5.980, 0.5980, 2.022
5.990, 0.5990, 0.6584
6.000, 0.6000, 1.353
6.010, 0.6010, 0.05800
6.020, 0.6020, -1.094
6.030, 0.6030, 1.068
6.040, 0.6040, 0.2068
6.050, 0.6050, -0.6119
6.060, 0.6060, -2.736
6.070, 0.6070, -1.256
6.080, 0.6080, -1.972
6.090, 0.6090, -0.2734
6.100, 0.6100, 1.624
6.110, 0.6110, 2.122
6.120, 0.6120, 2.247
6.130, 0.6130, 2.482
6.140, 0.6140, 2.868
6.150, 0.6150, 1.892
6.160, 0.6160, 2.587
6.170, 0.6170, 2.829
6.180, 0.6180, 0.8365
6.190, 0.6190, 2.410
6.200, 0.6200, 2.651
6.210, 0.6210, 1.486
6.220, 0.6220, 0.5300
6.230, 0.6230, 1.858
6.240, 0.6240, 1.285
6.250, 0.6250, -0.3733
6.260, 0.6260, -1.524
6.270, 0.6270, -0.6824
6.280, 0.6280, -0.5759
6.290, 0.6290, -0.9757
6.300, 0.6300, 1.114
6.310, 0.6310, 0.6769
6.320, 0.6320, 1.184
6.330, 0.6330, 2.070
6.340, 0.6340, 1.333
6.350, 0.6350, 2.003
6.360, 0.6360, 2.543
6.370, 0.6370, 2.111
6.380, 0.6380, 2.740
6.390, 0.6390, 1.238
6.400, 0.6400, 1.491
6.410, 0.6410, 1.968
6.420, 0.6420, 0.8016
6.430, 0.6430, -0.1796
6.440, 0.6440, 1.456
6.450, 0.6450, 1.173
6.460, 0.6460, -0.4490
6.470, 0.6470, -0.4697
6.480, 0.6480, -1.393
6.490, 0.6490, -0.5673
6.500, 0.6500, -0.03658
6.510, 0.6510, -0.9426
6.520, 0.6520, 0.8319
6.530, 0.6530, 1.672
6.540, 0.6540, 2.496
6.550, 0.6550, 2.669
6.560, 0.6560, 3.076
6.570, 0.6570, 2.703
6.580, 0.6580, 4.406
6.590, 0.6590, 2.941
6.600, 0.6600, 2.378
6.610, 0.6610, 2.437
6.620, 0.6620, 2.670
6.630, 0.6630, 2.096
6.640, 0.6640, 1.152
6.650, 0.6650, -0.02575
6.660, 0.6660, -1.189
6.670, 0.6670, -1.204
6.680, 0.6680, -1.126
6.690, 0.6690, 0.7848
6.700, 0.6700, 2.028
6.710, 0.6710, 1.205
6.720, 0.6720, 1.719
6.730, 0.6730, 1.139
6.740, 0.6740, 1.766
6.750, 0.6750, 2.273
6.760, 0.6760, 1.177
6.770, 0.6770, 0.8946
6.780, 0.6780, 1.477
6.790, 0.6790, 0.05768
6.800, 0.6800, 1.745
6.810, 0.6810, 1.696
6.820, 0.6820, 0.9122
6.830, 0.6830, 1.670
6.840, 0.6840, 1.672
6.850, 0.6850, 1.657
6.860, 0.6860, 1.503
6.870, 0.6870, 2.357
6.880, 0.6880, 1.336
6.890, 0.6890, 2.086
6.900, 0.6900, 1.889
6.910, 0.6910, 0.9742
6.920, 0.6920, -1.237
6.930, 0.6930, -0.4768
6.940, 0.6940, -0.1591
6.950, 0.6950, -1.171
6.960, 0.6960, -0.6053
6.970, 0.6970, 0.7605
6.980, 0.6980, 0.7929
6.990, 0.6990, 1.533
7.000, 0.7000, 2.681
7.010, 0.7010, 2.820
7.020, 0.7020, 1.228
7.030, 0.7030, 1.798
7.040, 0.7040, 1.260
7.050, 0.7050, 3.169
7.060, 0.7060, 2.435
7.070, 0.7070, 2.748
7.080, 0.7080, 2.390
7.090, 0.7090, 0.4858
7.100, 0.7100, 0.8776
7.110, 0.7110, -0.2992
7.120, 0.7120, 1.160
7.130, 0.7130, 0.6059
7.140, 0.7140, 1.572
7.150, 0.7150, -1.239
7.160, 0.7160, -1.050
7.170, 0.7170, -0.4939
7.180, 0.7180, 0.2887
7.190, 0.7190, -1.554
7.200, 0.7200, -0.4701
7.210, 0.7210, 0.9162
7.220, 0.7220, 0.09184
7.230, 0.7230, 0.4536
7.240, 0.7240, 0.9641
7.250, 0.7250, 2.557
7.260, 0.7260, 2.000
7.270, 0.7270, 1.707
7.280, 0.7280, 1.823
7.290, 0.7290, 0.6274
7.300, 0.7300, 2.261
7.310, 0.7310, 2.021
7.320, 0.7320, 1.919
7.330, 0.7330, 0.2969
7.340, 0.7340, 0.6785
7.350, 0.7350, 0.3215
7.360, 0.7360, 0.9748
7.370, 0.7370, -0.07982
7.380, 0.7380, 0.9737
7.390, 0.7390, -0.4283
7.400, 0.7400, -0.2749
7.410, 0.7410, 0.2195
7.420, 0.7420, 1.241
7.430, 0.7430, 1.419
7.440, 0.7440, 1.240
7.450, 0.7450, 2.362
7.460, 0.7460, 3.438
7.470, 0.7470, 3.014
7.480, 0.7480, 2.852
7.490, 0.7490, 1.567
7.500, 0.7500, 1.203
7.510, 0.7510, 1.912
7.520, 0.7520, 0.8332
7.530, 0.7530, -0.3953
7.540, 0.7540, 0.7738
7.550, 0.7550, 1.352
7.560, 0.7560, 0.5480
7.570, 0.7570, 0.4710
7.580, 0.7580, -1.731
7.590, 0.7590, 0.3649
7.600, 0.7600, 0.8985
7.610, 0.7610, 3.206
7.620, 0.7620, 2.257
7.630, 0.7630, 2.295
7.640, 0.7640, 1.342
7.650, 0.7650, 1.562
7.660, 0.7660, 1.179
7.670, 0.7670, 1.449
7.680, 0.7680, 1.234
7.690, 0.7690, 1.999
7.700, 0.7700, 1.620
7.710, 0.7710, 0.6013
7.720, 0.7720, 0.7189
7.730, 0.7730, 2.580
7.740, 0.7740, 0.3973
7.750, 0.7750, 0.2289
7.760, 0.7760, -0.1433
7.770, 0.7770, -0.2904
7.780, 0.7780, -0.9643
7.790, 0.7790, 0.7327
7.800, 0.7800, -0.2602
7.810, 0.7810, -0.008159
7.820, 0.7820, 0.9883
7.830, 0.7830, 2.842
7.840, 0.7840, 2.946
7.850, 0.7850, 4.281
7.860, 0.7860, 2.600
7.870, 0.7870, 3.023
7.880, 0.7880, 2.394
7.890, 0.7890, 1.791
7.900, 0.7900, 2.208
7.910, 0.7910, 3.812
7.920, 0.7920, 2.965
7.930, 0.7930, 3.181
7.940, 0.7940, 2.151
7.950, 0.7950, 2.527
7.960, 0.7960, 1.440
7.970, 0.7970, 1.829
7.980, 0.7980, 0.8547
7.990, 0.7990, 2.013
8.000, 0.8000, 0.08890
8.010, 0.8010, 0.2326
8.020, 0.8020, 0.7565
8.030, 0.8030, -0.06988
8.040, 0.8040, 0.1922
8.050, 0.8050, 0.2322
8.060, 0.8060, 0.2430
8.070, 0.8070, 1.029
8.080, 0.8080, -0.4249
8.090, 0.8090, -0.03759
8.100, 0.8100, -0.6492
8.110, 0.8110, 0.5054
8.120, 0.8120, 0.08749
8.130, 0.8130, 0.7188
8.140, 0.8140, 0.3332
8.150, 0.8150, -0.02453
8.160, 0.8160, -0.3481
8.170, 0.8170, 0.7118
8.180, 0.8180, 0.2291
8.190, 0.8190, -0.4653
8.200, 0.8200, -0.7658
8.210, 0.8210, 0.1718
8.220, 0.8220, 1.271
8.230, 0.8230, 1.936
8.240, 0.8240, 1.617
8.250, 0.8250, 2.923
8.260, 0.8260, 4.141
8.270, 0.8270, 3.430
8.280, 0.8280, 4.893
8.290, 0.8290, 3.888
8.300, 0.8300, 3.001
8.310, 0.8310, 2.835
8.320, 0.8320, 3.930
8.330, 0.8330, 1.979
8.340, 0.8340, 2.237
8.350, 0.8350, 3.203
8.360, 0.8360, 1.766
8.370, 0.8370, 0.6025
8.380, 0.8380, 2.182
8.390, 0.8390, 0.8873
8.400, 0.8400, 1.138
8.410, 0.8410, 2.046
8.420, 0.8420, 0.4140
8.430, 0.8430, 1.174
8.440, 0.8440, 0.1610
8.450, 0.8450, -0.1536
8.460, 0.8460, -0.2421
8.470, 0.8470, 1.400
8.480, 0.8480, -0.6808
8.490, 0.8490, -1.130
8.500, 0.8500, -0.2320
8.510, 0.8510, 0.2959
8.520, 0.8520, 1.480
8.530, 0.8530, 1.252
8.540, 0.8540, 2.710
8.550, 0.8550, 3.191
8.560, 0.8560, 2.316
8.570, 0.8570, 2.778
8.580, 0.8580, 3.781
8.590, 0.8590, 2.207
8.600, 0.8600, 2.687
8.610, 0.8610, 0.7551
8.620, 0.8620, 2.434
8.630, 0.8630, 0.2170
8.640, 0.8640, 2.334
8.650, 0.8650, 3.514
8.660, 0.8660, 2.877
8.670, 0.8670, 1.901
8.680, 0.8680, 2.096
8.690, 0.8690, 2.222
8.700, 0.8700, 2.253
8.710, 0.8710, 1.927
8.720, 0.8720, 2.358
8.730, 0.8730, 1.698
8.740, 0.8740, 0.9161
8.750, 0.8750, -0.3192
8.760, 0.8760, -1.435
8.770, 0.8770, 0.5689
8.780, 0.8780, -0.1291
8.790, 0.8790, -0.1588
8.800, 0.8800, 1.288
8.810, 0.8810, 0.6247
8.820, 0.8820, 2.434
8.830, 0.8830, 3.333
8.840, 0.8840, 2.692
8.850, 0.8850, 1.483
8.860, 0.8860, 3.041
8.870, 0.8870, 3.840
8.880, 0.8880, 3.771
8.890, 0.8890, 2.317
8.900, 0.8900, 0.9885
8.910, 0.8910, 2.003
8.920, 0.8920, 2.097
8.930, 0.8930, 1.241
8.940, 0.8940, 2.291
8.950, 0.8950, 1.652
8.960, 0.8960, 1.596
8.970, 0.8970, 1.463
8.980, 0.8980, 1.176
8.990, 0.8990, 1.605
9.000, 0.9000, 2.031
9.010, 0.9010, 1.136
9.020, 0.9020, 2.158
9.030, 0.9030, 1.229
9.040, 0.9040, 0.04548
9.050, 0.9050, -0.6138
9.060, 0.9060, 0.3429
9.070, 0.9070, 0.05984
9.080, 0.9080, 1.875
9.090, 0.9090, 3.598
9.100, 0.9100, 4.783
9.110, 0.9110, 5.332
9.120, 0.9120, 3.484
9.130, 0.9130, 4.714
9.140, 0.9140, 2.544
9.150, 0.9150, 2.051
9.160, 0.9160, 3.184
9.170, 0.9170, 3.232
9.180, 0.9180, 2.149
9.190, 0.9190, 2.198
9.200, 0.9200, 1.619
9.210, 0.9210, 0.2985
9.220, 0.9220, 0.5831
9.230, 0.9230, 0.7470
9.240, 0.9240, 1.055
9.250, 0.9250, -0.09695
9.260, 0.9260, 1.724
9.270, 0.9270, 0.2606
9.280, 0.9280, -0.2794
9.290, 0.9290, 1.416
9.300, 0.9300, 2.828
9.310, 0.9310, 3.088
9.320, 0.9320, 3.650
9.330, 0.9330, 1.274
9.340, 0.9340, 1.485
9.350, 0.9350, 2.701
9.360, 0.9360, 1.923
9.370, 0.9370, 2.514
9.380, 0.9380, 3.550
9.390, 0.9390, 2.212
9.400, 0.9400, 0.7462
9.410, 0.9410, 1.118
9.420, 0.9420, 0.2832
9.430, 0.9430, 0.9163
9.440, 0.9440, -0.1094
9.450, 0.9450, 0.5287
9.460, 0.9460, 1.458
9.470, 0.9470, 1.622
9.480, 0.9480, 1.896
9.490, 0.9490, 2.054
9.500, 0.9500, 2.309
9.510, 0.9510, 3.730
9.520, 0.9520, 3.990
9.530, 0.9530, 3.899
9.540, 0.9540, 3.023
9.550, 0.9550, 4.126
9.560, 0.9560, 3.766
9.570, 0.9570, 1.852
9.580, 0.9580, 2.040
9.590, 0.9590, 2.073
9.600, 0.9600, 1.494
9.610, 0.9610, 1.661
9.620, 0.9620, 1.432
9.630, 0.9630, 2.251
9.640, 0.9640, 1.138
9.650, 0.9650, 0.4554
9.660, 0.9660, 1.614
9.670, 0.9670, 0.6623
9.680, 0.9680, 1.971
9.690, 0.9690, 2.148
9.700, 0.9700, 0.9976
9.710, 0.9710, 4.050
9.720, 0.9720, 3.078
9.730, 0.9730, 2.755
9.740, 0.9740, 2.312
9.750, 0.9750, 3.184
9.760, 0.9760, 2.844
9.770, 0.9770, 2.298
9.780, 0.9780, 1.932
9.790, 0.9790, 3.318
9.800, 0.9800, 2.832
9.810, 0.9810, 2.801
9.820, 0.9820, 2.399
9.830, 0.9830, 2.297
9.840, 0.9840, 2.417
9.850, 0.9850, 1.630
9.860, 0.9860, -0.3660
9.870, 0.9870, 1.356
9.880, 0.9880, 0.7220
9.890, 0.9890, 0.9903
9.900, 0.9900, 0.8950
9.910, 0.9910, 1.884
9.920, 0.9920, 1.853
9.930, 0.9930, 4.394
9.940, 0.9940, 5.059
9.950, 0.9950, 4.166
9.960, 0.9960, 4.804
9.970, 0.9970, 2.852
9.980, 0.9980, 3.931
9.990, 0.9990, 3.585
10.00, 1.000, 2.684
10.01, 1.001, 1.112
10.02, 1.002, 2.907
10.03, 1.003, 0.7765
10.04, 1.004, 1.025
10.05, 1.005, 1.165
10.06, 1.006, 0.1958
10.07, 1.007, 1.058
10.08, 1.008, 2.148
10.09, 1.009, 1.987
10.10, 1.010, 1.193
10.11, 1.011, 3.531
10.12, 1.012, 3.413
10.13, 1.013, 2.396
10.14, 1.014, 3.526
10.15, 1.015, 3.130
10.16, 1.016, 2.547
10.17, 1.017, 2.212
10.18, 1.018, 2.913
10.19, 1.019, 1.906
10.20, 1.020, 1.890
10.21, 1.021, 0.1043
10.22, 1.022, 0.1684
10.23, 1.023, -0.1427
10.24, 1.024, 0.8513
10.25, 1.025, 0.9902
10.26, 1.026, 0.9832
10.27, 1.027, 1.074
10.28, 1.028, 0.1217
10.29, 1.029, 0.5847
10.30, 1.030, 2.944
10.31, 1.031, 4.638
10.32, 1.032, 3.866
10.33, 1.033, 4.148
10.34, 1.034, 4.095
10.35, 1.035, 3.948
10.36, 1.036, 5.764
10.37, 1.037, 5.320
10.38, 1.038, 5.108
10.39, 1.039, 5.023
10.40, 1.040, 4.148
10.41, 1.041, 3.196
10.42, 1.042, 5.011
10.43, 1.043, 3.191
10.44, 1.044, 1.917
10.45, 1.045, 1.808
10.46, 1.046, 1.254
10.47, 1.047, 1.959
10.48, 1.048, 2.667
10.49, 1.049, 1.866
10.50, 1.050, 2.373
10.51, 1.051, 1.400
10.52, 1.052, 1.582
10.53, 1.053, 3.125
10.54, 1.054, 3.313
10.55, 1.055, 3.693
10.56, 1.056, 4.158
10.57, 1.057, 3.932
10.58, 1.058, 4.169
10.59, 1.059, 4.587
10.60, 1.060, 2.039
10.61, 1.061, 4.159
10.62, 1.062, 3.888
10.63, 1.063, 2.547
10.64, 1.064, 3.948
10.65, 1.065, 3.080
10.66, 1.066, 2.823
10.67, 1.067, 3.615
10.68, 1.068, 1.927
10.69, 1.069, 1.275
10.70, 1.070, 0.7448
10.71, 1.071, 0.8370
10.72, 1.072, 1.872
10.73, 1.073, 2.053
10.74, 1.074, 1.335
10.75, 1.075, 3.138
10.76, 1.076, 2.520
10.77, 1.077, 4.783
10.78, 1.078, 5.010
10.79, 1.079, 3.596
10.80, 1.080, 5.755
10.81, 1.081, 5.746
10.82, 1.082, 6.444
10.83, 1.083, 4.429
10.84, 1.084, 4.214
10.85, 1.085, 4.018
10.86, 1.086, 3.795
10.87, 1.087, 4.061
10.88, 1.088, 5.326
10.89, 1.089, 3.403
10.90, 1.090, 3.833
10.91, 1.091, 4.500
10.92, 1.092, 3.630
10.93, 1.093, 2.499
10.94, 1.094, 0.8388
10.95, 1.095, 0.4640
10.96, 1.096, 1.621
10.97, 1.097, 2.712
10.98, 1.098, 2.722
10.99, 1.099, 3.712
11.00, 1.100, 3.431
11.01, 1.101, 2.057
11.02, 1.102, 3.997
11.03, 1.103, 4.415
11.04, 1.104, 5.245
11.05, 1.105, 4.005
11.06, 1.106, 4.743
11.07, 1.107, 3.472
11.08, 1.108, 2.213
11.09, 1.109, 3.733
11.10, 1.110, 4.589
11.11, 1.111, 2.223
11.12, 1.112, 2.747
11.13, 1.113, 2.526
11.14, 1.114, 2.263
11.15, 1.115, 1.361
11.16, 1.116, 2.042
11.17, 1.117, 1.086
11.18, 1.118, 3.410
11.19, 1.119, 3.381
11.20, 1.120, 4.981
11.21, 1.121, 7.031
11.22, 1.122, 5.594
11.23, 1.123, 5.657
11.24, 1.124, 4.739
11.25, 1.125, 4.525
11.26, 1.126, 4.278
11.27, 1.127, 5.470
11.28, 1.128, 3.274
11.29, 1.129, 2.034
11.30, 1.130, 2.838
11.31, 1.131, 2.831
11.32, 1.132, 3.258
11.33, 1.133, 1.958
11.34, 1.134, 4.098
11.35, 1.135, 4.302
11.36, 1.136, 3.211
11.37, 1.137, 5.876
11.38, 1.138, 6.110
11.39, 1.139, 4.192
11.40, 1.140, 4.254
11.41, 1.141, 4.141
11.42, 1.142, 3.500
11.43, 1.143, 3.227
11.44, 1.144, 2.492
11.45, 1.145, 3.139
11.46, 1.146, 1.778
11.47, 1.147, 2.033
11.48, 1.148, 2.728
11.49, 1.149, 5.835
11.50, 1.150, 3.375
11.51, 1.151, 5.816
11.52, 1.152, 6.429
11.53, 1.153, 5.209
11.54, 1.154, 3.631
11.55, 1.155, 4.506
11.56, 1.156, 5.613
11.57, 1.157, 4.009
11.58, 1.158, 3.616
11.59, 1.159, 4.102
11.60, 1.160, 3.088
11.61, 1.161, 2.507
11.62, 1.162, 4.779
11.63, 1.163, 5.452
11.64, 1.164, 7.186
11.65, 1.165, 6.238
11.66, 1.166, 4.472
11.67, 1.167, 6.058
11.68, 1.168, 5.083
11.69, 1.169, 5.117
11.70, 1.170, 3.472
11.71, 1.171, 4.665
11.72, 1.172, 2.908
11.73, 1.173, 3.483
11.74, 1.174, 3.686
11.75, 1.175, 1.705
11.76, 1.176, 2.798
11.77, 1.177, 4.711
11.78, 1.178, 5.672
11.79, 1.179, 6.005
11.80, 1.180, 6.001
11.81, 1.181, 4.076
11.82, 1.182, 4.378
11.83, 1.183, 3.438
11.84, 1.184, 2.662
11.85, 1.185, 2.732
11.86, 1.186, 2.530
11.87, 1.187, 2.853
11.88, 1.188, 3.035
11.89, 1.189, 1.546
11.90, 1.190, 4.890
11.91, 1.191, 4.298
11.92, 1.192, 5.239
11.93, 1.193, 5.570
11.94, 1.194, 5.772
11.95, 1.195, 4.061
11.96, 1.196, 3.384
11.97, 1.197, 5.165
11.98, 1.198, 4.434
11.99, 1.199, 4.877
12.00, 1.200, 3.938
12.01, 1.201, 4.005
12.02, 1.202, 2.947
12.03, 1.203, 3.237
12.04, 1.204, 4.271
12.05, 1.205, 6.018
12.06, 1.206, 4.589
12.07, 1.207, 5.795
12.08, 1.208, 5.473
12.09, 1.209, 6.618
12.10, 1.210, 6.314
12.11, 1.211, 5.729
12.12, 1.212, 5.761
12.13, 1.213, 4.630
12.14, 1.214, 6.247
12.15, 1.215, 3.992
12.16, 1.216, 5.224
12.17, 1.217, 5.935
12.18, 1.218, 3.524
12.19, 1.219, 2.984
12.20, 1.220, 3.150
12.21, 1.221, 4.500
12.22, 1.222, 3.313
12.23, 1.223, 4.185
12.24, 1.224, 2.936
12.25, 1.225, 3.148
12.26, 1.226, 3.917
12.27, 1.227, 4.642
12.28, 1.228, 3.352
12.29, 1.229, 6.531
12.30, 1.230, 5.749
12.31, 1.231, 6.655
12.32, 1.232, 5.470
12.33, 1.233, 6.643
12.34, 1.234, 4.819
12.35, 1.235, 5.261
12.36, 1.236, 5.790
12.37, 1.237, 6.195
12.38, 1.238, 4.713
12.39, 1.239, 5.519
12.40, 1.240, 5.963
12.41, 1.241, 3.909
12.42, 1.242, 4.999
12.43, 1.243, 4.686
12.44, 1.244, 5.217
12.45, 1.245, 4.778
12.46, 1.246, 6.464
12.47, 1.247, 5.678
12.48, 1.248, 6.736
12.49, 1.249, 6.570
12.50, 1.250, 6.213
12.51, 1.251, 2.640
12.52, 1.252, 5.592
12.53, 1.253, 5.595
12.54, 1.254, 4.760
12.55, 1.255, 3.650
12.56, 1.256, 5.896
12.57, 1.257, 3.448
12.58, 1.258, 3.612
12.59, 1.259, 3.271
12.60, 1.260, 4.177
12.61, 1.261, 4.407
12.62, 1.262, 5.643
12.63, 1.263, 5.565
12.64, 1.264, 5.246
12.65, 1.265, 7.675
12.66, 1.266, 8.018
12.67, 1.267, 6.628
12.68, 1.268, 6.702
12.69, 1.269, 7.124
12.70, 1.270, 8.202
12.71, 1.271, 7.426
12.72, 1.272, 5.982
12.73, 1.273, 5.689
12.74, 1.274, 6.154
12.75, 1.275, 6.931
12.76, 1.276, 4.959
12.77, 1.277, 6.690
12.78, 1.278, 6.112
12.79, 1.279, 7.231
12.80, 1.280, 5.892
12.81, 1.281, 4.426
12.82, 1.282, 6.523
12.83, 1.283, 4.619
12.84, 1.284, 3.949
12.85, 1.285, 3.977
12.86, 1.286, 6.308
12.87, 1.287, 6.352
12.88, 1.288, 7.533
12.89, 1.289, 8.312
12.90, 1.290, 8.910
12.91, 1.291, 9.415
12.92, 1.292, 8.635
12.93, 1.293, 7.831
12.94, 1.294, 6.794
12.95, 1.295, 8.407
12.96, 1.296, 8.316
12.97, 1.297, 7.380
12.98, 1.298, 6.907
12.99, 1.299, 8.063
13.00, 1.300, 7.752
13.01, 1.301, 6.935
13.02, 1.302, 7.168
13.03, 1.303, 4.270
13.04, 1.304, 4.162
13.05, 1.305, 4.846
13.06, 1.306, 6.407
13.07, 1.307, 6.976
13.08, 1.308, 8.125
13.09, 1.309, 8.928
13.10, 1.310, 8.163
13.11, 1.311, 8.662
13.12, 1.312, 9.860
13.13, 1.313, 7.914
13.14, 1.314, 6.832
13.15, 1.315, 7.886
13.16, 1.316, 8.526
13.17, 1.317, 6.585
13.18, 1.318, 6.505
13.19, 1.319, 5.377
13.20, 1.320, 5.465
13.21, 1.321, 5.237
13.22, 1.322, 7.607
13.23, 1.323, 5.847
13.24, 1.324, 7.261
13.25, 1.325, 7.792
13.26, 1.326, 7.144
13.27, 1.327, 6.920
13.28, 1.328, 8.529
13.29, 1.329, 10.01
13.30, 1.330, 10.39
13.31, 1.331, 11.59
13.32, 1.332, 10.70
13.33, 1.333, 9.776
13.34, 1.334, 9.415
13.35, 1.335, 10.08
13.36, 1.336, 10.62
13.37, 1.337, 8.321
13.38, 1.338, 9.868
13.39, 1.339, 7.969
13.40, 1.340, 9.352
13.41, 1.341, 8.047
13.42, 1.342, 7.236
13.43, 1.343, 7.437
13.44, 1.344, 7.405
13.45, 1.345, 6.682
13.46, 1.346, 7.979
13.47, 1.347, 7.804
13.48, 1.348, 7.947
13.49, 1.349, 8.521
13.50, 1.350, 8.499
13.51, 1.351, 7.973
13.52, 1.352, 8.770
13.53, 1.353, 8.526
13.54, 1.354, 9.685
13.55, 1.355, 10.09
13.56, 1.356, 9.269
13.57, 1.357, 10.78
13.58, 1.358, 10.31
13.59, 1.359, 10.23
13.60, 1.360, 10.21
13.61, 1.361, 10.35
13.62, 1.362, 10.13
13.63, 1.363, 7.626
13.64, 1.364, 8.913
13.65, 1.365, 10.03
13.66, 1.366, 10.08
13.67, 1.367, 7.417
13.68, 1.368, 9.194
13.69, 1.369, 8.958
13.70, 1.370, 8.952
13.71, 1.371, 9.018
13.72, 1.372, 11.57
13.73, 1.373, 10.68
13.74, 1.374, 10.26
13.75, 1.375, 10.62
13.76, 1.376, 9.144
13.77, 1.377, 9.730
13.78, 1.378, 10.85
13.79, 1.379, 11.07
13.80, 1.380, 10.16
13.81, 1.381, 13.24
13.82, 1.382, 12.03
13.83, 1.383, 12.54
13.84, 1.384, 11.91
13.85, 1.385, 10.65
13.86, 1.386, 10.88
13.87, 1.387, 11.53
13.88, 1.388, 12.05
13.89, 1.389, 10.06
13.90, 1.390, 10.55
13.91, 1.391, 10.44
13.92, 1.392, 9.693
13.93, 1.393, 10.32
13.94, 1.394, 9.685
13.95, 1.395, 9.079
13.96, 1.396, 10.20
13.97, 1.397, 9.998
13.98, 1.398, 11.48
13.99, 1.399, 12.35
14.00, 1.400, 11.96
14.01, 1.401, 12.56
14.02, 1.402, 11.98
14.03, 1.403, 12.73
14.04, 1.404, 10.69
14.05, 1.405, 10.52
14.06, 1.406, 11.71
14.07, 1.407, 12.85
14.08, 1.408, 12.38
14.09, 1.409, 12.84
14.10, 1.410, 12.55
14.11, 1.411, 9.607
14.12, 1.412, 11.01
14.13, 1.413, 10.87
14.14, 1.414, 12.42
14.15, 1.415, 11.16
14.16, 1.416, 11.29
14.17, 1.417, 12.61
14.18, 1.418, 13.64
14.19, 1.419, 14.91
14.20, 1.420, 14.68
14.21, 1.421, 14.14
14.22, 1.422, 14.25
14.23, 1.423, 13.70
14.24, 1.424, 14.05
14.25, 1.425, 13.83
14.26, 1.426, 12.36
14.27, 1.427, 13.80
14.28, 1.428, 13.61
14.29, 1.429, 13.47
14.30, 1.430, 11.81
14.31, 1.431, 12.03
14.32, 1.432, 12.60
14.33, 1.433, 11.29
14.34, 1.434, 11.97
14.35, 1.435, 11.65
14.36, 1.436, 12.76
14.37, 1.437, 12.92
14.38, 1.438, 13.89
14.39, 1.439, 14.77
14.40, 1.440, 14.80
14.41, 1.441, 14.56
14.42, 1.442, 13.85
14.43, 1.443, 15.50
14.44, 1.444, 14.03
14.45, 1.445, 14.82
14.46, 1.446, 14.22
14.47, 1.447, 14.27
14.48, 1.448, 13.16
14.49, 1.449, 13.87
14.50, 1.450, 12.69
14.51, 1.451, 12.37
14.52, 1.452, 12.91
14.53, 1.453, 12.22
14.54, 1.454, 12.76
14.55, 1.455, 11.98
14.56, 1.456, 13.73
14.57, 1.457, 14.57
14.58, 1.458, 13.62
14.59, 1.459, 15.40
14.60, 1.460, 14.88
14.61, 1.461, 17.38
14.62, 1.462, 16.36
14.63, 1.463, 17.04
14.64, 1.464, 17.09
14.65, 1.465, 15.94
14.66, 1.466, 14.19
14.67, 1.467, 13.86
14.68, 1.468, 14.39
14.69, 1.469, 14.71
14.70, 1.470, 15.32
14.71, 1.471, 14.95
14.72, 1.472, 13.11
14.73, 1.473, 12.97
14.74, 1.474, 14.30
14.75, 1.475, 12.80
14.76, 1.476, 12.01
14.77, 1.477, 14.36
14.78, 1.478, 14.45
14.79, 1.479, 14.10
14.80, 1.480, 13.00
14.81, 1.481, 12.87
14.82, 1.482, 15.21
14.83, 1.483, 14.61
14.84, 1.484, 14.56
14.85, 1.485, 14.45
14.86, 1.486, 16.49
14.87, 1.487, 14.54
14.88, 1.488, 16.92
14.89, 1.489, 16.17
14.90, 1.490, 16.45
14.91, 1.491, 13.67
14.92, 1.492, 15.93
14.93, 1.493, 16.09
14.94, 1.494, 16.49
14.95, 1.495, 15.25
14.96, 1.496, 16.10
14.97, 1.497, 16.22
14.98, 1.498, 17.17
14.99, 1.499, 17.87
15.00, 1.500, 16.22
15.01, 1.501, 11.42
15.02, 1.502, 15.52
15.03, 1.503, 15.39
15.04, 1.504, 16.10
15.05, 1.505, 15.12
15.06, 1.506, 19.18
15.07, 1.507, 17.88
15.08, 1.508, 17.60
15.09, 1.509, 18.60
15.10, 1.510, 18.09
15.11, 1.511, 17.70
15.12, 1.512, 16.24
15.13, 1.513, 15.96
15.14, 1.514, 17.65
15.15, 1.515, 17.64
15.16, 1.516, 17.84
15.17, 1.517, 15.76
15.18, 1.518, 15.43
15.19, 1.519, 13.94
15.20, 1.520, 16.01
15.21, 1.521, 15.60
15.22, 1.522, 15.29
15.23, 1.523, 14.92
15.24, 1.524, 17.03
15.25, 1.525, 17.27
15.26, 1.526, 19.39
15.27, 1.527, 17.02
15.28, 1.528, 17.64
15.29, 1.529, 17.05
15.30, 1.530, 18.15
15.31, 1.531, 16.76
15.32, 1.532, 18.68
15.33, 1.533, 17.79
15.34, 1.534, 17.96
15.35, 1.535, 17.04
15.36, 1.536, 17.31
15.37, 1.537, 17.42
15.38, 1.538, 15.65
15.39, 1.539, 16.19
15.40, 1.540, 17.89
15.41, 1.541, 18.61
15.42, 1.542, 19.84
15.43, 1.543, 19.91
15.44, 1.544, 20.73
15.45, 1.545, 20.49
15.46, 1.546, 19.84
15.47, 1.547, 19.17
15.48, 1.548, 19.61
15.49, 1.549, 18.41
15.50, 1.550, 18.39
15.51, 1.551, 18.81
15.52, 1.552, 17.86
15.53, 1.553, 17.65
15.54, 1.554, 18.70
15.55, 1.555, 17.95
15.56, 1.556, 17.81
15.57, 1.557, 20.57
15.58, 1.558, 19.83
15.59, 1.559, 20.05
15.60, 1.560, 22.11
15.61, 1.561, 20.35
15.62, 1.562, 19.74
15.63, 1.563, 19.83
15.64, 1.564, 19.23
15.65, 1.565, 18.11
15.66, 1.566, 19.32
15.67, 1.567, 19.06
15.68, 1.568, 19.04
15.69, 1.569, 19.07
15.70, 1.570, 16.87
15.71, 1.571, 18.44
15.72, 1.572, 17.45
15.73, 1.573, 20.09
15.74, 1.574, 19.14
15.75, 1.575, 21.06
15.76, 1.576, 20.62
15.77, 1.577, 20.97
15.78, 1.578, 19.73
15.79, 1.579, 19.13
15.80, 1.580, 19.93
15.81, 1.581, 20.25
15.82, 1.582, 21.14
15.83, 1.583, 21.20
15.84, 1.584, 20.19
15.85, 1.585, 20.64
15.86, 1.586, 21.31
15.87, 1.587, 20.39
15.88, 1.588, 23.42
15.89, 1.589, 22.79
15.90, 1.590, 23.30
15.91, 1.591, 22.37
15.92, 1.592, 22.94
15.93, 1.593, 21.89
15.94, 1.594, 21.56
15.95, 1.595, 22.55
15.96, 1.596, 21.45
15.97, 1.597, 22.09
15.98, 1.598, 21.67
15.99, 1.599, 20.82
16.00, 1.600, 21.26
16.01, 1.601, 20.08
16.02, 1.602, 21.26
16.03, 1.603, 21.80
16.04, 1.604, 23.95
16.05, 1.605, 24.12
16.06, 1.606, 24.27
16.07, 1.607, 24.32
16.08, 1.608, 25.11
16.09, 1.609, 24.81
16.10, 1.610, 23.34
16.11, 1.611, 24.57
16.12, 1.612, 22.60
16.13, 1.613, 22.73
16.14, 1.614, 24.56
16.15, 1.615, 23.31
16.16, 1.616, 22.43
16.17, 1.617, 22.84
16.18, 1.618, 21.49
16.19, 1.619, 21.49
16.20, 1.620, 22.42
16.21, 1.621, 23.00
16.22, 1.622, 22.82
16.23, 1.623, 22.33
16.24, 1.624, 23.39
16.25, 1.625, 25.13
16.26, 1.626, 24.32
16.27, 1.627, 25.56
16.28, 1.628, 26.68
16.29, 1.629, 27.83
16.30, 1.630, 27.72
16.31, 1.631, 26.44
16.32, 1.632, 26.08
16.33, 1.633, 26.04
16.34, 1.634, 25.39
16.35, 1.635, 25.53
16.36, 1.636, 26.17
16.37, 1.637, 26.96
16.38, 1.638, 25.03
16.39, 1.639, 25.13
16.40, 1.640, 24.46
16.41, 1.641, 24.23
16.42, 1.642, 24.36
16.43, 1.643, 25.65
16.44, 1.644, 27.22
16.45, 1.645, 27.46
16.46, 1.646, 27.13
16.47, 1.647, 28.87
16.48, 1.648, 27.98
16.49, 1.649, 28.72
16.50, 1.650, 28.18
16.51, 1.651, 28.27
16.52, 1.652, 27.70
16.53, 1.653, 27.23
16.54, 1.654, 27.56
16.55, 1.655, 28.59
16.56, 1.656, 26.81
16.57, 1.657, 29.24
16.58, 1.658, 27.27
16.59, 1.659, 27.37
16.60, 1.660, 27.00
16.61, 1.661, 26.98
16.62, 1.662, 28.74
16.63, 1.663, 28.76
16.64, 1.664, 26.44
16.65, 1.665, 27.92
16.66, 1.666, 28.42
16.67, 1.667, 28.98
16.68, 1.668, 29.68
16.69, 1.669, 29.06
16.70, 1.670, 32.07
16.71, 1.671, 31.36
16.72, 1.672, 32.61
16.73, 1.673, 31.07
16.74, 1.674, 31.07
16.75, 1.675, 32.92
16.76, 1.676, 32.17
16.77, 1.677, 31.87
16.78, 1.678, 31.65
16.79, 1.679, 32.05
16.80, 1.680, 31.73
16.81, 1.681, 32.75
16.82, 1.682, 31.83
16.83, 1.683, 33.55
16.84, 1.684, 34.34
16.85, 1.685, 32.22
16.86, 1.686, 33.86
16.87, 1.687, 34.48
16.88, 1.688, 33.81
16.89, 1.689, 32.22
16.90, 1.690, 32.97
16.91, 1.691, 32.81
16.92, 1.692, 33.62
16.93, 1.693, 32.86
16.94, 1.694, 32.05
16.95, 1.695, 31.94
16.96, 1.696, 31.13
16.97, 1.697, 32.99
16.98, 1.698, 32.21
16.99, 1.699, 33.09
17.00, 1.700, 32.23
17.01, 1.701, 32.70
17.02, 1.702, 33.42
17.03, 1.703, 33.94
17.04, 1.704, 35.18
17.05, 1.705, 34.67
17.06, 1.706, 35.64
17.07, 1.707, 37.46
17.08, 1.708, 37.69
17.09, 1.709, 37.60
17.10, 1.710, 36.18
17.11, 1.711, 38.06
17.12, 1.712, 37.13
17.13, 1.713, 37.34
17.14, 1.714, 38.33
17.15, 1.715, 37.68
17.16, 1.716, 37.24
17.17, 1.717, 37.65
17.18, 1.718, 38.42
17.19, 1.719, 38.77
17.20, 1.720, 37.78
17.21, 1.721, 37.62
17.22, 1.722, 38.20
17.23, 1.723, 38.07
17.24, 1.724, 38.24
17.25, 1.725, 37.44
17.26, 1.726, 37.65
17.27, 1.727, 37.55
17.28, 1.728, 38.38
17.29, 1.729, 39.60
17.30, 1.730, 39.73
17.31, 1.731, 40.97
17.32, 1.732, 42.08
17.33, 1.733, 42.15
17.34, 1.734, 42.54
17.35, 1.735, 41.33
17.36, 1.736, 42.25
17.37, 1.737, 42.14
17.38, 1.738, 41.84
17.39, 1.739, 42.93
17.40, 1.740, 41.64
17.41, 1.741, 43.18
17.42, 1.742, 43.81
17.43, 1.743, 43.33
17.44, 1.744, 44.03
17.45, 1.745, 43.90
17.46, 1.746, 43.48
17.47, 1.747, 43.81
17.48, 1.748, 43.51
17.49, 1.749, 43.47
17.50, 1.750, 42.52
17.51, 1.751, 42.49
17.52, 1.752, 44.02
17.53, 1.753, 44.74
17.54, 1.754, 43.71
17.55, 1.755, 45.03
17.56, 1.756, 47.55
17.57, 1.757, 48.40
17.58, 1.758, 48.17
17.59, 1.759, 48.38
17.60, 1.760, 50.06
17.61, 1.761, 50.05
17.62, 1.762, 49.69
17.63, 1.763, 50.93
17.64, 1.764, 49.98
17.65, 1.765, 49.72
17.66, 1.766, 50.04
17.67, 1.767, 50.44
17.68, 1.768, 49.19
17.69, 1.769, 49.35
17.70, 1.770, 50.07
17.71, 1.771, 50.18
17.72, 1.772, 49.83
17.73, 1.773, 50.83
17.74, 1.774, 51.18
17.75, 1.775, 51.44
17.76, 1.776, 50.82
17.77, 1.777, 52.31
17.78, 1.778, 53.82
17.79, 1.779, 52.94
17.80, 1.780, 53.69
17.81, 1.781, 53.61
17.82, 1.782, 56.85
17.83, 1.783, 55.11
17.84, 1.784, 57.87
17.85, 1.785, 56.62
17.86, 1.786, 57.68
17.87, 1.787, 56.78
17.88, 1.788, 56.87
17.89, 1.789, 59.32
17.90, 1.790, 58.16
17.91, 1.791, 57.46
17.92, 1.792, 58.55
17.93, 1.793, 59.09
17.94, 1.794, 60.22
17.95, 1.795, 61.36
17.96, 1.796, 61.51
17.97, 1.797, 61.15
17.98, 1.798, 60.76
17.99, 1.799, 62.77
18.00, 1.800, 63.33
18.01, 1.801, 63.04
18.02, 1.802, 62.77
18.03, 1.803, 64.27
18.04, 1.804, 64.69
18.05, 1.805, 66.29
18.06, 1.806, 68.02
18.07, 1.807, 67.03
18.08, 1.808, 68.17
18.09, 1.809, 68.34
18.10, 1.810, 68.68
18.11, 1.811, 67.81
18.12, 1.812, 67.69
18.13, 1.813, 70.34
18.14, 1.814, 67.52
18.15, 1.815, 68.04
18.16, 1.816, 70.48
18.17, 1.817, 70.08
18.18, 1.818, 69.72
18.19, 1.819, 69.63
18.20, 1.820, 69.96
18.21, 1.821, 71.94
18.22, 1.822, 70.59
18.23, 1.823, 73.65
18.24, 1.824, 74.01
18.25, 1.825, 75.84
18.26, 1.826, 76.19
18.27, 1.827, 77.61
18.28, 1.828, 77.29
18.29, 1.829, 77.97
18.30, 1.830, 78.33
18.31, 1.831, 79.56
18.32, 1.832, 78.60
18.33, 1.833, 80.47
18.34, 1.834, 80.53
18.35, 1.835, 81.58
18.36, 1.836, 83.70
18.37, 1.837, 83.42
18.38, 1.838, 83.86
18.39, 1.839, 85.77
18.40, 1.840, 86.32
18.41, 1.841, 84.92
18.42, 1.842, 86.66
18.43, 1.843, 85.57
18.44, 1.844, 87.25
18.45, 1.845, 88.62
18.46, 1.846, 88.01
18.47, 1.847, 89.51
18.48, 1.848, 90.20
18.49, 1.849, 91.49
18.50, 1.850, 91.36
18.51, 1.851, 92.96
18.52, 1.852, 93.84
18.53, 1.853, 94.59
18.54, 1.854, 95.69
18.55, 1.855, 96.25
18.56, 1.856, 97.61
18.57, 1.857, 98.14
18.58, 1.858, 98.69
18.59, 1.859, 99.35
18.60, 1.860, 99.50
18.61, 1.861, 98.60
18.62, 1.862, 99.69
18.63, 1.863, 99.45
18.64, 1.864, 99.68
18.65, 1.865, 99.81
18.66, 1.866, 100.0
18.67, 1.867, 100.0
18.68, 1.868, 99.72
18.69, 1.869, 100.0
18.70, 1.870, 100.0
18.71, 1.871, 100.0
18.72, 1.872, 100.0
18.73, 1.873, 100.0
18.74, 1.874, 100.0
18.75, 1.875, 100.0
18.76, 1.876, 100.0
18.77, 1.877, 100.0
18.78, 1.878, 100.0
18.79, 1.879, 100.0
18.80, 1.880, 100.0
18.81, 1.881, 100.0
18.82, 1.882, 100.0
18.83, 1.883, 100.0
18.84, 1.884, 100.0
18.85, 1.885, 100.0
18.86, 1.886, 100.0
18.87, 1.887, 100.0
18.88, 1.888, 100.0
18.89, 1.889, 100.0
18.90, 1.890, 100.0
18.91, 1.891, 100.0
18.92, 1.892, 100.0
18.93, 1.893, 100.0
18.94, 1.894, 100.0
18.95, 1.895, 100.0
18.96, 1.896, 100.0
18.97, 1.897, 100.0
18.98, 1.898, 100.0
18.99, 1.899, 100.0
19.00, 1.900, 100.0
19.01, 1.901, 100.0
19.02, 1.902, 100.0
19.03, 1.903, 100.0
19.04, 1.904, 100.0
19.05, 1.905, 100.0
19.06, 1.906, 100.0
19.07, 1.907, 100.0
19.08, 1.908, 100.0
19.09, 1.909, 100.0
19.10, 1.910, 100.0
19.11, 1.911, 100.0
19.12, 1.912, 100.0
19.13, 1.913, 100.0
19.14, 1.914, 100.0
19.15, 1.915, 100.0
19.16, 1.916, 100.0
19.17, 1.917, 100.0
19.18, 1.918, 100.0
19.19, 1.919, 100.0
19.20, 1.920, 100.0
19.21, 1.921, 100.0
19.22, 1.922, 100.0
19.23, 1.923, 100.0
19.24, 1.924, 100.0
19.25, 1.925, 100.0
19.26, 1.926, 100.0
19.27, 1.927, 100.0
19.28, 1.928, 100.0
19.29, 1.929, 100.0
19.30, 1.930, 100.0
19.31, 1.931, 100.0
19.32, 1.932, 100.0
19.33, 1.933, 100.0
19.34, 1.934, 100.0
19.35, 1.935, 100.0
19.36, 1.936, 100.0
19.37, 1.937, 100.0
19.38, 1.938, 100.0
19.39, 1.939, 100.0
19.40, 1.940, 100.0
19.41, 1.941, 100.0
19.42, 1.942, 100.0
19.43, 1.943, 100.0
19.44, 1.944, 100.0
19.45, 1.945, 100.0
19.46, 1.946, 100.0
19.47, 1.947, 100.0
19.48, 1.948, 100.0
19.49, 1.949, 100.0
19.50, 1.950, 100.0
19.51, 1.951, 100.0
19.52, 1.952, 100.0
19.53, 1.953, 100.0
19.54, 1.954, 100.0
19.55, 1.955, 100.0
19.56, 1.956, 100.0
19.57, 1.957, 100.0
19.58, 1.958, 100.0
19.59, 1.959, 100.0
19.60, 1.960, 100.0
19.61, 1.961, 100.0
19.62, 1.962, 100.0
19.63, 1.963, 100.0
19.64, 1.964, 100.0
19.65, 1.965, 100.0
19.66, 1.966, 100.0
19.67, 1.967, 100.0
19.68, 1.968, 100.0
19.69, 1.969, 100.0
19.70, 1.970, 100.0
19.71, 1.971, 100.0
19.72, 1.972, 100.0
19.73, 1.973, 100.0
19.74, 1.974, 100.0
19.75, 1.975, 100.0
19.76, 1.976, 100.0
19.77, 1.977, 100.0
19.78, 1.978, 100.0
19.79, 1.979, 100.0
19.80, 1.980, 100.0
19.81, 1.981, 100.0
19.82, 1.982, 100.0
19.83, 1.983, 100.0
19.84, 1.984, 100.0
19.85, 1.985, 100.0
19.86, 1.986, 100.0
19.87, 1.987, 100.0
19.88, 1.988, 100.0
19.89, 1.989, 100.0
19.90, 1.990, 100.0
19.91, 1.991, 100.0
19.92, 1.992, 100.0
19.93, 1.993, 100.0
19.94, 1.994, 100.0
19.95, 1.995, 100.0
19.96, 1.996, 100.0
19.97, 1.997, 100.0
19.98, 1.998, 100.0
19.99, 1.999, 100.0
20.00, 2.000, 100.0
20.01, 1.999, 100.0
20.02, 1.998, 100.0
20.03, 1.997, 100.0
20.04, 1.996, 100.0
20.05, 1.995, 100.0
20.06, 1.994, 100.0
20.07, 1.993, 100.0
20.08, 1.992, 100.0
20.09, 1.991, 100.0
20.10, 1.990, 100.0
20.11, 1.989, 100.0
20.12, 1.988, 100.0
20.13, 1.987, 100.0
20.14, 1.986, 100.0
20.15, 1.985, 100.0
20.16, 1.984, 100.0
20.17, 1.983, 100.0
20.18, 1.982, 100.0
20.19, 1.981, 100.0
20.20, 1.980, 100.0
20.21, 1.979, 100.0
20.22, 1.978, 100.0
20.23, 1.977, 100.0
20.24, 1.976, 100.0
20.25, 1.975, 100.0
20.26, 1.974, 100.0
20.27, 1.973, 100.0
20.28, 1.972, 100.0
20.29, 1.971, 100.0
20.30, 1.970, 100.0
20.31, 1.969, 100.0
20.32, 1.968, 100.0
20.33, 1.967, 100.0
20.34, 1.966, 100.0
20.35, 1.965, 100.0
20.36, 1.964, 100.0
20.37, 1.963, 100.0
20.38, 1.962, 100.0
20.39, 1.961, 100.0
20.40, 1.960, 100.0
20.41, 1.959, 100.0
20.42, 1.958, 100.0
20.43, 1.957, 100.0
20.44, 1.956, 100.0
20.45, 1.955, 100.0
20.46, 1.954, 100.0
20.47, 1.953, 100.0
20.48, 1.952, 100.0
20.49, 1.951, 100.0
20.50, 1.950, 100.0
20.51, 1.949, 100.0
20.52, 1.948, 100.0
20.53, 1.947, 100.0
20.54, 1.946, 100.0
20.55, 1.945, 100.0
20.56, 1.944, 100.0
20.57, 1.943, 100.0
20.58, 1.942, 100.0
20.59, 1.941, 100.0
20.60, 1.940, 100.0
20.61, 1.939, 100.0
20.62, 1.938, 100.0
20.63, 1.937, 100.0
20.64, 1.936, 100.0
20.65, 1.935, 100.0
20.66, 1.934, 100.0
20.67, 1.933, 100.0
20.68, 1.932, 100.0
20.69, 1.931, 100.0
20.70, 1.930, 100.0
20.71, 1.929, 100.0
20.72, 1.928, 100.0
20.73, 1.927, 100.0
20.74, 1.926, 100.0
20.75, 1.925, 100.0
20.76, 1.924, 100.0
20.77, 1.923, 100.0
20.78, 1.922, 100.0
20.79, 1.921, 100.0
20.80, 1.920, 100.0
20.81, 1.919, 100.0
20.82, 1.918, 100.0
20.83, 1.917, 100.0
20.84, 1.916, 100.0
20.85, 1.915, 100.0
20.86, 1.914, 100.0
20.87, 1.913, 100.0
20.88, 1.912, 100.0
20.89, 1.911, 100.0
20.90, 1.910, 100.0
20.91, 1.909, 99.93
20.92, 1.908, 99.82
20.93, 1.907, 99.47
20.94, 1.906, 97.99
20.95, 1.905, 98.59
20.96, 1.904, 96.75
20.97, 1.903, 96.96
20.98, 1.902, 96.58
20.99, 1.901, 94.49
21.00, 1.900, 94.91
21.01, 1.899, 94.91
21.02, 1.898, 91.74
21.03, 1.897, 91.53
21.04, 1.896, 88.50
21.05, 1.895, 88.14
21.06, 1.894, 85.42
21.07, 1.893, 85.52
21.08, 1.892, 83.21
21.09, 1.891, 82.68
21.10, 1.890, 81.59
21.11, 1.889, 79.75
21.12, 1.888, 80.46
21.13, 1.887, 79.80
21.14, 1.886, 81.97
21.15, 1.885, 78.84
21.16, 1.884, 78.29
21.17, 1.883, 77.29
21.18, 1.882, 74.57
21.19, 1.881, 73.97
21.20, 1.880, 73.06
21.21, 1.879, 72.07
21.22, 1.878, 70.36
21.23, 1.877, 69.97
21.24, 1.876, 68.15
21.25, 1.875, 68.40
21.26, 1.874, 66.76
21.27, 1.873, 66.51
21.28, 1.872, 65.38
21.29, 1.871, 63.68
21.30, 1.870, 63.27
21.31, 1.869, 64.03
21.32, 1.868, 61.55
21.33, 1.867, 62.34
21.34, 1.866, 61.24
21.35, 1.865, 60.38
21.36, 1.864, 59.68
21.37, 1.863, 59.78
21.38, 1.862, 57.42
21.39, 1.861, 57.72
21.40, 1.860, 55.79
21.41, 1.859, 56.18
21.42, 1.858, 55.20
21.43, 1.857, 54.98
21.44, 1.856, 54.12
21.45, 1.855, 52.93
21.46, 1.854, 53.33
21.47, 1.853, 51.71
21.48, 1.852, 49.93
21.49, 1.851, 49.91
21.50, 1.850, 48.13
21.51, 1.849, 47.64
21.52, 1.848, 47.49
21.53, 1.847, 46.10
21.54, 1.846, 45.83
21.55, 1.845, 45.07
21.56, 1.844, 44.98
21.57, 1.843, 45.23
21.58, 1.842, 45.34
21.59, 1.841, 44.63
21.60, 1.840, 45.03
21.61, 1.839, 43.33
21.62, 1.838, 42.95
21.63, 1.837, 42.81
21.64, 1.836, 42.31
21.65, 1.835, 42.53
21.66, 1.834, 40.69
21.67, 1.833, 41.44
21.68, 1.832, 40.56
21.69, 1.831, 38.58
21.70, 1.830, 39.44
21.71, 1.829, 39.20
21.72, 1.828, 36.41
21.73, 1.827, 34.82
21.74, 1.826, 35.78
21.75, 1.825, 34.13
21.76, 1.824, 33.39
21.77, 1.823, 33.03
21.78, 1.822, 33.02
21.79, 1.821, 32.10
21.80, 1.820, 32.88
21.81, 1.819, 32.75
21.82, 1.818, 33.07
21.83, 1.817, 32.88
21.84, 1.816, 31.83
21.85, 1.815, 32.65
21.86, 1.814, 32.32
21.87, 1.813, 31.32
21.88, 1.812, 30.44
21.89, 1.811, 31.08
21.90, 1.810, 31.13
21.91, 1.809, 29.35
21.92, 1.808, 29.88
21.93, 1.807, 30.17
21.94, 1.806, 28.88
21.95, 1.805, 28.63
21.96, 1.804, 27.47
21.97, 1.803, 27.53
21.98, 1.802, 27.39
21.99, 1.801, 25.85
22.00, 1.800, 26.10
22.01, 1.799, 25.48
22.02, 1.798, 24.74
22.03, 1.797, 25.39
22.04, 1.796, 23.63
22.05, 1.795, 24.19
22.06, 1.794, 25.10
22.07, 1.793, 23.52
22.08, 1.792, 25.24
22.09, 1.791, 25.42
22.10, 1.790, 24.97
22.11, 1.789, 25.09
22.12, 1.788, 23.49
22.13, 1.787, 24.05
22.14, 1.786, 21.05
22.15, 1.785, 21.24
22.16, 1.784, 19.82
22.17, 1.783, 20.98
22.18, 1.782, 20.79
22.19, 1.781, 18.90
22.20, 1.780, 21.17
22.21, 1.779, 19.55
22.22, 1.778, 18.48
22.23, 1.777, 18.63
22.24, 1.776, 18.80
22.25, 1.775, 17.68
22.26, 1.774, 18.11
22.27, 1.773, 17.49
22.28, 1.772, 19.25
22.29, 1.771, 19.07
22.30, 1.770, 17.53
22.31, 1.769, 17.65
22.32, 1.768, 16.98
22.33, 1.767, 17.60
22.34, 1.766, 19.27
22.35, 1.765, 18.11
22.36, 1.764, 19.12
22.37, 1.763, 17.28
22.38, 1.762, 18.33
22.39, 1.761, 16.94
22.40, 1.760, 17.84
22.41, 1.759, 16.36
22.42, 1.758, 15.97
22.43, 1.757, 17.21
22.44, 1.756, 16.70
22.45, 1.755, 16.19
22.46, 1.754, 15.50
22.47, 1.753, 14.82
22.48, 1.752, 14.71
22.49, 1.751, 12.74
22.50, 1.750, 13.63
22.51, 1.749, 13.88
22.52, 1.748, 14.16
22.53, 1.747, 12.56
22.54, 1.746, 14.52
22.55, 1.745, 14.58
22.56, 1.744, 14.51
22.57, 1.743, 13.92
22.58, 1.742, 12.48
22.59, 1.741, 11.70
22.60, 1.740, 12.41
22.61, 1.739, 12.15
22.62, 1.738, 11.02
22.63, 1.737, 12.31
22.64, 1.736, 11.11
22.65, 1.735, 10.62
22.66, 1.734, 11.24
22.67, 1.733, 10.40
22.68, 1.732, 10.62
22.69, 1.731, 8.733
22.70, 1.730, 10.76
22.71, 1.729, 11.22
22.72, 1.728, 10.69
22.73, 1.727, 10.72
22.74, 1.726, 10.21
22.75, 1.725, 10.57
22.76, 1.724, 11.97
22.77, 1.723, 11.27
22.78, 1.722, 12.60
22.79, 1.721, 11.76
22.80, 1.720, 10.57
22.81, 1.719, 11.27
22.82, 1.718, 10.92
22.83, 1.717, 9.607
22.84, 1.716, 10.72
22.85, 1.715, 10.22
22.86, 1.714, 10.32
22.87, 1.713, 10.23
22.88, 1.712, 8.607
22.89, 1.711, 7.703
22.90, 1.710, 7.912
22.91, 1.709, 7.798
22.92, 1.708, 8.195
22.93, 1.707, 8.705
22.94, 1.706, 8.901
22.95, 1.705, 7.479
22.96, 1.704, 8.464
22.97, 1.703, 7.850
22.98, 1.702, 9.303
22.99, 1.701, 8.313
23.00, 1.700, 8.948
23.01, 1.699, 8.783
23.02, 1.698, 8.431
23.03, 1.697, 9.459
23.04, 1.696, 8.935
23.05, 1.695, 7.279
23.06, 1.694, 8.362
23.07, 1.693, 7.605
23.08, 1.692, 9.285
23.09, 1.691, 8.834
23.10, 1.690, 7.494
23.11, 1.689, 7.622
23.12, 1.688, 8.974
23.13, 1.687, 7.049
23.14, 1.686, 6.356
23.15, 1.685, 6.725
23.16, 1.684, 6.811
23.17, 1.683, 6.162
23.18, 1.682, 5.940
23.19, 1.681, 5.636
23.20, 1.680, 5.073
23.21, 1.679, 5.138
23.22, 1.678, 6.150
23.23, 1.677, 7.701
23.24, 1.676, 5.592
23.25, 1.675, 7.595
23.26, 1.674, 7.891
23.27, 1.673, 7.031
23.28, 1.672, 7.614
23.29, 1.671, 7.073
23.30, 1.670, 7.723
23.31, 1.669, 6.210
23.32, 1.668, 6.566
23.33, 1.667, 6.738
23.34, 1.666, 6.241
23.35, 1.665, 5.565
23.36, 1.664, 4.838
23.37, 1.663, 5.558
23.38, 1.662, 4.162
23.39, 1.661, 4.140
23.40, 1.660, 4.379
23.41, 1.659, 3.125
23.42, 1.658, 2.369
23.43, 1.657, 4.062
23.44, 1.656, 4.432
23.45, 1.655, 4.233
23.46, 1.654, 6.278
23.47, 1.653, 5.723
23.48, 1.652, 4.824
23.49, 1.651, 5.329
23.50, 1.650, 5.767
23.51, 1.649, 3.937
23.52, 1.648, 5.113
23.53, 1.647, 4.745
23.54, 1.646, 4.336
23.55, 1.645, 2.908
23.56, 1.644, 3.370
23.57, 1.643, 3.639
23.58, 1.642, 2.338
23.59, 1.641, 4.457
23.60, 1.640, 6.239
23.61, 1.639, 6.671
23.62, 1.638, 6.089
23.63, 1.637, 6.328
23.64, 1.636, 5.759
23.65, 1.635, 4.978
23.66, 1.634, 5.370
23.67, 1.633, 3.297
23.68, 1.632, 3.921
23.69, 1.631, 3.495
23.70, 1.630, 3.320
23.71, 1.629, 4.316
23.72, 1.628, 4.597
23.73, 1.627, 5.979
23.74, 1.626, 6.027
23.75, 1.625, 4.888
23.76, 1.624, 5.542
23.77, 1.623, 6.109
23.78, 1.622, 4.665
23.79, 1.621, 5.096
23.80, 1.620, 3.526
23.81, 1.619, 5.017
23.82, 1.618, 2.749
23.83, 1.617, 2.391
23.84, 1.616, 2.325
23.85, 1.615, 1.233
23.86, 1.614, 2.364
23.87, 1.613, 1.254
23.88, 1.612, 0.9132
23.89, 1.611, 1.135
23.90, 1.610, 2.694
23.91, 1.609, 2.708
23.92, 1.608, 4.295
23.93, 1.607, 3.607
23.94, 1.606, 4.682
23.95, 1.605, 4.321
23.96, 1.604, 4.533
23.97, 1.603, 2.882
23.98, 1.602, 3.757
23.99, 1.601, 3.628
24.00, 1.600, 4.226
24.01, 1.599, 4.481
24.02, 1.598, 4.450
24.03, 1.597, 2.640
24.04, 1.596, 1.979
24.05, 1.595, 2.054
24.06, 1.594, 1.689
24.07, 1.593, 2.948
24.08, 1.592, 3.453
24.09, 1.591, 3.917
24.10, 1.590, 3.946
24.11, 1.589, 4.757
24.12, 1.588, 4.956
24.13, 1.587, 4.020
24.14, 1.586, 5.427
24.15, 1.585, 5.401
24.16, 1.584, 2.054
24.17, 1.583, 3.417
24.18, 1.582, 2.886
24.19, 1.581, 3.164
24.20, 1.580, 3.056
24.21, 1.579, 1.601
24.22, 1.578, 0.9688
24.23, 1.577, 0.8589
24.24, 1.576, 0.6000
24.25, 1.575, 2.132
24.26, 1.574, 2.054
24.27, 1.573, 2.737
24.28, 1.572, 1.793
24.29, 1.571, 1.789
24.30, 1.570, 2.812
24.31, 1.569, 2.237
24.32, 1.568, 2.670
24.33, 1.567, 2.662
24.34, 1.566, 1.820
24.35, 1.565, 2.437
24.36, 1.564, 4.803
24.37, 1.563, 1.260
24.38, 1.562, 2.410
24.39, 1.561, 1.573
24.40, 1.560, 0.8473
24.41, 1.559, 1.925
24.42, 1.558, 1.076
24.43, 1.557, 1.900
24.44, 1.556, 1.948
24.45, 1.555, 1.769
24.46, 1.554, 3.703
24.47, 1.553, 3.781
24.48, 1.552, 4.003
24.49, 1.551, 2.554
24.50, 1.550, 2.686
24.51, 1.549, 2.708
24.52, 1.548, 2.118
24.53, 1.547, 1.024
24.54, 1.546, 0.9521
24.55, 1.545, 0.9357
24.56, 1.544, 1.129
24.57, 1.543, -0.008698
24.58, 1.542, -0.08831
24.59, 1.541, -0.5995
24.60, 1.540, -0.2573
24.61, 1.539, 1.162
24.62, 1.538, 2.485
24.63, 1.537, 1.701
24.64, 1.536, 1.782
24.65, 1.535, 3.287
24.66, 1.534, 2.688
24.67, 1.533, 2.373
24.68, 1.532, 1.596
24.69, 1.531, 1.505
24.70, 1.530, 1.930
24.71, 1.529, 1.547
24.72, 1.528, 0.6975
24.73, 1.527, 1.588
24.74, 1.526, 1.220
24.75, 1.525, 0.9251
24.76, 1.524, 1.596
24.77, 1.523, -0.2024
24.78, 1.522, 0.3397
24.79, 1.521, -0.4459
24.80, 1.520, 0.4623
24.81, 1.519, 0.3196
24.82, 1.518, 0.09653
24.83, 1.517, -0.08841
24.84, 1.516, -0.4264
24.85, 1.515, 1.556
24.86, 1.514, 0.4619
24.87, 1.513, 1.363
24.88, 1.512, 0.6704
24.89, 1.511, 1.781
24.90, 1.510, 4.195
24.91, 1.509, 3.038
24.92, 1.508, 3.112
24.93, 1.507, 1.304
24.94, 1.506, 1.266
24.95, 1.505, 3.170
24.96, 1.504, 1.930
24.97, 1.503, 2.357
24.98, 1.502, 1.117
24.99, 1.501, 1.032
25.00, 1.500, -0.01052
25.01, 1.499, 0.7772
25.02, 1.498, -0.4942
25.03, 1.497, -0.1888
25.04, 1.496, -0.5861
25.05, 1.495, -0.5112
25.06, 1.494, 0.5096
25.07, 1.493, -0.1037
25.08, 1.492, 0.9685
25.09, 1.491, 1.213
25.10, 1.490, 1.945
25.11, 1.489, 2.047
25.12, 1.488, 1.323
25.13, 1.487, 1.718
25.14, 1.486, 1.164
25.15, 1.485, 1.628
25.16, 1.484, 0.6392
25.17, 1.483, 1.749
25.18, 1.482, 2.244
25.19, 1.481, 0.8720
25.20, 1.480, 0.7151
25.21, 1.479, 1.705
25.22, 1.478, 1.521
25.23, 1.477, 0.4001
25.24, 1.476, 1.399
25.25, 1.475, 0.05076
25.26, 1.474, -0.03555
25.27, 1.473, 0.2068
25.28, 1.472, 0.9112
25.29, 1.471, 2.640
25.30, 1.470, 2.329
25.31, 1.469, 1.312
25.32, 1.468, 1.789
25.33, 1.467, 1.417
25.34, 1.466, 2.614
25.35, 1.465, 0.5697
25.36, 1.464, 1.750
25.37, 1.463, 1.619
25.38, 1.462, 1.441
25.39, 1.461, 1.999
25.40, 1.460, 0.4287
25.41, 1.459, -0.5834
25.42, 1.458, -0.7855
25.43, 1.457, -1.501
25.44, 1.456, -1.088
25.45, 1.455, -0.7976
25.46, 1.454, -0.8598
25.47, 1.453, 0.1884
25.48, 1.452, 0.1363
25.49, 1.451, 1.865
25.50, 1.450, 0.7780
25.51, 1.449, 0.4162
25.52, 1.448, 0.4639
25.53, 1.447, 1.903
25.54, 1.446, 0.1641
25.55, 1.445, 1.109
25.56, 1.444, 1.292
25.57, 1.443, -0.7386
25.58, 1.442, 2.229
25.59, 1.441, 0.6360
25.60, 1.440, 0.1921
25.61, 1.439, -0.6339
25.62, 1.438, 1.053
25.63, 1.437, -0.3117
25.64, 1.436, -0.3729
25.65, 1.435, -0.5916
25.66, 1.434, -1.304
25.67, 1.433, -1.214
25.68, 1.432, -0.4854
25.69, 1.431, -0.7827
25.70, 1.430, -0.7498
25.71, 1.429, -1.020
25.72, 1.428, 0.1414
25.73, 1.427, -1.099
25.74, 1.426, -1.026
25.75, 1.425, 2.132
25.76, 1.424, 0.9061
25.77, 1.423, 0.2975
25.78, 1.422, 1.144
25.79, 1.421, 0.8334
25.80, 1.420, 0.5773
25.81, 1.419, 2.164
25.82, 1.418, 0.7133
25.83, 1.417, 2.791
25.84, 1.416, 2.217
25.85, 1.415, 2.064
25.86, 1.414, 1.329
25.87, 1.413, 2.576
25.88, 1.412, 0.9841
25.89, 1.411, 2.416
25.90, 1.410, 1.005
25.91, 1.409, 2.107
25.92, 1.408, -0.1826
25.93, 1.407, 0.1894
25.94, 1.406, -0.2001
25.95, 1.405, -0.6985
25.96, 1.404, -0.8178
25.97, 1.403, -0.8863
25.98, 1.402, -1.600
25.99, 1.401, -2.087
26.00, 1.400, -1.681
26.01, 1.399, -1.406
26.02, 1.398, 0.04917
26.03, 1.397, -0.9465
26.04, 1.396, -1.536
26.05, 1.395, -1.280
26.06, 1.394, -2.072
26.07, 1.393, -0.5897
26.08, 1.392, -1.320
26.09, 1.391, 1.217
26.10, 1.390, 0.7407
26.11, 1.389, 1.329
26.12, 1.388, 2.537
26.13, 1.387, 1.988
26.14, 1.386, 1.765
26.15, 1.385, 0.9378
26.16, 1.384, 0.4381
26.17, 1.383, 1.923
26.18, 1.382, 1.508
26.19, 1.381, 0.9299
26.20, 1.380, -0.3683
26.21, 1.379, 0.02939
26.22, 1.378, 1.203
26.23, 1.377, 1.374
26.24, 1.376, 1.629
26.25, 1.375, 1.433
26.26, 1.374, 1.687
26.27, 1.373, -0.1646
26.28, 1.372, -1.139
26.29, 1.371, 0.7964
26.30, 1.370, -1.013
26.31, 1.369, -0.6820
26.32, 1.368, -1.297
26.33, 1.367, -0.8179
26.34, 1.366, -0.3723
26.35, 1.365, -1.040
26.36, 1.364, -0.9859
26.37, 1.363, -1.668
26.38, 1.362, -0.9614
26.39, 1.361, 1.261
26.40, 1.360, -0.4827
26.41, 1.359, -0.7966
26.42, 1.358, 0.7415
26.43, 1.357, -0.8041
26.44, 1.356, -0.4973
26.45, 1.355, 1.448
26.46, 1.354, 1.067
26.47, 1.353, -0.7214
26.48, 1.352, -0.3862
26.49, 1.351, -1.224
26.50, 1.350, -2.812
26.51, 1.349, -2.528
26.52, 1.348, -0.08299
26.53, 1.347, -1.099
26.54, 1.346, 0.4004
26.55, 1.345, 0.3752
26.56, 1.344, 0.9232
26.57, 1.343, 0.3078
26.58, 1.342, 1.138
26.59, 1.341, -0.7633
26.60, 1.340, 1.825
26.61, 1.339, -0.08325
26.62, 1.338, 0.1234
26.63, 1.337, 0.3613
26.64, 1.336, 0.5443
26.65, 1.335, -1.666
26.66, 1.334, -1.689
26.67, 1.333, -1.782
26.68, 1.332, -1.557
26.69, 1.331, -0.3983
26.70, 1.330, 0.2298
26.71, 1.329, 1.277
26.72, 1.328, 0.9989
26.73, 1.327, 1.281
26.74, 1.326, 1.592
26.75, 1.325, 1.581
26.76, 1.324, -0.8070
26.77, 1.323, -0.5644
26.78, 1.322, -0.7779
26.79, 1.321, -1.516
26.80, 1.320, -1.608
26.81, 1.319, -0.3926
26.82, 1.318, -0.2733
26.83, 1.317, -2.888
26.84, 1.316, -0.6365
26.85, 1.315, 0.3053
26.86, 1.314, -2.627
26.87, 1.313, -0.6458
26.88, 1.312, -0.3835
26.89, 1.311, -1.214
26.90, 1.310, -1.034
26.91, 1.309, -0.2211
26.92, 1.308, -0.5976
26.93, 1.307, -2.679
26.94, 1.306, -2.454
26.95, 1.305, -1.270
26.96, 1.304, -0.6127
26.97, 1.303, -0.3245
26.98, 1.302, -0.1917
26.99, 1.301, 1.239
27.00, 1.300, 1.390
27.01, 1.299, 1.258
27.02, 1.298, -0.1306
27.03, 1.297, -0.009943
27.04, 1.296, 1.791
27.05, 1.295, -2.305
27.06, 1.294, 0.4723
27.07, 1.293, 0.7261
27.08, 1.292, 0.2835
27.09, 1.291, 0.9092
27.10, 1.290, -0.9378
27.11, 1.289, -0.8557
27.12, 1.288, -0.9847
27.13, 1.287, -2.711
27.14, 1.286, -1.854
27.15, 1.285, -3.441
27.16, 1.284, -1.685
27.17, 1.283, -1.195
27.18, 1.282, -2.655
27.19, 1.281, -2.528
27.20, 1.280, -1.157
27.21, 1.279, -1.827
27.22, 1.278, -2.335
27.23, 1.277, -0.4916
27.24, 1.276, -0.6980
27.25, 1.275, -0.7445
27.26, 1.274, 1.117
27.27, 1.273, -0.6598
27.28, 1.272, 1.779
27.29, 1.271, 0.7466
27.30, 1.270, 0.6662
27.31, 1.269, 0.3329
27.32, 1.268, 0.3010
27.33, 1.267, 0.3536
27.34, 1.266, -0.008196
27.35, 1.265, -1.160
27.36, 1.264, -0.0004260
27.37, 1.263, -1.540
27.38, 1.262, -0.7406
27.39, 1.261, -1.623
27.40, 1.260, -1.545
27.41, 1.259, -0.8370
27.42, 1.258, 0.5462
27.43, 1.257, -3.420
27.44, 1.256, -0.7397
27.45, 1.255, 0.1697
27.46, 1.254, -1.989
27.47, 1.253, -3.033
27.48, 1.252, -1.109
27.49, 1.251, -0.9942
27.50, 1.250, -0.8788
27.51, 1.249, 0.9216
27.52, 1.248, 0.6397
27.53, 1.247, 3.143
27.54, 1.246, 1.233
27.55, 1.245, 1.614
27.56, 1.244, 0.9110
27.57, 1.243, -0.9015
27.58, 1.242, 2.162
27.59, 1.241, -1.311
27.60, 1.240, -0.6193
27.61, 1.239, -0.04380
27.62, 1.238, -2.056
27.63, 1.237, -2.325
27.64, 1.236, -2.281
27.65, 1.235, -1.841
27.66, 1.234, -2.349
27.67, 1.233, -3.328
27.68, 1.232, -3.465
27.69, 1.231, -3.069
27.70, 1.230, -3.355
27.71, 1.229, -1.949
27.72, 1.228, 0.7229
27.73, 1.227, 1.289
27.74, 1.226, -0.2938
27.75, 1.225, -0.4731
27.76, 1.224, -0.6384
27.77, 1.223, 0.8701
27.78, 1.222, -0.5995
27.79, 1.221, 1.298
27.80, 1.220, -0.2027
27.81, 1.219, -0.5919
27.82, 1.218, -0.2757
27.83, 1.217, -1.084
27.84, 1.216, -1.737
27.85, 1.215, -1.973
27.86, 1.214, -1.222
27.87, 1.213, -0.4949
27.88, 1.212, -0.3476
27.89, 1.211, 1.469
27.90, 1.210, 1.123
27.91, 1.209, 1.363
27.92, 1.208, 0.9036
27.93, 1.207, 1.103
27.94, 1.206, -1.340
27.95, 1.205, 0.2540
27.96, 1.204, 0.1155
27.97, 1.203, -0.4759
27.98, 1.202, -2.116
27.99, 1.201, -0.4146
28.00, 1.200, -0.02730
28.01, 1.199, -0.008342
28.02, 1.198, -1.023
28.03, 1.197, -0.7946
28.04, 1.196, -3.018
28.05, 1.195, -3.239
28.06, 1.194, -4.626
28.07, 1.193, -2.240
28.08, 1.192, -4.393
28.09, 1.191, -2.777
28.10, 1.190, -4.192
28.11, 1.189, -2.752
28.12, 1.188, -0.9448
28.13, 1.187, -1.838
28.14, 1.186, -0.2083
28.15, 1.185, 0.5115
28.16, 1.184, -0.2923
28.17, 1.183, -0.3929
28.18, 1.182, 0.7218
28.19, 1.181, -0.7462
28.20, 1.180, -1.221
28.21, 1.179, -0.9904
28.22, 1.178, -0.1138
28.23, 1.177, -2.355
28.24, 1.176, -0.2833
28.25, 1.175, -0.3597
28.26, 1.174, -1.302
28.27, 1.173, -0.6288
28.28, 1.172, -2.064
28.29, 1.171, -3.478
28.30, 1.170, -2.265
28.31, 1.169, -2.480
28.32, 1.168, -2.554
28.33, 1.167, -1.981
28.34, 1.166, -2.584
28.35, 1.165, -1.015
28.36, 1.164, -1.038
28.37, 1.163, -0.7622
28.38, 1.162, -0.7019
28.39, 1.161, -0.5899
28.40, 1.160, 0.4018
28.41, 1.159, 1.228
28.42, 1.158, 0.7202
28.43, 1.157, 0.3343
28.44, 1.156, -0.1021
28.45, 1.155, -1.793
28.46, 1.154, -2.243
28.47, 1.153, -2.290
28.48, 1.152, -4.350
28.49, 1.151, -1.569
28.50, 1.150, -2.802
28.51, 1.149, -2.975
28.52, 1.148, -1.604
28.53, 1.147, -1.883
28.54, 1.146, -3.557
28.55, 1.145, -1.517
28.56, 1.144, -2.789
28.57, 1.143, -3.136
28.58, 1.142, -3.857
28.59, 1.141, -2.808
28.60, 1.140, -2.490
28.61, 1.139, -1.614
28.62, 1.138, -1.375
28.63, 1.137, 0.4843
28.64, 1.136, -0.4403
28.65, 1.135, -0.4846
28.66, 1.134, 0.01312
28.67, 1.133, 0.9333
28.68, 1.132, 0.05862
28.69, 1.131, -0.4909
28.70, 1.130, -0.7976
28.71, 1.129, -1.409
28.72, 1.128, -2.296
28.73, 1.127, -2.833
28.74, 1.126, -1.293
28.75, 1.125, -2.085
28.76, 1.124, -0.7528
28.77, 1.123, -1.819
28.78, 1.122, -1.773
28.79, 1.121, 0.02973
28.80, 1.120, -0.005317
28.81, 1.119, -0.4409
28.82, 1.118, -0.2440
28.83, 1.117, -0.5307
28.84, 1.116, -1.102
28.85, 1.115, -1.002
28.86, 1.114, -2.246
28.87, 1.113, -3.467
28.88, 1.112, -2.687
28.89, 1.111, -4.128
28.90, 1.110, -4.980
28.91, 1.109, -4.482
28.92, 1.108, -5.256
28.93, 1.107, -4.179
28.94, 1.106, -2.453
28.95, 1.105, -1.349
28.96, 1.104, -1.990
28.97, 1.103, 0.2441
28.98, 1.102, -0.6001
28.99, 1.101, 0.6461
29.00, 1.100, -1.280
29.01, 1.099, -1.666
29.02, 1.098, -0.9305
29.03, 1.097, -0.1993
29.04, 1.096, -1.173
29.05, 1.095, -0.9073
29.06, 1.094, -2.003
29.07, 1.093, -2.663
29.08, 1.092, -2.562
29.09, 1.091, -2.125
29.10, 1.090, -2.180
29.11, 1.089, -1.369
29.12, 1.088, -2.402
29.13, 1.087, -2.180
29.14, 1.086, -1.263
29.15, 1.085, 1.325
29.16, 1.084, -1.355
29.17, 1.083, -0.7914
29.18, 1.082, -0.9624
29.19, 1.081, -0.4554
29.20, 1.080, -0.8912
29.21, 1.079, -0.3982
29.22, 1.078, -1.016
29.23, 1.077, -1.034
29.24, 1.076, -1.922
29.25, 1.075, -1.148
29.26, 1.074, -2.539
29.27, 1.073, -3.165
29.28, 1.072, -3.181
29.29, 1.071, -3.576
29.30, 1.070, -3.627
29.31, 1.069, -3.790
29.32, 1.068, -4.181
29.33, 1.067, -1.482
29.34, 1.066, -1.584
29.35, 1.065, 0.3535
29.36, 1.064, -2.424
29.37, 1.063, 0.5787
29.38, 1.062, -1.414
29.39, 1.061, -0.5780
29.40, 1.060, -0.6137
29.41, 1.059, -0.4332
29.42, 1.058, -1.391
29.43, 1.057, -0.4760
29.44, 1.056, -1.629
29.45, 1.055, -0.04197
29.46, 1.054, -1.273
29.47, 1.053, -0.6436
29.48, 1.052, -1.593
29.49, 1.051, -1.658
29.50, 1.050, -1.049
29.51, 1.049, -1.769
29.52, 1.048, -2.950
29.53, 1.047, -2.079
29.54, 1.046, -1.290
29.55, 1.045, -2.240
29.56, 1.044, -3.414
29.57, 1.043, -1.176
29.58, 1.042, -3.250
29.59, 1.041, -2.833
29.60, 1.040, -2.441
29.61, 1.039, -2.547
29.62, 1.038, -1.428
29.63, 1.037, -1.879
29.64, 1.036, -0.5487
29.65, 1.035, 0.7677
29.66, 1.034, 0.3609
29.67, 1.033, -0.8581
29.68, 1.032, -0.9106
29.69, 1.031, -1.200
29.70, 1.030, -1.160
29.71, 1.029, -0.6667
29.72, 1.028, -1.175
29.73, 1.027, -3.450
29.74, 1.026, -2.529
29.75, 1.025, -1.550
29.76, 1.024, -2.277
29.77, 1.023, -3.218
29.78, 1.022, -1.948
29.79, 1.021, -3.961
29.80, 1.020, -2.632
29.81, 1.019, -2.490
29.82, 1.018, -3.499
29.83, 1.017, -4.873
29.84, 1.016, -2.716
29.85, 1.015, -2.439
29.86, 1.014, -1.160
29.87, 1.013, -1.363
29.88, 1.012, -1.535
29.89, 1.011, -0.5125
29.90, 1.010, 0.4307
29.91, 1.009, -0.09380
29.92, 1.008, -1.039
29.93, 1.007, -0.1125
29.94, 1.006, -1.870
29.95, 1.005, -1.768
29.96, 1.004, -0.6519
29.97, 1.003, -0.8589
29.98, 1.002, -0.07502
29.99, 1.001, -0.6112
30.00, 1.000, -1.114
30.01, 0.9990, -2.585
30.02, 0.9980, -2.087
30.03, 0.9970, -3.903
30.04, 0.9960, -3.124
30.05, 0.9950, -0.9048
30.06, 0.9940, -1.311
30.07, 0.9930, -2.063
30.08, 0.9920, -0.6394
30.09, 0.9910, 0.4398
30.10, 0.9900, 0.07407
30.11, 0.9890, 0.1368
30.12, 0.9880, -0.3182
30.13, 0.9870, -0.4946
30.14, 0.9860, -1.888
30.15, 0.9850, -3.083
30.16, 0.9840, -3.329
30.17, 0.9830, -2.944
30.18, 0.9820, -3.242
30.19, 0.9810, -2.519
30.20, 0.9800, -3.428
30.21, 0.9790, -3.859
30.22, 0.9780, -4.283
30.23, 0.9770, -3.207
30.24, 0.9760, -3.432
30.25, 0.9750, -4.235
30.26, 0.9740, -1.278
30.27, 0.9730, -2.370
30.28, 0.9720, -0.8979
30.29, 0.9710, -1.494
30.30, 0.9700, -0.4822
30.31, 0.9690, -1.228
30.32, 0.9680, -1.899
30.33, 0.9670, -0.3127
30.34, 0.9660, -1.137
30.35, 0.9650, -1.007
30.36, 0.9640, -2.763
30.37, 0.9630, -3.162
30.38, 0.9620, -2.077
30.39, 0.9610, -1.739
30.40, 0.9600, -3.188
30.41, 0.9590, -2.327
30.42, 0.9580, -1.355
30.43, 0.9570, -1.177
30.44, 0.9560, -1.043
30.45, 0.9550, -0.4040
30.46, 0.9540, -0.3489
30.47, 0.9530, -1.034
30.48, 0.9520, -1.215
30.49, 0.9510, -0.7594
30.50, 0.9500, -0.7547
30.51, 0.9490, -2.174
30.52, 0.9480, -1.039
30.53, 0.9470, -2.042
30.54, 0.9460, -2.790
30.55, 0.9450, -3.455
30.56, 0.9440, -5.687
30.57, 0.9430, -4.711
30.58, 0.9420, -4.503
30.59, 0.9410, -4.615
30.60, 0.9400, -3.217
30.61, 0.9390, -3.509
30.62, 0.9380, -0.09875
30.63, 0.9370, -3.184
30.64, 0.9360, -1.064
30.65, 0.9350, -0.1629
30.66, 0.9340, -0.8985
30.67, 0.9330, -1.137
30.68, 0.9320, -0.2848
30.69, 0.9310, -0.4019
30.70, 0.9300, -2.420
30.71, 0.9290, -0.7136
30.72, 0.9280, -1.269
30.73, 0.9270, -2.238
30.74, 0.9260, -0.6946
30.75, 0.9250, -1.983
30.76, 0.9240, -3.350
30.77, 0.9230, -2.265
30.78, 0.9220, -0.7688
30.79, 0.9210, -2.817
30.80, 0.9200, -2.466
30.81, 0.9190, -3.030
30.82, 0.9180, -2.325
30.83, 0.9170, -3.132
30.84, 0.9160, -2.858
30.85, 0.9150, -2.893
30.86, 0.9140, -3.785
30.87, 0.9130, -3.925
30.88, 0.9120, -4.016
30.89, 0.9110, -3.190
30.90, 0.9100, -3.018
30.91, 0.9090, -4.190
30.92, 0.9080, -0.8663
30.93, 0.9070, -1.383
30.94, 0.9060, -1.681
30.95, 0.9050, -0.4779
30.96, 0.9040, -0.8680
30.97, 0.9030, -1.471
30.98, 0.9020, -1.038
30.99, 0.9010, -2.401
31.00, 0.9000, -2.125
31.01, 0.8990, -3.509
31.02, 0.8980, -3.488
31.03, 0.8970, -3.010
31.04, 0.8960, -2.519
31.05, 0.8950, -2.345
31.06, 0.8940, -1.872
31.07, 0.8930, -2.670
31.08, 0.8920, -2.183
31.09, 0.8910, -3.323
31.10, 0.8900, -2.387
31.11, 0.8890, -3.718
31.12, 0.8880, -3.213
31.13, 0.8870, -4.368
31.14, 0.8860, -3.571
31.15, 0.8850, -3.463
31.16, 0.8840, -3.914
31.17, 0.8830, -3.007
31.18, 0.8820, -2.461
31.19, 0.8810, -3.470
31.20, 0.8800, -1.121
31.21, 0.8790, -0.7603
31.22, 0.8780, -2.008
31.23, 0.8770, -1.447
31.24, 0.8760, -0.9262
31.25, 0.8750, -0.05954
31.26, 0.8740, -1.937
31.27, 0.8730, -1.891
31.28, 0.8720, -1.646
31.29, 0.8710, -3.585
31.30, 0.8700, -1.264
31.31, 0.8690, -1.087
31.32, 0.8680, -2.127
31.33, 0.8670, -2.419
31.34, 0.8660, -2.620
31.35, 0.8650, -2.567
31.36, 0.8640, -2.648
31.37, 0.8630, -4.380
31.38, 0.8620, -2.180
31.39, 0.8610, -4.077
31.40, 0.8600, -3.810
31.41, 0.8590, -6.357
31.42, 0.8580, -5.162
31.43, 0.8570, -5.998
31.44, 0.8560, -4.925
31.45, 0.8550, -4.636
31.46, 0.8540, -5.540
31.47, 0.8530, -4.564
31.48, 0.8520, -4.068
31.49, 0.8510, -3.317
31.50, 0.8500, -2.262
31.51, 0.8490, -2.752
31.52, 0.8480, -2.249
31.53, 0.8470, -1.639
31.54, 0.8460, -0.6964
31.55, 0.8450, -3.085
31.56, 0.8440, -2.248
31.57, 0.8430, -1.117
31.58, 0.8420, -0.5771
31.59, 0.8410, -1.322
31.60, 0.8400, -2.636
31.61, 0.8390, -1.794
31.62, 0.8380, -1.306
31.63, 0.8370, -1.661
31.64, 0.8360, -2.498
31.65, 0.8350, -2.757
31.66, 0.8340, -1.945
31.67, 0.8330, -2.892
31.68, 0.8320, -3.948
31.69, 0.8310, -4.348
31.70, 0.8300, -4.033
31.71, 0.8290, -4.056
31.72, 0.8280, -3.199
31.73, 0.8270, -2.882
31.74, 0.8260, -1.892
31.75, 0.8250, -0.6939
31.76, 0.8240, -2.829
31.77, 0.8230, -2.122
31.78, 0.8220, -2.372
31.79, 0.8210, -2.062
31.80, 0.8200, -0.4381
31.81, 0.8190, -1.306
31.82, 0.8180, -2.291
31.83, 0.8170, -2.379
31.84, 0.8160, -4.065
31.85, 0.8150, -4.136
31.86, 0.8140, -2.966
31.87, 0.8130, -3.132
31.88, 0.8120, -3.794
31.89, 0.8110, -3.961
31.90, 0.8100, -3.536
31.91, 0.8090, -4.873
31.92, 0.8080, -3.119
31.93, 0.8070, -2.563
31.94, 0.8060, -3.073
31.95, 0.8050, -2.192
31.96, 0.8040, -3.583
31.97, 0.8030, -4.376
31.98, 0.8020, -3.080
31.99, 0.8010, -3.606
32.00, 0.8000, -4.272
32.01, 0.7990, -4.102
32.02, 0.7980, -4.582
32.03, 0.7970, -4.457
32.04, 0.7960, -3.691
32.05, 0.7950, -3.657
32.06, 0.7940, -3.711
32.07, 0.7930, -2.270
32.08, 0.7920, -2.195
32.09, 0.7910, -2.203
32.10, 0.7900, -0.3047
32.11, 0.7890, -0.8948
32.12, 0.7880, -1.013
32.13, 0.7870, -2.497
32.14, 0.7860, -1.714
32.15, 0.7850, -1.011
32.16, 0.7840, -2.653
32.17, 0.7830, -1.473
32.18, 0.7820, -2.266
32.19, 0.7810, -2.614
32.20, 0.7800, -1.771
32.21, 0.7790, -2.732
32.22, 0.7780, -4.650
32.23, 0.7770, -3.595
32.24, 0.7760, -5.182
32.25, 0.7750, -4.724
32.26, 0.7740, -3.707
32.27, 0.7730, -6.373
32.28, 0.7720, -5.191
32.29, 0.7710, -2.499
32.30, 0.7700, -3.306
32.31, 0.7690, -3.715
32.32, 0.7680, -1.537
32.33, 0.7670, -2.760
32.34, 0.7660, -1.772
32.35, 0.7650, -3.268
32.36, 0.7640, -2.543
32.37, 0.7630, -4.024
32.38, 0.7620, -2.488
32.39, 0.7610, -4.552
32.40, 0.7600, -3.020
32.41, 0.7590, -4.727
32.42, 0.7580, -3.003
32.43, 0.7570, -4.999
32.44, 0.7560, -4.318
32.45, 0.7550, -4.891
32.46, 0.7540, -3.950
32.47, 0.7530, -2.864
32.48, 0.7520, -1.978
32.49, 0.7510, -1.657
32.50, 0.7500, -2.379
32.51, 0.7490, -2.772
32.52, 0.7480, -1.742
32.53, 0.7470, -2.242
32.54, 0.7460, -3.912
32.55, 0.7450, -2.444
32.56, 0.7440, -4.479
32.57, 0.7430, -3.903
32.58, 0.7420, -4.359
32.59, 0.7410, -5.671
32.60, 0.7400, -4.954
32.61, 0.7390, -3.712
32.62, 0.7380, -5.056
32.63, 0.7370, -3.874
32.64, 0.7360, -3.159
32.65, 0.7350, -3.299
32.66, 0.7340, -3.465
32.67, 0.7330, -3.892
32.68, 0.7320, -4.256
32.69, 0.7310, -4.469
32.70, 0.7300, -5.653
32.71, 0.7290, -3.603
32.72, 0.7280, -5.699
32.73, 0.7270, -4.244
32.74, 0.7260, -5.812
32.75, 0.7250, -5.192
32.76, 0.7240, -5.533
32.77, 0.7230, -4.245
32.78, 0.7220, -5.555
32.79, 0.7210, -4.290
32.80, 0.7200, -4.623
32.81, 0.7190, -5.186
32.82, 0.7180, -4.582
32.83, 0.7170, -2.607
32.84, 0.7160, -1.636
32.85, 0.7150, -2.509
32.86, 0.7140, -2.456
32.87, 0.7130, -1.054
32.88, 0.7120, -2.342
32.89, 0.7110, -2.897
32.90, 0.7100, -4.198
32.91, 0.7090, -2.546
32.92, 0.7080, -2.194
32.93, 0.7070, -4.427
32.94, 0.7060, -2.499
32.95, 0.7050, -4.155
32.96, 0.7040, -2.713
32.97, 0.7030, -3.035
32.98, 0.7020, -3.787
32.99, 0.7010, -4.802
33.00, 0.7000, -3.819
33.01, 0.6990, -5.833
33.02, 0.6980, -5.178
33.03, 0.6970, -5.002
33.04, 0.6960, -4.808
33.05, 0.6950, -5.136
33.06, 0.6940, -4.515
33.07, 0.6930, -3.986
33.08, 0.6920, -4.488
33.09, 0.6910, -5.775
33.10, 0.6900, -4.638
33.11, 0.6890, -3.748
33.12, 0.6880, -3.165
33.13, 0.6870, -2.581
33.14, 0.6860, -3.357
33.15, 0.6850, -3.771
33.16, 0.6840, -4.035
33.17, 0.6830, -3.545
33.18, 0.6820, -3.616
33.19, 0.6810, -2.767
33.20, 0.6800, -2.072
33.21, 0.6790, -3.921
33.22, 0.6780, -3.831
33.23, 0.6770, -3.769
33.24, 0.6760, -3.737
33.25, 0.6750, -3.960
33.26, 0.6740, -5.488
33.27, 0.6730, -3.658
33.28, 0.6720, -3.899
33.29, 0.6710, -4.306
33.30, 0.6700, -5.335
33.31, 0.6690, -5.649
33.32, 0.6680, -4.285
33.33, 0.6670, -4.455
33.34, 0.6660, -3.771
33.35, 0.6650, -4.074
33.36, 0.6640, -3.008
33.37, 0.6630, -2.185
33.38, 0.6620, -3.873
33.39, 0.6610, -2.930
33.40, 0.6600, -1.609
33.41, 0.6590, -3.370
33.42, 0.6580, -2.560
33.43, 0.6570, -3.617
33.44, 0.6560, -3.760
33.45, 0.6550, -3.191
33.46, 0.6540, -3.830
33.47, 0.6530, -3.598
33.48, 0.6520, -5.377
33.49, 0.6510, -4.260
33.50, 0.6500, -7.286
33.51, 0.6490, -6.721
33.52, 0.6480, -6.542
33.53, 0.6470, -6.167
33.54, 0.6460, -5.804
33.55, 0.6450, -6.941
33.56, 0.6440, -7.980
33.57, 0.6430, -5.732
33.58, 0.6420, -4.897
33.59, 0.6410, -3.369
33.60, 0.6400, -3.625
33.61, 0.6390, -2.790
33.62, 0.6380, -3.501
33.63, 0.6370, -3.236
33.64, 0.6360, -3.722
33.65, 0.6350, -3.331
33.66, 0.6340, -4.960
33.67, 0.6330, -4.626
33.68, 0.6320, -5.401
33.69, 0.6310, -5.493
33.70, 0.6300, -6.287
33.71, 0.6290, -4.877
33.72, 0.6280, -5.539
33.73, 0.6270, -4.546
33.74, 0.6260, -4.418
33.75, 0.6250, -2.836
33.76, 0.6240, -3.314
33.77, 0.6230, -3.861
33.78, 0.6220, -3.253
33.79, 0.6210, -2.056
33.80, 0.6200, -2.884
33.81, 0.6190, -3.229
33.82, 0.6180, -2.633
33.83, 0.6170, -4.157
33.84, 0.6160, -4.625
33.85, 0.6150, -3.631
33.86, 0.6140, -4.594
33.87, 0.6130, -4.125
33.88, 0.6120, -5.047
33.89, 0.6110, -4.567
33.90, 0.6100, -4.266
33.91, 0.6090, -4.456
33.92, 0.6080, -6.344
33.93, 0.6070, -6.125
33.94, 0.6060, -6.867
33.95, 0.6050, -7.077
33.96, 0.6040, -6.340
33.97, 0.6030, -5.934
33.98, 0.6020, -4.236
33.99, 0.6010, -4.105
34.00, 0.6000, -4.215
34.01, 0.5990, -4.015
34.02, 0.5980, -3.737
34.03, 0.5970, -3.579
34.04, 0.5960, -5.337
34.05, 0.5950, -3.492
34.06, 0.5940, -4.884
34.07, 0.5930, -4.939
34.08, 0.5920, -5.704
34.09, 0.5910, -5.965
34.10, 0.5900, -7.099
34.11, 0.5890, -6.091
34.12, 0.5880, -5.134
34.13, 0.5870, -5.139
34.14, 0.5860, -4.507
34.15, 0.5850, -3.584
34.16, 0.5840, -3.556
34.17, 0.5830, -3.685
34.18, 0.5820, -3.456
34.19, 0.5810, -4.634
34.20, 0.5800, -4.266
34.21, 0.5790, -3.657
34.22, 0.5780, -5.556
34.23, 0.5770, -4.101
34.24, 0.5760, -4.332
34.25, 0.5750, -4.753
34.26, 0.5740, -5.609
34.27, 0.5730, -5.788
34.28, 0.5720, -6.658
34.29, 0.5710, -6.086
34.30, 0.5700, -5.918
34.31, 0.5690, -3.308
34.32, 0.5680, -2.993
34.33, 0.5670, -3.226
34.34, 0.5660, -3.606
34.35, 0.5650, -4.865
34.36, 0.5640, -6.345
34.37, 0.5630, -4.963
34.38, 0.5620, -5.377
34.39, 0.5610, -5.298
34.40, 0.5600, -5.630
34.41, 0.5590, -6.546
34.42, 0.5580, -6.019
34.43, 0.5570, -5.232
34.44, 0.5560, -5.547
34.45, 0.5550, -5.458
34.46, 0.5540, -6.558
34.47, 0.5530, -6.577
34.48, 0.5520, -6.641
34.49, 0.5510, -6.135
34.50, 0.5500, -6.143
34.51, 0.5490, -5.387
34.52, 0.5480, -5.471
34.53, 0.5470, -5.676
34.54, 0.5460, -4.230
34.55, 0.5450, -4.099
34.56, 0.5440, -2.736
34.57, 0.5430, -3.421
34.58, 0.5420, -4.404
34.59, 0.5410, -2.768
34.60, 0.5400, -4.036
34.61, 0.5390, -3.593
34.62, 0.5380, -4.263
34.63, 0.5370, -5.239
34.64, 0.5360, -4.303
34.65, 0.5350, -5.692
34.66, 0.5340, -5.259
34.67, 0.5330, -4.197
34.68, 0.5320, -4.282
34.69, 0.5310, -4.475
34.70, 0.5300, -4.970
34.71, 0.5290, -3.766
34.72, 0.5280, -5.262
34.73, 0.5270, -6.119
34.74, 0.5260, -5.013
34.75, 0.5250, -5.010
34.76, 0.5240, -7.011
34.77, 0.5230, -7.743
34.78, 0.5220, -8.291
34.79, 0.5210, -8.081
34.80, 0.5200, -7.105
34.81, 0.5190, -6.732
34.82, 0.5180, -6.218
34.83, 0.5170, -4.558
34.84, 0.5160, -3.650
34.85, 0.5150, -5.414
34.86, 0.5140, -4.374
34.87, 0.5130, -4.280
34.88, 0.5120, -4.976
34.89, 0.5110, -6.424
34.90, 0.5100, -5.347
34.91, 0.5090, -5.289
34.92, 0.5080, -4.065
34.93, 0.5070, -6.472
34.94, 0.5060, -6.032
34.95, 0.5050, -6.018
34.96, 0.5040, -7.023
34.97, 0.5030, -6.770
34.98, 0.5020, -7.597
34.99, 0.5010, -6.983
35.00, 0.5000, -6.196
35.01, 0.4990, -4.675
35.02, 0.4980, -5.937
35.03, 0.4970, -5.403
35.04, 0.4960, -5.362
35.05, 0.4950, -2.728
35.06, 0.4940, -3.689
35.07, 0.4930, -4.508
35.08, 0.4920, -4.107
35.09, 0.4910, -4.058
35.10, 0.4900, -4.945
35.11, 0.4890, -4.802
35.12, 0.4880, -4.239
35.13, 0.4870, -4.426
35.14, 0.4860, -4.568
35.15, 0.4850, -4.765
35.16, 0.4840, -4.492
35.17, 0.4830, -5.392
35.18, 0.4820, -6.638
35.19, 0.4810, -6.329
35.20, 0.4800, -7.398
35.21, 0.4790, -8.432
35.22, 0.4780, -8.672
35.23, 0.4770, -8.140
35.24, 0.4760, -8.642
35.25, 0.4750, -7.680
35.26, 0.4740, -6.494
35.27, 0.4730, -7.299
35.28, 0.4720, -7.812
35.29, 0.4710, -6.532
35.30, 0.4700, -6.919
35.31, 0.4690, -6.139
35.32, 0.4680, -4.903
35.33, 0.4670, -4.846
35.34, 0.4660, -4.119
35.35, 0.4650, -4.568
35.36, 0.4640, -5.019
35.37, 0.4630, -4.824
35.38, 0.4620, -4.886
35.39, 0.4610, -4.707
35.40, 0.4600, -3.842
35.41, 0.4590, -6.449
35.42, 0.4580, -4.892
35.43, 0.4570, -6.070
35.44, 0.4560, -6.384
35.45, 0.4550, -6.815
35.46, 0.4540, -7.063
35.47, 0.4530, -7.100
35.48, 0.4520, -7.556
35.49, 0.4510, -5.338
35.50, 0.4500, -5.485
35.51, 0.4490, -5.331
35.52, 0.4480, -4.607
35.53, 0.4470, -3.958
35.54, 0.4460, -4.508
35.55, 0.4450, -4.188
35.56, 0.4440, -4.450
35.57, 0.4430, -4.982
35.58, 0.4420, -4.188
35.59, 0.4410, -2.967
35.60, 0.4400, -7.113
35.61, 0.4390, -6.053
35.62, 0.4380, -4.605
35.63, 0.4370, -7.502
35.64, 0.4360, -7.904
35.65, 0.4350, -6.531
35.66, 0.4340, -4.430
35.67, 0.4330, -6.407
35.68, 0.4320, -6.964
35.69, 0.4310, -6.952
35.70, 0.4300, -6.018
35.71, 0.4290, -5.247
35.72, 0.4280, -4.404
35.73, 0.4270, -5.990
35.74, 0.4260, -6.927
35.75, 0.4250, -7.058
35.76, 0.4240, -5.116
35.77, 0.4230, -5.385
35.78, 0.4220, -7.390
35.79, 0.4210, -4.950
35.80, 0.4200, -5.117
35.81, 0.4190, -5.627
35.82, 0.4180, -5.718
35.83, 0.4170, -7.047
35.84, 0.4160, -4.932
35.85, 0.4150, -4.238
35.86, 0.4140, -3.388
35.87, 0.4130, -6.019
35.88, 0.4120, -4.745
35.89, 0.4110, -4.834
35.90, 0.4100, -6.116
35.91, 0.4090, -6.430
35.92, 0.4080, -5.879
35.93, 0.4070, -6.117
35.94, 0.4060, -6.045
35.95, 0.4050, -7.411
35.96, 0.4040, -5.534
35.97, 0.4030, -5.517
35.98, 0.4020, -6.039
35.99, 0.4010, -6.863
36.00, 0.4000, -5.786
36.01, 0.3990, -6.614
36.02, 0.3980, -6.040
36.03, 0.3970, -5.802
36.04, 0.3960, -6.259
36.05, 0.3950, -8.110
36.06, 0.3940, -7.953
36.07, 0.3930, -8.235
36.08, 0.3920, -7.306
36.09, 0.3910, -5.646
36.10, 0.3900, -7.725
36.11, 0.3890, -8.409
36.12, 0.3880, -8.245
36.13, 0.3870, -7.785
36.14, 0.3860, -8.289
36.15, 0.3850, -7.140
36.16, 0.3840, -9.028
36.17, 0.3830, -9.023
36.18, 0.3820, -7.229
36.19, 0.3810, -7.401
36.20, 0.3800, -6.740
36.21, 0.3790, -7.719
36.22, 0.3780, -7.310
36.23, 0.3770, -7.093
36.24, 0.3760, -6.641
36.25, 0.3750, -6.816
36.26, 0.3740, -5.723
36.27, 0.3730, -6.121
36.28, 0.3720, -6.528
36.29, 0.3710, -6.259
36.30, 0.3700, -5.686
36.31, 0.3690, -6.687
36.32, 0.3680, -6.879
36.33, 0.3670, -6.443
36.34, 0.3660, -7.954
36.35, 0.3650, -8.554
36.36, 0.3640, -6.508
36.37, 0.3630, -7.890
36.38, 0.3620, -6.647
36.39, 0.3610, -6.646
36.40, 0.3600, -5.788
36.41, 0.3590, -5.413
36.42, 0.3580, -6.119
36.43, 0.3570, -4.966
36.44, 0.3560, -5.496
36.45, 0.3550, -7.200
36.46, 0.3540, -6.636
36.47, 0.3530, -7.884
36.48, 0.3520, -6.924
36.49, 0.3510, -8.017
36.50, 0.3500, -6.674
36.51, 0.3490, -7.472
36.52, 0.3480, -5.843
36.53, 0.3470, -6.652
36.54, 0.3460, -5.225
36.55, 0.3450, -4.753
36.56, 0.3440, -5.450
36.57, 0.3430, -6.027
36.58, 0.3420, -5.247
36.59, 0.3410, -5.145
36.60, 0.3400, -6.501
36.61, 0.3390, -5.657
36.62, 0.3380, -6.093
36.63, 0.3370, -5.227
36.64, 0.3360, -5.735
36.65, 0.3350, -5.996
36.66, 0.3340, -6.648
36.67, 0.3330, -6.427
36.68, 0.3320, -5.800
36.69, 0.3310, -7.627
36.70, 0.3300, -5.318
36.71, 0.3290, -5.616
36.72, 0.3280, -5.721
36.73, 0.3270, -6.647
36.74, 0.3260, -6.758
36.75, 0.3250, -6.813
36.76, 0.3240, -6.423
36.77, 0.3230, -6.045
36.78, 0.3220, -8.046
36.79, 0.3210, -8.538
36.80, 0.3200, -8.063
36.81, 0.3190, -8.127
36.82, 0.3180, -6.750
36.83, 0.3170, -8.220
36.84, 0.3160, -7.797
36.85, 0.3150, -7.587
36.86, 0.3140, -9.034
36.87, 0.3130, -6.301
36.88, 0.3120, -8.154
36.89, 0.3110, -9.248
36.90, 0.3100, -8.477
36.91, 0.3090, -10.33
36.92, 0.3080, -8.322
36.93, 0.3070, -7.579
36.94, 0.3060, -7.684
36.95, 0.3050, -6.728
36.96, 0.3040, -6.750
36.97, 0.3030, -6.683
36.98, 0.3020, -6.299
36.99, 0.3010, -7.107
37.00, 0.3000, -6.016
37.01, 0.2990, -4.993
37.02, 0.2980, -6.251
37.03, 0.2970, -6.560
37.04, 0.2960, -5.759
37.05, 0.2950, -6.741
37.06, 0.2940, -6.831
37.07, 0.2930, -6.542
37.08, 0.2920, -6.978
37.09, 0.2910, -6.751
37.10, 0.2900, -7.645
37.11, 0.2890, -5.972
37.12, 0.2880, -9.222
37.13, 0.2870, -6.944
37.14, 0.2860, -6.215
37.15, 0.2850, -7.654
37.16, 0.2840, -7.587
37.17, 0.2830, -7.749
37.18, 0.2820, -7.974
37.19, 0.2810, -7.324
37.20, 0.2800, -8.114
37.21, 0.2790, -8.339
37.22, 0.2780, -9.365
37.23, 0.2770, -9.104
37.24, 0.2760, -8.135
37.25, 0.2750, -9.308
37.26, 0.2740, -9.160
37.27, 0.2730, -7.549
37.28, 0.2720, -7.534
37.29, 0.2710, -8.028
37.30, 0.2700, -7.428
37.31, 0.2690, -8.466
37.32, 0.2680, -7.964
37.33, 0.2670, -8.685
37.34, 0.2660, -6.089
37.35, 0.2650, -6.393
37.36, 0.2640, -6.300
37.37, 0.2630, -7.315
37.38, 0.2620, -7.315
37.39, 0.2610, -6.135
37.40, 0.2600, -7.096
37.41, 0.2590, -7.738
37.42, 0.2580, -5.622
37.43, 0.2570, -7.122
37.44, 0.2560, -8.096
37.45, 0.2550, -7.588
37.46, 0.2540, -9.700
37.47, 0.2530, -8.024
37.48, 0.2520, -7.172
37.49, 0.2510, -7.941
37.50, 0.2500, -8.228
37.51, 0.2490, -7.890
37.52, 0.2480, -7.823
37.53, 0.2470, -9.035
37.54, 0.2460, -7.285
37.55, 0.2450, -8.089
37.56, 0.2440, -7.083
37.57, 0.2430, -5.876
37.58, 0.2420, -7.304
37.59, 0.2410, -6.972
37.60, 0.2400, -5.168
37.61, 0.2390, -6.724
37.62, 0.2380, -6.453
37.63, 0.2370, -5.214
37.64, 0.2360, -7.364
37.65, 0.2350, -6.968
37.66, 0.2340, -5.649
37.67, 0.2330, -6.253
37.68, 0.2320, -5.557
37.69, 0.2310, -6.750
37.70, 0.2300, -8.000
37.71, 0.2290, -7.809
37.72, 0.2280, -8.080
37.73, 0.2270, -9.281
37.74, 0.2260, -9.935
37.75, 0.2250, -11.02
37.76, 0.2240, -9.561
37.77, 0.2230, -10.19
37.78, 0.2220, -9.169
37.79, 0.2210, -9.157
37.80, 0.2200, -9.948
37.81, 0.2190, -10.17
37.82, 0.2180, -8.257
37.83, 0.2170, -11.39
37.84, 0.2160, -9.019
37.85, 0.2150, -7.723
37.86, 0.2140, -7.461
37.87, 0.2130, -7.743
37.88, 0.2120, -8.599
37.89, 0.2110, -6.488
37.90, 0.2100, -8.312
37.91, 0.2090, -5.891
37.92, 0.2080, -6.136
37.93, 0.2070, -5.019
37.94, 0.2060, -6.561
37.95, 0.2050, -6.971
37.96, 0.2040, -7.982
37.97, 0.2030, -6.211
37.98, 0.2020, -7.836
37.99, 0.2010, -8.286
38.00, 0.2000, -7.552
38.01, 0.1990, -8.195
38.02, 0.1980, -8.230
38.03, 0.1970, -6.387
38.04, 0.1960, -7.468
38.05, 0.1950, -7.556
38.06, 0.1940, -6.063
38.07, 0.1930, -8.393
38.08, 0.1920, -8.767
38.09, 0.1910, -8.597
38.10, 0.1900, -8.418
38.11, 0.1890, -9.633
38.12, 0.1880, -8.375
38.13, 0.1870, -9.429
38.14, 0.1860, -10.81
38.15, 0.1850, -11.55
38.16, 0.1840, -10.25
38.17, 0.1830, -10.20
38.18, 0.1820, -9.402
38.19, 0.1810, -10.01
38.20, 0.1800, -8.079
38.21, 0.1790, -7.563
38.22, 0.1780, -9.468
38.23, 0.1770, -7.586
38.24, 0.1760, -7.119
38.25, 0.1750, -8.565
38.26, 0.1740, -7.108
38.27, 0.1730, -9.381
38.28, 0.1720, -8.652
38.29, 0.1710, -8.619
38.30, 0.1700, -9.305
38.31, 0.1690, -8.051
38.32, 0.1680, -9.051
38.33, 0.1670, -9.247
38.34, 0.1660, -10.27
38.35, 0.1650, -10.74
38.36, 0.1640, -9.454
38.37, 0.1630, -9.849
38.38, 0.1620, -8.563
38.39, 0.1610, -8.681
38.40, 0.1600, -8.300
38.41, 0.1590, -5.835
38.42, 0.1580, -8.127
38.43, 0.1570, -7.602
38.44, 0.1560, -7.715
38.45, 0.1550, -6.779
38.46, 0.1540, -7.728
38.47, 0.1530, -9.164
38.48, 0.1520, -8.599
38.49, 0.1510, -7.189
38.50, 0.1500, -8.722
38.51, 0.1490, -7.091
38.52, 0.1480, -7.766
38.53, 0.1470, -9.766
38.54, 0.1460, -10.60
38.55, 0.1450, -9.896
38.56, 0.1440, -10.39
38.57, 0.1430, -11.20
38.58, 0.1420, -12.72
38.59, 0.1410, -11.63
38.60, 0.1400, -10.77
38.61, 0.1390, -9.157
38.62, 0.1380, -10.47
38.63, 0.1370, -8.729
38.64, 0.1360, -8.786
38.65, 0.1350, -8.064
38.66, 0.1340, -8.363
38.67, 0.1330, -8.457
38.68, 0.1320, -9.757
38.69, 0.1310, -9.410
38.70, 0.1300, -10.02
38.71, 0.1290, -9.944
38.72, 0.1280, -9.455
38.73, 0.1270, -10.27
38.74, 0.1260, -10.17
38.75, 0.1250, -9.561
38.76, 0.1240, -11.04
38.77, 0.1230, -11.76
38.78, 0.1220, -11.19
38.79, 0.1210, -11.22
38.80, 0.1200, -9.629
38.81, 0.1190, -9.735
38.82, 0.1180, -11.20
38.83, 0.1170, -9.534
38.84, 0.1160, -10.01
38.85, 0.1150, -10.04
38.86, 0.1140, -10.72
38.87, 0.1130, -9.822
38.88, 0.1120, -7.783
38.89, 0.1110, -8.424
38.90, 0.1100, -6.262
38.91, 0.1090, -8.106
38.92, 0.1080, -9.648
38.93, 0.1070, -10.15
38.94, 0.1060, -6.862
38.95, 0.1050, -9.918
38.96, 0.1040, -10.05
38.97, 0.1030, -8.697
38.98, 0.1020, -9.334
38.99, 0.1010, -12.66
39.00, 0.1000, -10.69
39.01, 0.09900, -11.11
39.02, 0.09800, -11.09
39.03, 0.09700, -11.48
39.04, 0.09600, -11.02
39.05, 0.09500, -11.64
39.06, 0.09400, -11.05
39.07, 0.09300, -12.02
39.08, 0.09200, -12.00
39.09, 0.09100, -11.84
39.10, 0.09000, -10.72
39.11, 0.08900, -11.01
39.12, 0.08800, -9.891
39.13, 0.08700, -10.43
39.14, 0.08600, -9.875
39.15, 0.08500, -9.725
39.16, 0.08400, -8.436
39.17, 0.08300, -8.564
39.18, 0.08200, -9.268
39.19, 0.08100, -9.476
39.20, 0.08000, -10.56
39.21, 0.07900, -9.963
39.22, 0.07800, -9.335
39.23, 0.07700, -8.842
39.24, 0.07600, -10.44
39.25, 0.07500, -9.597
39.26, 0.07400, -10.92
39.27, 0.07300, -11.48
39.28, 0.07200, -10.61
39.29, 0.07100, -11.93
39.30, 0.07000, -11.33
39.31, 0.06900, -9.995
39.32, 0.06800, -10.22
39.33, 0.06700, -9.199
39.34, 0.06600, -10.75
39.35, 0.06500, -7.585
39.36, 0.06400, -9.042
39.37, 0.06300, -10.59
39.38, 0.06200, -8.950
39.39, 0.06100, -10.64
39.40, 0.06000, -11.08
39.41, 0.05900, -10.24
39.42, 0.05800, -12.28
39.43, 0.05700, -12.19
39.44, 0.05600, -11.11
39.45, 0.05500, -12.12
39.46, 0.05400, -13.16
39.47, 0.05300, -13.11
39.48, 0.05200, -12.58
39.49, 0.05100, -13.14
39.50, 0.05000, -13.93
39.51, 0.04900, -13.96
39.52, 0.04800, -10.27
39.53, 0.04700, -11.41
39.54, 0.04600, -12.94
39.55, 0.04500, -11.47
39.56, 0.04400, -10.80
39.57, 0.04300, -9.978
39.58, 0.04200, -10.98
39.59, 0.04100, -10.82
39.60, 0.04000, -10.65
39.61, 0.03900, -10.52
39.62, 0.03800, -11.74
39.63, 0.03700, -11.22
39.64, 0.03600, -9.962
39.65, 0.03500, -11.17
39.66, 0.03400, -11.59
39.67, 0.03300, -12.59
39.68, 0.03200, -12.07
39.69, 0.03100, -13.58
39.70, 0.03000, -11.00
39.71, 0.02900, -13.56
39.72, 0.02800, -12.39
39.73, 0.02700, -14.05
39.74, 0.02600, -12.82
39.75, 0.02500, -11.83
39.76, 0.02400, -11.02
39.77, 0.02300, -13.20
39.78, 0.02200, -11.10
39.79, 0.02100, -11.54
39.80, 0.02000, -11.27
39.81, 0.01900, -10.91
39.82, 0.01800, -12.11
39.83, 0.01700, -11.63
39.84, 0.01600, -11.82
39.85, 0.01500, -11.81
39.86, 0.01400, -13.03
39.87, 0.01300, -13.02
39.88, 0.01200, -13.03
39.89, 0.01100, -12.86
39.90, 0.01000, -11.74
39.91, 0.009000, -12.73
39.92, 0.008000, -12.71
39.93, 0.007000, -13.26
39.94, 0.006000, -11.94
39.95, 0.005000, -11.92
39.96, 0.004000, -13.76
39.97, 0.003000, -12.37
39.98, 0.002000, -13.10
39.99, 0.001000, -11.81
40.00, 0.000, -11.17
