0.01000, 0.001000, -100.0
0.02000, 0.002000, -100.0
0.03000, 0.003000, -100.0
0.04000, 0.004000, -99.81
0.05000, 0.005000, -81.96
0.06000, 0.006000, -68.73
0.07000, 0.007000, -58.56
0.08000, 0.008000, -50.97
0.09000, 0.009000, -45.33
0.1000, 0.01000, -41.37
0.1100, 0.01100, -38.88
0.1200, 0.01200, -35.47
0.1300, 0.01300, -32.29
0.1400, 0.01400, -29.93
0.1500, 0.01500, -27.53
0.1600, 0.01600, -25.13
0.1700, 0.01700, -24.30
0.1800, 0.01800, -24.91
0.1900, 0.01900, -23.18
0.2000, 0.02000, -21.68
0.2100, 0.02100, -19.62
0.2200, 0.02200, -18.65
0.2300, 0.02300, -17.61
0.2400, 0.02400, -16.45
0.2500, 0.02500, -15.93
0.2600, 0.02600, -15.00
0.2700, 0.02700, -14.89
0.2800, 0.02800, -13.69
0.2900, 0.02900, -12.57
0.3000, 0.03000, -11.99
0.3100, 0.03100, -11.93
0.3200, 0.03200, -11.94
0.3300, 0.03300, -12.16
0.3400, 0.03400, -11.39
0.3500, 0.03500, -11.52
0.3600, 0.03600, -11.30
0.3700, 0.03700, -10.36
0.3800, 0.03800, -9.647
0.3900, 0.03900, -9.329
0.4000, 0.04000, -10.37
0.4100, 0.04100, -11.25
0.4200, 0.04200, -9.529
0.4300, 0.04300, -8.966
0.4400, 0.04400, -8.889
0.4500, 0.04500, -7.883
0.4600, 0.04600, -7.500
0.4700, 0.04700, -7.934
0.4800, 0.04800, -8.707
0.4900, 0.04900, -9.263
0.5000, 0.05000, -7.497
0.5100, 0.05100, -8.028
0.5200, 0.05200, -7.125
0.5300, 0.05300, -6.039
0.5400, 0.05400, -6.565
0.5500, 0.05500, -6.528
0.5600, 0.05600, -7.065
0.5700, 0.05700, -7.488
0.5800, 0.05800, -6.146
0.5900, 0.05900, -6.708
0.6000, 0.06000, -5.633
0.6100, 0.06100, -5.474
0.6200, 0.06200, -5.692
0.6300, 0.06300, -7.036
0.6400, 0.06400, -5.842
0.6500, 0.06500, -5.815
0.6600, 0.06600, -4.362
0.6700, 0.06700, -4.091
0.6800, 0.06800, -3.704
0.6900, 0.06900, -4.334
0.7000, 0.07000, -4.259
0.7100, 0.07100, -5.124
0.7200, 0.07200, -4.187
0.7300, 0.07300, -3.756
0.7400, 0.07400, -3.451
0.7500, 0.07500, -3.581
0.7600, 0.07600, -3.064
0.7700, 0.07700, -4.856
0.7800, 0.07800, -4.843
0.7900, 0.07900, -4.669
0.8000, 0.08000, -3.998
0.8100, 0.08100, -3.363
0.8200, 0.08200, -3.799
0.8300, 0.08300, -3.099
0.8400, 0.08400, -3.732
0.8500, 0.08500, -4.622
0.8600, 0.08600, -4.425
0.8700, 0.08700, -3.675
0.8800, 0.08800, -4.156
0.8900, 0.08900, -3.692
0.9000, 0.09000, -3.064
0.9100, 0.09100, -4.695
0.9200, 0.09200, -4.291
0.9300, 0.09300, -4.259
0.9400, 0.09400, -4.257
0.9500, 0.09500, -4.209
0.9600, 0.09600, -3.888
0.9700, 0.09700, -3.068
0.9800, 0.09800, -2.736
0.9900, 0.09900, -3.969
1.000, 0.1000, -4.130
1.010, 0.1010, -3.412
1.020, 0.1020, -2.949
1.030, 0.1030, -2.961
1.040, 0.1040, -2.245
1.050, 0.1050, -2.359
1.060, 0.1060, -3.924
1.070, 0.1070, -3.995
1.080, 0.1080, -2.232
1.090, 0.1090, -1.539
1.100, 0.1100, -0.6318
1.110, 0.1110, -0.06229
1.120, 0.1120, -1.357
1.130, 0.1130, -1.879
1.140, 0.1140, -1.632
1.150, 0.1150, -1.505
1.160, 0.1160, -1.164
1.170, 0.1170, -0.2794
1.180, 0.1180, -2.087
1.190, 0.1190, -3.051
1.200, 0.1200, -2.614
1.210, 0.1210, -2.044
1.220, 0.1220, -1.378
1.230, 0.1230, -1.562
1.240, 0.1240, -2.130
1.250, 0.1250, -3.804
1.260, 0.1260, -3.106
1.270, 0.1270, -1.476
1.280, 0.1280, -1.482
1.290, 0.1290, -1.270
1.300, 0.1300, -2.573
1.310, 0.1310, -2.831
1.320, 0.1320, -3.087
1.330, 0.1330, -2.368
1.340, 0.1340, -0.9937
1.350, 0.1350, -1.060
1.360, 0.1360, -0.8589
1.370, 0.1370, -2.096
1.380, 0.1380, -2.955
1.390, 0.1390, -3.077
1.400, 0.1400, -2.532
1.410, 0.1410, -2.573
1.420, 0.1420, -2.055
1.430, 0.1430, -0.9228
1.440, 0.1440, -1.720
1.450, 0.1450, -3.061
1.460, 0.1460, -2.680
1.470, 0.1470, -2.484
1.480, 0.1480, -1.869
1.490, 0.1490, -2.107
1.500, 0.1500, -1.163
1.510, 0.1510, -0.09550
1.520, 0.1520, 0.2159
1.530, 0.1530, 0.3611
1.540, 0.1540, -0.1911
1.550, 0.1550, -0.4233
1.560, 0.1560, -1.633
1.570, 0.1570, -0.3886
1.580, 0.1580, -0.8016
1.590, 0.1590, -0.7339
1.600, 0.1600, -1.085
1.610, 0.1610, -1.480
1.620, 0.1620, -1.755
1.630, 0.1630, 0.2353
1.640, 0.1640, -1.234
1.650, 0.1650, -1.004
1.660, 0.1660, -1.323
1.670, 0.1670, -1.387
1.680, 0.1680, -1.784
1.690, 0.1690, -2.408
1.700, 0.1700, -0.9895
1.710, 0.1710, -0.4645
1.720, 0.1720, -0.9812
1.730, 0.1730, -0.7900
1.740, 0.1740, -1.791
1.750, 0.1750, -2.640
1.760, 0.1760, -2.499
1.770, 0.1770, -1.634
1.780, 0.1780, -0.8581
1.790, 0.1790, 0.07679
1.800, 0.1800, -0.7327
1.810, 0.1810, -1.893
1.820, 0.1820, -2.766
1.830, 0.1830, -1.239
1.840, 0.1840, -0.2954
1.850, 0.1850, -0.7307
1.860, 0.1860, 0.4170
1.870, 0.1870, -1.178
1.880, 0.1880, -1.069
1.890, 0.1890, -1.593
1.900, 0.1900, -2.095
1.910, 0.1910, -0.9492
1.920, 0.1920, -0.05117
1.930, 0.1930, 0.4036
1.940, 0.1940, 0.2599
1.950, 0.1950, -0.3395
1.960, 0.1960, -0.8632
1.970, 0.1970, -0.9103
1.980, 0.1980, 0.3701
1.990, 0.1990, 0.1905
2.000, 0.2000, -0.01537
2.010, 0.2010, 1.274
2.020, 0.2020, -0.9588
2.030, 0.2030, -0.8677
2.040, 0.2040, -1.377
2.050, 0.2050, -0.5880
2.060, 0.2060, -0.08864
2.070, 0.2070, -0.1304
2.080, 0.2080, -1.326
2.090, 0.2090, -0.6161
2.100, 0.2100, -2.298
2.110, 0.2110, -2.198
2.120, 0.2120, -1.726
2.130, 0.2130, -1.086
2.140, 0.2140, 0.4845
2.150, 0.2150, 0.4214
2.160, 0.2160, -0.5392
2.170, 0.2170, -0.6245
2.180, 0.2180, -1.415
2.190, 0.2190, -1.493
2.200, 0.2200, -0.5429
2.210, 0.2210, 0.02250
2.220, 0.2220, -0.3239
2.230, 0.2230, -0.7913
2.240, 0.2240, -2.108
2.250, 0.2250, -1.401
2.260, 0.2260, -1.190
2.270, 0.2270, -1.273
2.280, 0.2280, -0.7506
2.290, 0.2290, 0.1124
2.300, 0.2300, -1.141
2.310, 0.2310, -1.367
2.320, 0.2320, -2.075
2.330, 0.2330, -1.959
2.340, 0.2340, -2.693
2.350, 0.2350, 0.09511
2.360, 0.2360, 1.717
2.370, 0.2370, 1.546
2.380, 0.2380, -0.2902
2.390, 0.2390, -0.5304
2.400, 0.2400, 0.6084
2.410, 0.2410, 1.002
2.420, 0.2420, 0.5747
2.430, 0.2430, 0.5167
2.440, 0.2440, 0.8439
2.450, 0.2450, -1.549
2.460, 0.2460, -1.642
2.470, 0.2470, -0.9616
2.480, 0.2480, -0.5181
2.490, 0.2490, -0.6117
2.500, 0.2500, 0.5614
2.510, 0.2510, -0.02676
2.520, 0.2520, -0.003314
2.530, 0.2530, -2.389
2.540, 0.2540, -1.983
2.550, 0.2550, -1.621
2.560, 0.2560, -0.5337
2.570, 0.2570, -0.2002
2.580, 0.2580, 0.3122
2.590, 0.2590, -0.6928
2.600, 0.2600, -0.7814
2.610, 0.2610, -1.578
2.620, 0.2620, -1.691
2.630, 0.2630, -0.5471
2.640, 0.2640, -0.3127
2.650, 0.2650, 0.2629
2.660, 0.2660, -0.3393
2.670, 0.2670, -0.4907
2.680, 0.2680, -0.7809
2.690, 0.2690, -0.8197
2.700, 0.2700, -1.467
2.710, 0.2710, 0.08181
2.720, 0.2720, -0.5975
2.730, 0.2730, 0.1710
2.740, 0.2740, 0.4636
2.750, 0.2750, -0.1839
2.760, 0.2760, -0.8100
2.770, 0.2770, -1.137
2.780, 0.2780, -0.3198
2.790, 0.2790, 0.3131
2.800, 0.2800, 0.6159
2.810, 0.2810, 1.089
2.820, 0.2820, 1.106
2.830, 0.2830, 2.102
2.840, 0.2840, 2.172
2.850, 0.2850, 0.4153
2.860, 0.2860, -1.127
2.870, 0.2870, -0.4470
2.880, 0.2880, -0.7033
2.890, 0.2890, 0.8270
2.900, 0.2900, 0.6116
2.910, 0.2910, -0.06001
2.920, 0.2920, 0.1498
2.930, 0.2930, -0.4867
2.940, 0.2940, -0.04497
2.950, 0.2950, -1.282
2.960, 0.2960, -0.2247
2.970, 0.2970, 0.6990
2.980, 0.2980, -0.2213
2.990, 0.2990, 0.1935
3.000, 0.3000, -1.038
3.010, 0.3010, -0.6704
3.020, 0.3020, -1.309
3.030, 0.3030, -1.802
3.040, 0.3040, -1.179
3.050, 0.3050, -1.008
3.060, 0.3060, -1.202
3.070, 0.3070, 0.7824
3.080, 0.3080, 0.03810
3.090, 0.3090, 0.5240
3.100, 0.3100, -1.353
3.110, 0.3110, -0.4805
3.120, 0.3120, -1.266
3.130, 0.3130, -1.728
3.140, 0.3140, -0.4877
3.150, 0.3150, -0.2002
3.160, 0.3160, 0.4622
3.170, 0.3170, -1.308
3.180, 0.3180, -0.2278
3.190, 0.3190, -0.2419
3.200, 0.3200, 1.548
3.210, 0.3210, 0.5693
3.220, 0.3220, 2.205
3.230, 0.3230, 0.9599
3.240, 0.3240, 0.4448
3.250, 0.3250, -0.4384
3.260, 0.3260, 0.4916
3.270, 0.3270, 0.5146
3.280, 0.3280, 0.3938
3.290, 0.3290, -1.129
3.300, 0.3300, 0.3431
3.310, 0.3310, 0.4633
3.320, 0.3320, 1.531
3.330, 0.3330, 0.9259
3.340, 0.3340, -0.02826
3.350, 0.3350, -0.6988
3.360, 0.3360, -1.043
3.370, 0.3370, -0.6447
3.380, 0.3380, -0.2451
3.390, 0.3390, -0.5415
3.400, 0.3400, 0.8308
3.410, 0.3410, 0.2886
3.420, 0.3420, 0.2160
3.430, 0.3430, -0.01117
3.440, 0.3440, -0.2324
3.450, 0.3450, -1.049
3.460, 0.3460, -1.857
3.470, 0.3470, -0.8190
3.480, 0.3480, -0.8711
3.490, 0.3490, 0.1436
3.500, 0.3500, 1.059
3.510, 0.3510, 0.8826
3.520, 0.3520, 0.3805
3.530, 0.3530, 0.03182
3.540, 0.3540, -1.484
3.550, 0.3550, -1.266
3.560, 0.3560, -0.7046
3.570, 0.3570, -1.659
3.580, 0.3580, -0.6879
3.590, 0.3590, -0.01413
3.600, 0.3600, -0.5470
3.610, 0.3610, 1.335
3.620, 0.3620, 2.450
3.630, 0.3630, 1.934
3.640, 0.3640, -0.1235
3.650, 0.3650, -0.3637
3.660, 0.3660, 0.3523
3.670, 0.3670, 0.9510
3.680, 0.3680, 1.021
3.690, 0.3690, 1.387
3.700, 0.3700, 1.780
3.710, 0.3710, 1.790
3.720, 0.3720, 0.3055
3.730, 0.3730, -1.407
3.740, 0.3740, -1.741
3.750, 0.3750, -1.036
3.760, 0.3760, -0.5555
3.770, 0.3770, -0.3583
3.780, 0.3780, 0.3897
3.790, 0.3790, 0.8688
3.800, 0.3800, 0.4366
3.810, 0.3810, -0.4165
3.820, 0.3820, -0.7855
3.830, 0.3830, -0.9593
3.840, 0.3840, -0.05548
3.850, 0.3850, -0.8960
3.860, 0.3860, -0.2629
3.870, 0.3870, 0.5906
3.880, 0.3880, 0.1078
3.890, 0.3890, -0.1035
3.900, 0.3900, 0.7087
3.910, 0.3910, 0.3885
3.920, 0.3920, -0.3454
3.930, 0.3930, -0.5768
3.940, 0.3940, -1.036
3.950, 0.3950, -0.7956
3.960, 0.3960, -1.020
3.970, 0.3970, 0.3484
3.980, 0.3980, 0.9076
3.990, 0.3990, 1.377
4.000, 0.4000, -1.029
4.010, 0.4010, -0.9333
4.020, 0.4020, -1.011
4.030, 0.4030, 0.005444
4.040, 0.4040, -0.06813
4.050, 0.4050, 1.102
4.060, 0.4060, 2.616
4.070, 0.4070, 2.126
4.080, 0.4080, 3.010
4.090, 0.4090, 1.089
4.100, 0.4100, 1.378
4.110, 0.4110, -0.1379
4.120, 0.4120, 1.093
4.130, 0.4130, 1.192
4.140, 0.4140, 1.280
4.150, 0.4150, 0.7068
4.160, 0.4160, 0.7107
4.170, 0.4170, 1.459
4.180, 0.4180, 0.7981
4.190, 0.4190, 0.9599
4.200, 0.4200, -1.405
4.210, 0.4210, -1.374
4.220, 0.4220, -1.612
4.230, 0.4230, 0.1342
4.240, 0.4240, 0.2263
4.250, 0.4250, 0.9715
4.260, 0.4260, 0.9368
4.270, 0.4270, 0.8663
4.280, 0.4280, 0.4634
4.290, 0.4290, -0.1030
4.300, 0.4300, -0.7180
4.310, 0.4310, -1.241
4.320, 0.4320, -1.104
4.330, 0.4330, -0.7167
4.340, 0.4340, -0.7090
4.350, 0.4350, 0.1539
4.360, 0.4360, 1.255
4.370, 0.4370, 1.029
4.380, 0.4380, 0.4858
4.390, 0.4390, -0.01818
4.400, 0.4400, -1.998
4.410, 0.4410, -1.234
4.420, 0.4420, -1.826
4.430, 0.4430, -0.4936
4.440, 0.4440, -1.603
4.450, 0.4450, 1.099
4.460, 0.4460, 1.262
4.470, 0.4470, 1.974
4.480, 0.4480, 2.474
4.490, 0.4490, 2.591
4.500, 0.4500, 2.012
4.510, 0.4510, 0.07125
4.520, 0.4520, -0.01545
4.530, 0.4530, 0.8953
4.540, 0.4540, 0.4549
4.550, 0.4550, -0.09323
4.560, 0.4560, -0.6740
4.570, 0.4570, 0.6847
4.580, 0.4580, 0.5543
4.590, 0.4590, 0.6442
4.600, 0.4600, -1.328
4.610, 0.4610, -0.8623
4.620, 0.4620, -1.036
4.630, 0.4630, -0.3438
4.640, 0.4640, 0.2317
4.650, 0.4650, 1.325
4.660, 0.4660, 0.9160
4.670, 0.4670, 1.012
4.680, 0.4680, 1.156
4.690, 0.4690, -0.7899
4.700, 0.4700, -0.2802
4.710, 0.4710, -1.118
4.720, 0.4720, -0.4474
4.730, 0.4730, -0.5100
4.740, 0.4740, 0.3779
4.750, 0.4750, 1.175
4.760, 0.4760, 1.591
4.770, 0.4770, -1.020
4.780, 0.4780, 0.4406
4.790, 0.4790, -0.7102
4.800, 0.4800, -0.3366
4.810, 0.4810, -0.09576
4.820, 0.4820, -0.2234
4.830, 0.4830, 1.019
4.840, 0.4840, 1.382
4.850, 0.4850, -0.07259
4.860, 0.4860, 0.9516
4.870, 0.4870, -0.8298
4.880, 0.4880, -1.043
4.890, 0.4890, 0.3471
4.900, 0.4900, 1.499
4.910, 0.4910, 2.436
4.920, 0.4920, 3.131
4.930, 0.4930, 2.462
4.940, 0.4940, 1.040
4.950, 0.4950, -0.8173
4.960, 0.4960, 0.3189
4.970, 0.4970, 0.06014
4.980, 0.4980, 0.9562
4.990, 0.4990, 1.415
5.000, 0.5000, 1.422
5.010, 0.5010, -1.052
5.020, 0.5020, -0.5803
5.030, 0.5030, -0.8363
5.040, 0.5040, 0.005311
5.050, 0.5050, 1.047
5.060, 0.5060, 0.006486
5.070, 0.5070, 1.110
5.080, 0.5080, 1.075
5.090, 0.5090, 0.9177
5.100, 0.5100, -0.5414
5.110, 0.5110, -2.082
5.120, 0.5120, -0.2490
5.130, 0.5130, -0.7355
5.140, 0.5140, 0.7854
5.150, 0.5150, 0.3465
5.160, 0.5160, 0.4200
5.170, 0.5170, 1.141
5.180, 0.5180, 0.7178
5.190, 0.5190, -0.02697
5.200, 0.5200, -0.008437
5.210, 0.5210, -1.448
5.220, 0.5220, 0.6360
5.230, 0.5230, 0.1076
5.240, 0.5240, 0.1945
5.250, 0.5250, 0.9730
5.260, 0.5260, 1.674
5.270, 0.5270, -0.07010
5.280, 0.5280, 0.7827
5.290, 0.5290, -0.1350
5.300, 0.5300, -0.5059
5.310, 0.5310, 1.131
5.320, 0.5320, 0.9701
5.330, 0.5330, 1.852
5.340, 0.5340, 2.929
5.350, 0.5350, 2.614
5.360, 0.5360, 1.794
5.370, 0.5370, -0.09858
5.380, 0.5380, 0.5065
5.390, 0.5390, 0.5680
5.400, 0.5400, 0.3374
5.410, 0.5410, 0.6426
5.420, 0.5420, 0.4345
5.430, 0.5430, 1.852
5.440, 0.5440, 0.9550
5.450, 0.5450, 1.585
5.460, 0.5460, -0.02260
5.470, 0.5470, -0.5167
5.480, 0.5480, -0.7401
5.490, 0.5490, -0.6438
5.500, 0.5500, 0.9710
5.510, 0.5510, 0.5973
5.520, 0.5520, 0.3518
5.530, 0.5530, 2.087
5.540, 0.5540, 1.031
5.550, 0.5550, -0.6625
5.560, 0.5560, -1.389
5.570, 0.5570, -1.935
5.580, 0.5580, 0.05315
5.590, 0.5590, -0.7446
5.600, 0.5600, -0.6919
5.610, 0.5610, 0.03708
5.620, 0.5620, 0.8423
5.630, 0.5630, 1.130
5.640, 0.5640, -0.7411
5.650, 0.5650, -0.1802
5.660, 0.5660, -1.532
5.670, 0.5670, 0.02956
5.680, 0.5680, 0.05527
5.690, 0.5690, -0.6685
5.700, 0.5700, 1.062
5.710, 0.5710, 0.007764
5.720, 0.5720, 2.188
5.730, 0.5730, 1.544
5.740, 0.5740, 1.625
5.750, 0.5750, 0.8063
5.760, 0.5760, 0.8081
5.770, 0.5770, 1.197
5.780, 0.5780, 2.301
5.790, 0.5790, 2.024
5.800, 0.5800, 1.958
5.810, 0.5810, 1.822
5.820, 0.5820, 1.930
5.830, 0.5830, -0.6923
5.840, 0.5840, -0.8673
5.850, 0.5850, -0.3210
5.860, 0.5860, 0.7370
5.870, 0.5870, 0.6827
5.880, 0.5880, 0.4488
5.890, 0.5890, 0.9975
5.900, 0.5900, 0.1408
5.910, 0.5910, 0.05969
5.920, 0.5920, -1.382
5.930, 0.5930, -0.05595
5.940, 0.5940, -0.6760
5.950, 0.5950, 0.5043
5.960, 0.5960, 1.470
5.970, 0.5970, 0.5604
5.980, 0.5980, 1.625
5.990, 0.5990, -0.7395
6.000, 0.6000, 0.2174
6.010, 0.6010, -0.8245
6.020, 0.6020, -0.2500
6.030, 0.6030, -0.5984
6.040, 0.6040, -0.2883
6.050, 0.6050, 0.03830
6.060, 0.6060, 0.1889
6.070, 0.6070, -0.2035
6.080, 0.6080, -0.7290
6.090, 0.6090, -0.1998
6.100, 0.6100, 0.4291
6.110, 0.6110, 0.1111
6.120, 0.6120, 0.07749
6.130, 0.6130, 0.5808
6.140, 0.6140, 0.7097
6.150, 0.6150, 3.495
6.160, 0.6160, 1.658
6.170, 0.6170, 1.391
6.180, 0.6180, 0.05410
6.190, 0.6190, 0.7320
6.200, 0.6200, 1.870
6.210, 0.6210, 0.6748
6.220, 0.6220, -0.08448
6.230, 0.6230, 1.973
6.240, 0.6240, 2.437
6.250, 0.6250, 2.433
6.260, 0.6260, -0.5609
6.270, 0.6270, 0.2563
6.280, 0.6280, -0.8728
6.290, 0.6290, 0.2123
6.300, 0.6300, -0.05567
6.310, 0.6310, 0.7122
6.320, 0.6320, 0.7314
6.330, 0.6330, 1.648
6.340, 0.6340, 1.973
6.350, 0.6350, 0.3516
6.360, 0.6360, -0.9157
6.370, 0.6370, -1.655
6.380, 0.6380, -0.9537
6.390, 0.6390, 0.7709
6.400, 0.6400, 1.060
6.410, 0.6410, 0.4017
6.420, 0.6420, 0.6937
6.430, 0.6430, 1.618
6.440, 0.6440, 1.872
6.450, 0.6450, 0.6487
6.460, 0.6460, -0.8540
6.470, 0.6470, -1.482
6.480, 0.6480, -0.1262
6.490, 0.6490, 0.3429
6.500, 0.6500, 0.2263
6.510, 0.6510, 0.7602
6.520, 0.6520, 0.7114
6.530, 0.6530, 0.5238
6.540, 0.6540, 0.4071
6.550, 0.6550, -0.0009900
6.560, 0.6560, 0.3556
6.570, 0.6570, 0.6115
6.580, 0.6580, 1.582
6.590, 0.6590, 2.636
6.600, 0.6600, 2.875
6.610, 0.6610, 2.597
6.620, 0.6620, 1.712
6.630, 0.6630, 1.494
6.640, 0.6640, 0.07633
6.650, 0.6650, 0.2096
6.660, 0.6660, 1.185
6.670, 0.6670, 0.8009
6.680, 0.6680, 1.085
6.690, 0.6690, 0.9047
6.700, 0.6700, 1.046
6.710, 0.6710, 1.327
6.720, 0.6720, -0.03651
6.730, 0.6730, -2.162
6.740, 0.6740, -0.6409
6.750, 0.6750, 0.05146
6.760, 0.6760, 0.5558
6.770, 0.6770, 0.4591
6.780, 0.6780, 0.5471
6.790, 0.6790, 1.758
6.800, 0.6800, 1.242
6.810, 0.6810, -1.174
6.820, 0.6820, -0.5507
6.830, 0.6830, -0.6177
6.840, 0.6840, 0.05527
6.850, 0.6850, -0.1306
6.860, 0.6860, 0.3286
6.870, 0.6870, 1.263
6.880, 0.6880, 0.8104
6.890, 0.6890, 1.360
6.900, 0.6900, 1.359
6.910, 0.6910, 0.08215
6.920, 0.6920, 0.1196
6.930, 0.6930, -0.6067
6.940, 0.6940, -0.9608
6.950, 0.6950, -1.063
6.960, 0.6960, 1.116
6.970, 0.6970, 1.175
6.980, 0.6980, 1.172
6.990, 0.6990, 1.971
7.000, 0.7000, 1.490
7.010, 0.7010, 2.524
7.020, 0.7020, 1.168
7.030, 0.7030, 0.2746
7.040, 0.7040, 0.8089
7.050, 0.7050, 1.501
7.060, 0.7060, 2.321
7.070, 0.7070, 2.323
7.080, 0.7080, 2.123
7.090, 0.7090, 0.06609
7.100, 0.7100, 0.5196
7.110, 0.7110, -0.1658
7.120, 0.7120, -0.1513
7.130, 0.7130, -0.1817
7.140, 0.7140, 0.3760
7.150, 0.7150, 0.6063
7.160, 0.7160, 0.8578
7.170, 0.7170, 1.979
7.180, 0.7180, 2.016
7.190, 0.7190, -0.1920
7.200, 0.7200, -1.697
7.210, 0.7210, -1.724
7.220, 0.7220, -0.2809
7.230, 0.7230, -0.003173
7.240, 0.7240, 1.253
7.250, 0.7250, 2.186
7.260, 0.7260, 2.145
7.270, 0.7270, 0.3632
7.280, 0.7280, 0.9056
7.290, 0.7290, -1.519
7.300, 0.7300, -0.2640
7.310, 0.7310, -0.8290
7.320, 0.7320, 0.3156
7.330, 0.7330, 0.1332
7.340, 0.7340, 0.7081
7.350, 0.7350, 0.1310
7.360, 0.7360, 1.319
7.370, 0.7370, 0.9327
7.380, 0.7380, 0.07803
7.390, 0.7390, -0.8960
7.400, 0.7400, 0.2528
7.410, 0.7410, 1.179
7.420, 0.7420, 2.201
7.430, 0.7430, 2.656
7.440, 0.7440, 3.060
7.450, 0.7450, 2.183
7.460, 0.7460, 2.397
7.470, 0.7470, 1.130
7.480, 0.7480, 0.05000
7.490, 0.7490, 0.5802
7.500, 0.7500, 0.9284
7.510, 0.7510, -0.4093
7.520, 0.7520, 0.7141
7.530, 0.7530, 2.412
7.540, 0.7540, 2.287
7.550, 0.7550, 2.601
7.560, 0.7560, 0.1619
7.570, 0.7570, 0.4694
7.580, 0.7580, -0.1850
7.590, 0.7590, -0.8522
7.600, 0.7600, -0.1986
7.610, 0.7610, -0.2809
7.620, 0.7620, 0.6441
7.630, 0.7630, 0.5648
7.640, 0.7640, 2.456
7.650, 0.7650, 1.967
7.660, 0.7660, 0.5652
7.670, 0.7670, -0.8277
7.680, 0.7680, -0.7360
7.690, 0.7690, 0.3649
7.700, 0.7700, 0.4261
7.710, 0.7710, 2.110
7.720, 0.7720, -0.1231
7.730, 0.7730, 1.784
7.740, 0.7740, 2.136
7.750, 0.7750, 0.2350
7.760, 0.7760, 0.7133
7.770, 0.7770, -0.9323
7.780, 0.7780, -1.183
7.790, 0.7790, -0.7125
7.800, 0.7800, 0.2977
7.810, 0.7810, 1.169
7.820, 0.7820, 1.241
7.830, 0.7830, 2.329
7.840, 0.7840, 3.104
7.850, 0.7850, 2.454
7.860, 0.7860, 2.311
7.870, 0.7870, 2.082
7.880, 0.7880, 0.8632
7.890, 0.7890, 0.6982
7.900, 0.7900, 0.1529
7.910, 0.7910, 1.067
7.920, 0.7920, 1.895
7.930, 0.7930, 1.721
7.940, 0.7940, 1.567
7.950, 0.7950, 1.038
7.960, 0.7960, 0.4284
7.970, 0.7970, -0.9348
7.980, 0.7980, -0.1295
7.990, 0.7990, 0.9901
8.000, 0.8000, 0.09792
8.010, 0.8010, 0.5588
8.020, 0.8020, 1.597
8.030, 0.8030, 1.704
8.040, 0.8040, 2.493
8.050, 0.8050, 0.5415
8.060, 0.8060, 0.3742
8.070, 0.8070, -1.716
8.080, 0.8080, -0.2501
8.090, 0.8090, 0.5527
8.100, 0.8100, 1.408
8.110, 0.8110, 0.2438
8.120, 0.8120, 1.480
8.130, 0.8130, 1.624
8.140, 0.8140, 0.3237
8.150, 0.8150, 1.308
8.160, 0.8160, -0.6399
8.170, 0.8170, -0.6169
8.180, 0.8180, -0.2503
8.190, 0.8190, 0.1770
8.200, 0.8200, 1.385
8.210, 0.8210, 1.142
8.220, 0.8220, 1.085
8.230, 0.8230, 2.156
8.240, 0.8240, 1.358
8.250, 0.8250, 1.091
8.260, 0.8260, 1.972
8.270, 0.8270, 0.6339
8.280, 0.8280, 0.8142
8.290, 0.8290, 1.109
8.300, 0.8300, 2.605
8.310, 0.8310, 3.362
8.320, 0.8320, 2.933
8.330, 0.8330, 1.964
8.340, 0.8340, 0.7608
8.350, 0.8350, -0.2923
8.360, 0.8360, 0.1426
8.370, 0.8370, 1.004
8.380, 0.8380, -0.2706
8.390, 0.8390, 1.466
8.400, 0.8400, 1.400
8.410, 0.8410, 1.622
8.420, 0.8420, 2.074
8.430, 0.8430, 1.706
8.440, 0.8440, 0.1545
8.450, 0.8450, -2.098
8.460, 0.8460, -1.188
8.470, 0.8470, 0.2320
8.480, 0.8480, 0.6799
8.490, 0.8490, 1.043
8.500, 0.8500, 0.1168
8.510, 0.8510, 0.9900
8.520, 0.8520, 2.411
8.530, 0.8530, 2.071
8.540, 0.8540, 0.06713
8.550, 0.8550, 0.3237
8.560, 0.8560, 0.7328
8.570, 0.8570, -0.5687
8.580, 0.8580, -0.1809
8.590, 0.8590, 1.790
8.600, 0.8600, 1.247
8.610, 0.8610, 2.751
8.620, 0.8620, 2.335
8.630, 0.8630, -0.2687
8.640, 0.8640, 0.2730
8.650, 0.8650, 0.1248
8.660, 0.8660, 0.9657
8.670, 0.8670, 1.262
8.680, 0.8680, 2.144
8.690, 0.8690, 3.523
8.700, 0.8700, 3.704
8.710, 0.8710, 2.827
8.720, 0.8720, 2.736
8.730, 0.8730, 3.039
8.740, 0.8740, 1.428
8.750, 0.8750, 0.5279
8.760, 0.8760, 0.6281
8.770, 0.8770, 0.6756
8.780, 0.8780, 0.3029
8.790, 0.8790, 1.098
8.800, 0.8800, 2.187
8.810, 0.8810, 0.7569
8.820, 0.8820, 2.268
8.830, 0.8830, 1.346
8.840, 0.8840, 1.046
8.850, 0.8850, 0.9793
8.860, 0.8860, 0.7167
8.870, 0.8870, -0.05029
8.880, 0.8880, -0.01835
8.890, 0.8890, 0.07757
8.900, 0.8900, 1.266
8.910, 0.8910, 0.8590
8.920, 0.8920, 2.161
8.930, 0.8930, 2.233
8.940, 0.8940, 3.340
8.950, 0.8950, 1.277
8.960, 0.8960, -0.01446
8.970, 0.8970, -1.171
8.980, 0.8980, -0.1418
8.990, 0.8990, -0.3716
9.000, 0.9000, -0.3929
9.010, 0.9010, 1.192
9.020, 0.9020, 1.192
9.030, 0.9030, -0.03334
9.040, 0.9040, 0.7706
9.050, 0.9050, 1.498
9.060, 0.9060, 1.634
9.070, 0.9070, 1.600
9.080, 0.9080, 0.07556
9.090, 0.9090, 1.388
9.100, 0.9100, 1.283
9.110, 0.9110, 0.3681
9.120, 0.9120, 2.089
9.130, 0.9130, 2.521
9.140, 0.9140, 3.025
9.150, 0.9150, 1.883
9.160, 0.9160, 3.832
9.170, 0.9170, 3.518
9.180, 0.9180, 3.574
9.190, 0.9190, 3.498
9.200, 0.9200, 1.859
9.210, 0.9210, 0.7627
9.220, 0.9220, 0.7417
9.230, 0.9230, 0.6477
9.240, 0.9240, 1.046
9.250, 0.9250, 0.9784
9.260, 0.9260, 0.5386
9.270, 0.9270, 0.05754
9.280, 0.9280, 1.384
9.290, 0.9290, 2.600
9.300, 0.9300, 2.871
9.310, 0.9310, 2.062
9.320, 0.9320, 2.180
9.330, 0.9330, 0.4237
9.340, 0.9340, -1.723
9.350, 0.9350, -0.7320
9.360, 0.9360, -1.160
9.370, 0.9370, 0.3962
9.380, 0.9380, 1.481
9.390, 0.9390, 1.964
9.400, 0.9400, 0.7086
9.410, 0.9410, 2.016
9.420, 0.9420, 2.921
9.430, 0.9430, 1.624
9.440, 0.9440, 1.362
9.450, 0.9450, 0.4141
9.460, 0.9460, -1.120
9.470, 0.9470, -1.319
9.480, 0.9480, 0.5975
9.490, 0.9490, 1.226
9.500, 0.9500, 1.210
9.510, 0.9510, 1.813
9.520, 0.9520, 3.802
9.530, 0.9530, 4.680
9.540, 0.9540, 3.646
9.550, 0.9550, 1.551
9.560, 0.9560, 2.586
9.570, 0.9570, 1.605
9.580, 0.9580, 1.488
9.590, 0.9590, 3.097
9.600, 0.9600, 2.363
9.610, 0.9610, 2.624
9.620, 0.9620, 2.681
9.630, 0.9630, 3.533
9.640, 0.9640, 3.130
9.650, 0.9650, 1.143
9.660, 0.9660, 1.722
9.670, 0.9670, 0.7454
9.680, 0.9680, -1.089
9.690, 0.9690, 0.2034
9.700, 0.9700, 0.4823
9.710, 0.9710, 1.595
9.720, 0.9720, 2.661
9.730, 0.9730, 2.472
9.740, 0.9740, 2.474
9.750, 0.9750, 1.318
9.760, 0.9760, 1.367
9.770, 0.9770, 1.596
9.780, 0.9780, -0.03911
9.790, 0.9790, 1.186
9.800, 0.9800, 0.1724
9.810, 0.9810, 0.9480
9.820, 0.9820, 1.212
9.830, 0.9830, 0.4913
9.840, 0.9840, 1.457
9.850, 0.9850, 1.555
9.860, 0.9860, 3.147
9.870, 0.9870, 3.361
9.880, 0.9880, 3.110
9.890, 0.9890, 2.818
9.900, 0.9900, 0.3079
9.910, 0.9910, 0.08404
9.920, 0.9920, 0.6105
9.930, 0.9930, 0.6600
9.940, 0.9940, 3.054
9.950, 0.9950, 2.698
9.960, 0.9960, 2.082
9.970, 0.9970, 2.422
9.980, 0.9980, 3.322
9.990, 0.9990, 4.555
10.00, 1.000, 3.663
10.01, 1.001, 0.5009
10.02, 1.002, 3.080
10.03, 1.003, 2.606
10.04, 1.004, 0.8257
10.05, 1.005, 1.557
10.06, 1.006, 1.034
10.07, 1.007, 0.9540
10.08, 1.008, 1.870
10.09, 1.009, 1.659
10.10, 1.010, 2.473
10.11, 1.011, 3.041
10.12, 1.012, 3.071
10.13, 1.013, 2.794
10.14, 1.014, 2.285
10.15, 1.015, 2.307
10.16, 1.016, 0.3365
10.17, 1.017, -0.1204
10.18, 1.018, 0.4335
10.19, 1.019, 0.1527
10.20, 1.020, 1.922
10.21, 1.021, 3.894
10.22, 1.022, 2.767
10.23, 1.023, 2.062
10.24, 1.024, 4.199
10.25, 1.025, 1.562
10.26, 1.026, 1.781
10.27, 1.027, 0.2033
10.28, 1.028, 1.006
10.29, 1.029, -0.6932
10.30, 1.030, 1.052
10.31, 1.031, 2.685
10.32, 1.032, 1.653
10.33, 1.033, 1.986
10.34, 1.034, 2.841
10.35, 1.035, 3.058
10.36, 1.036, 2.641
10.37, 1.037, 2.999
10.38, 1.038, 4.574
10.39, 1.039, 2.498
10.40, 1.040, 2.098
10.41, 1.041, 1.866
10.42, 1.042, 2.506
10.43, 1.043, 4.436
10.44, 1.044, 3.984
10.45, 1.045, 5.118
10.46, 1.046, 3.940
10.47, 1.047, 4.002
10.48, 1.048, 1.888
10.49, 1.049, 1.769
10.50, 1.050, 1.189
10.51, 1.051, 1.158
10.52, 1.052, 1.358
10.53, 1.053, 1.786
10.54, 1.054, 0.9388
10.55, 1.055, 0.6459
10.56, 1.056, 2.239
10.57, 1.057, 3.181
10.58, 1.058, 2.391
10.59, 1.059, 3.682
10.60, 1.060, 3.269
10.61, 1.061, 3.254
10.62, 1.062, 1.374
10.63, 1.063, 0.2127
10.64, 1.064, 0.7348
10.65, 1.065, 0.9511
10.66, 1.066, 1.300
10.67, 1.067, 1.230
10.68, 1.068, 2.060
10.69, 1.069, 3.211
10.70, 1.070, 2.693
10.71, 1.071, 2.405
10.72, 1.072, 2.657
10.73, 1.073, 2.389
10.74, 1.074, 1.591
10.75, 1.075, 1.122
10.76, 1.076, 1.111
10.77, 1.077, 3.372
10.78, 1.078, 2.165
10.79, 1.079, 2.766
10.80, 1.080, 5.028
10.81, 1.081, 2.779
10.82, 1.082, 4.895
10.83, 1.083, 4.029
10.84, 1.084, 6.320
10.85, 1.085, 3.839
10.86, 1.086, 4.214
10.87, 1.087, 2.617
10.88, 1.088, 3.836
10.89, 1.089, 3.110
10.90, 1.090, 0.9729
10.91, 1.091, 1.207
10.92, 1.092, 1.340
10.93, 1.093, 3.320
10.94, 1.094, 3.007
10.95, 1.095, 2.679
10.96, 1.096, 4.068
10.97, 1.097, 3.684
10.98, 1.098, 3.297
10.99, 1.099, 4.034
11.00, 1.100, 2.838
11.01, 1.101, 2.847
11.02, 1.102, 2.972
11.03, 1.103, 2.469
11.04, 1.104, 3.435
11.05, 1.105, 3.169
11.06, 1.106, 4.251
11.07, 1.107, 4.780
11.08, 1.108, 4.933
11.09, 1.109, 4.434
11.10, 1.110, 1.836
11.11, 1.111, 1.112
11.12, 1.112, 0.5603
11.13, 1.113, 0.4852
11.14, 1.114, 1.143
11.15, 1.115, 1.662
11.16, 1.116, 3.055
11.17, 1.117, 2.828
11.18, 1.118, 3.069
11.19, 1.119, 4.528
11.20, 1.120, 4.369
11.21, 1.121, 3.538
11.22, 1.122, 1.914
11.23, 1.123, 4.969
11.24, 1.124, 4.097
11.25, 1.125, 5.521
11.26, 1.126, 3.755
11.27, 1.127, 6.332
11.28, 1.128, 5.372
11.29, 1.129, 2.972
11.30, 1.130, 2.093
11.31, 1.131, 2.196
11.32, 1.132, 2.236
11.33, 1.133, 4.202
11.34, 1.134, 4.937
11.35, 1.135, 4.638
11.36, 1.136, 3.819
11.37, 1.137, 2.656
11.38, 1.138, 3.009
11.39, 1.139, 3.765
11.40, 1.140, 2.200
11.41, 1.141, 2.181
11.42, 1.142, 2.786
11.43, 1.143, 5.492
11.44, 1.144, 5.913
11.45, 1.145, 4.371
11.46, 1.146, 3.487
11.47, 1.147, 2.385
11.48, 1.148, 4.164
11.49, 1.149, 2.651
11.50, 1.150, 4.197
11.51, 1.151, 3.207
11.52, 1.152, 6.057
11.53, 1.153, 6.037
11.54, 1.154, 4.024
11.55, 1.155, 4.042
11.56, 1.156, 1.858
11.57, 1.157, 2.290
11.58, 1.158, 3.883
11.59, 1.159, 3.223
11.60, 1.160, 4.255
11.61, 1.161, 5.317
11.62, 1.162, 5.042
11.63, 1.163, 5.460
11.64, 1.164, 6.828
11.65, 1.165, 7.539
11.66, 1.166, 5.826
11.67, 1.167, 4.494
11.68, 1.168, 4.177
11.69, 1.169, 3.698
11.70, 1.170, 3.618
11.71, 1.171, 4.952
11.72, 1.172, 6.639
11.73, 1.173, 5.112
11.74, 1.174, 5.146
11.75, 1.175, 5.284
11.76, 1.176, 5.085
11.77, 1.177, 4.596
11.78, 1.178, 3.517
11.79, 1.179, 2.758
11.80, 1.180, 4.255
11.81, 1.181, 3.521
11.82, 1.182, 4.119
11.83, 1.183, 3.162
11.84, 1.184, 5.282
11.85, 1.185, 5.903
11.86, 1.186, 5.824
11.87, 1.187, 6.777
11.88, 1.188, 5.263
11.89, 1.189, 4.105
11.90, 1.190, 2.297
11.91, 1.191, 2.438
11.92, 1.192, 3.887
11.93, 1.193, 3.205
11.94, 1.194, 4.558
11.95, 1.195, 7.047
11.96, 1.196, 5.072
11.97, 1.197, 6.492
11.98, 1.198, 6.733
11.99, 1.199, 5.741
12.00, 1.200, 6.433
12.01, 1.201, 6.029
12.02, 1.202, 5.563
12.03, 1.203, 6.079
12.04, 1.204, 5.824
12.05, 1.205, 6.807
12.06, 1.206, 6.059
12.07, 1.207, 6.995
12.08, 1.208, 4.826
12.09, 1.209, 7.711
12.10, 1.210, 9.230
12.11, 1.211, 8.865
12.12, 1.212, 8.988
12.13, 1.213, 9.625
12.14, 1.214, 6.385
12.15, 1.215, 6.377
12.16, 1.216, 6.170
12.17, 1.217, 5.577
12.18, 1.218, 6.045
12.19, 1.219, 6.300
12.20, 1.220, 5.294
12.21, 1.221, 5.879
12.22, 1.222, 7.459
12.23, 1.223, 7.959
12.24, 1.224, 7.912
12.25, 1.225, 8.373
12.26, 1.226, 8.886
12.27, 1.227, 7.411
12.28, 1.228, 6.874
12.29, 1.229, 6.640
12.30, 1.230, 6.405
12.31, 1.231, 7.477
12.32, 1.232, 7.775
12.33, 1.233, 7.718
12.34, 1.234, 6.618
12.35, 1.235, 8.009
12.36, 1.236, 8.435
12.37, 1.237, 8.899
12.38, 1.238, 9.316
12.39, 1.239, 9.291
12.40, 1.240, 9.217
12.41, 1.241, 8.508
12.42, 1.242, 7.725
12.43, 1.243, 7.092
12.44, 1.244, 8.244
12.45, 1.245, 7.491
12.46, 1.246, 10.36
12.47, 1.247, 11.98
12.48, 1.248, 12.58
12.49, 1.249, 12.82
12.50, 1.250, 12.99
12.51, 1.251, 9.053
12.52, 1.252, 12.77
12.53, 1.253, 11.43
12.54, 1.254, 11.48
12.55, 1.255, 12.42
12.56, 1.256, 10.62
12.57, 1.257, 8.699
12.58, 1.258, 10.89
12.59, 1.259, 10.88
12.60, 1.260, 11.08
12.61, 1.261, 11.21
12.62, 1.262, 13.12
12.63, 1.263, 12.18
12.64, 1.264, 9.741
12.65, 1.265, 11.89
12.66, 1.266, 14.49
12.67, 1.267, 14.24
12.68, 1.268, 14.77
12.69, 1.269, 13.43
12.70, 1.270, 13.62
12.71, 1.271, 12.66
12.72, 1.272, 11.92
12.73, 1.273, 12.56
12.74, 1.274, 13.00
12.75, 1.275, 13.80
12.76, 1.276, 14.74
12.77, 1.277, 16.79
12.78, 1.278, 15.29
12.79, 1.279, 16.98
12.80, 1.280, 17.57
12.81, 1.281, 17.34
12.82, 1.282, 17.26
12.83, 1.283, 17.55
12.84, 1.284, 15.07
12.85, 1.285, 16.52
12.86, 1.286, 15.82
12.87, 1.287, 15.93
12.88, 1.288, 19.16
12.89, 1.289, 20.88
12.90, 1.290, 21.28
12.91, 1.291, 20.49
12.92, 1.292, 22.44
12.93, 1.293, 21.83
12.94, 1.294, 23.29
12.95, 1.295, 23.42
12.96, 1.296, 23.71
12.97, 1.297, 24.58
12.98, 1.298, 23.20
12.99, 1.299, 22.87
13.00, 1.300, 23.32
13.01, 1.301, 23.75
13.02, 1.302, 23.22
13.03, 1.303, 23.70
13.04, 1.304, 25.32
13.05, 1.305, 25.44
13.06, 1.306, 24.81
13.07, 1.307, 27.50
13.08, 1.308, 28.31
13.09, 1.309, 29.99
13.10, 1.310, 31.10
13.11, 1.311, 29.42
13.12, 1.312, 29.29
13.13, 1.313, 28.89
13.14, 1.314, 28.69
13.15, 1.315, 30.42
13.16, 1.316, 30.65
13.17, 1.317, 30.40
13.18, 1.318, 30.92
13.19, 1.319, 31.86
13.20, 1.320, 32.93
13.21, 1.321, 34.66
13.22, 1.322, 35.06
13.23, 1.323, 35.33
13.24, 1.324, 35.00
13.25, 1.325, 35.76
13.26, 1.326, 35.29
13.27, 1.327, 36.81
13.28, 1.328, 37.63
13.29, 1.329, 39.61
13.30, 1.330, 40.41
13.31, 1.331, 39.84
13.32, 1.332, 43.12
13.33, 1.333, 43.01
13.34, 1.334, 43.16
13.35, 1.335, 41.75
13.36, 1.336, 42.74
13.37, 1.337, 43.26
13.38, 1.338, 46.37
13.39, 1.339, 47.22
13.40, 1.340, 47.20
13.41, 1.341, 47.97
13.42, 1.342, 49.01
13.43, 1.343, 47.41
13.44, 1.344, 47.97
13.45, 1.345, 47.35
13.46, 1.346, 49.03
13.47, 1.347, 49.01
13.48, 1.348, 49.77
13.49, 1.349, 51.05
13.50, 1.350, 51.82
13.51, 1.351, 52.36
13.52, 1.352, 54.79
13.53, 1.353, 53.65
13.54, 1.354, 55.08
13.55, 1.355, 52.29
13.56, 1.356, 53.69
13.57, 1.357, 53.62
13.58, 1.358, 55.74
13.59, 1.359, 54.77
13.60, 1.360, 55.28
13.61, 1.361, 55.38
13.62, 1.362, 55.11
13.63, 1.363, 57.76
13.64, 1.364, 58.17
13.65, 1.365, 60.40
13.66, 1.366, 59.10
13.67, 1.367, 57.00
13.68, 1.368, 56.32
13.69, 1.369, 58.29
13.70, 1.370, 57.60
13.71, 1.371, 59.48
13.72, 1.372, 59.93
13.73, 1.373, 61.62
13.74, 1.374, 62.70
13.75, 1.375, 61.55
13.76, 1.376, 60.78
13.77, 1.377, 61.49
13.78, 1.378, 60.36
13.79, 1.379, 58.68
13.80, 1.380, 58.00
13.81, 1.381, 59.38
13.82, 1.382, 59.40
13.83, 1.383, 60.25
13.84, 1.384, 60.91
13.85, 1.385, 59.21
13.86, 1.386, 60.22
13.87, 1.387, 59.68
13.88, 1.388, 58.99
13.89, 1.389, 58.11
13.90, 1.390, 58.99
13.91, 1.391, 58.15
13.92, 1.392, 57.08
13.93, 1.393, 57.50
13.94, 1.394, 57.12
13.95, 1.395, 58.10
13.96, 1.396, 57.28
13.97, 1.397, 55.56
13.98, 1.398, 54.50
13.99, 1.399, 55.10
14.00, 1.400, 54.75
14.01, 1.401, 53.36
14.02, 1.402, 53.16
14.03, 1.403, 53.59
14.04, 1.404, 53.35
14.05, 1.405, 54.97
14.06, 1.406, 52.83
14.07, 1.407, 50.93
14.08, 1.408, 48.56
14.09, 1.409, 49.57
14.10, 1.410, 48.48
14.11, 1.411, 49.76
14.12, 1.412, 49.85
14.13, 1.413, 49.13
14.14, 1.414, 49.18
14.15, 1.415, 49.81
14.16, 1.416, 49.19
14.17, 1.417, 49.07
14.18, 1.418, 48.85
14.19, 1.419, 45.35
14.20, 1.420, 46.02
14.21, 1.421, 46.44
14.22, 1.422, 45.21
14.23, 1.423, 43.77
14.24, 1.424, 44.00
14.25, 1.425, 44.48
14.26, 1.426, 45.04
14.27, 1.427, 42.99
14.28, 1.428, 43.88
14.29, 1.429, 43.30
14.30, 1.430, 42.45
14.31, 1.431, 41.27
14.32, 1.432, 41.33
14.33, 1.433, 39.95
14.34, 1.434, 39.70
14.35, 1.435, 40.26
14.36, 1.436, 40.14
14.37, 1.437, 40.20
14.38, 1.438, 39.24
14.39, 1.439, 40.06
14.40, 1.440, 40.68
14.41, 1.441, 38.46
14.42, 1.442, 40.73
14.43, 1.443, 39.05
14.44, 1.444, 37.57
14.45, 1.445, 34.46
14.46, 1.446, 35.54
14.47, 1.447, 36.67
14.48, 1.448, 36.47
14.49, 1.449, 38.63
14.50, 1.450, 38.47
14.51, 1.451, 37.77
14.52, 1.452, 37.65
14.53, 1.453, 38.73
14.54, 1.454, 35.93
14.55, 1.455, 35.06
14.56, 1.456, 34.23
14.57, 1.457, 35.53
14.58, 1.458, 36.01
14.59, 1.459, 36.82
14.60, 1.460, 37.17
14.61, 1.461, 37.65
14.62, 1.462, 36.29
14.63, 1.463, 37.08
14.64, 1.464, 37.67
14.65, 1.465, 38.16
14.66, 1.466, 37.14
14.67, 1.467, 37.46
14.68, 1.468, 34.40
14.69, 1.469, 34.47
14.70, 1.470, 32.91
14.71, 1.471, 32.96
14.72, 1.472, 33.31
14.73, 1.473, 35.71
14.74, 1.474, 35.19
14.75, 1.475, 34.69
14.76, 1.476, 35.89
14.77, 1.477, 36.66
14.78, 1.478, 34.44
14.79, 1.479, 35.27
14.80, 1.480, 33.37
14.81, 1.481, 33.37
14.82, 1.482, 33.73
14.83, 1.483, 32.26
14.84, 1.484, 34.81
14.85, 1.485, 33.62
14.86, 1.486, 33.46
14.87, 1.487, 33.93
14.88, 1.488, 35.95
14.89, 1.489, 36.58
14.90, 1.490, 34.60
14.91, 1.491, 35.58
14.92, 1.492, 33.19
14.93, 1.493, 33.14
14.94, 1.494, 33.06
14.95, 1.495, 32.20
14.96, 1.496, 32.20
14.97, 1.497, 34.29
14.98, 1.498, 34.63
14.99, 1.499, 34.90
15.00, 1.500, 35.41
15.01, 1.501, 32.12
15.02, 1.502, 36.74
15.03, 1.503, 35.72
15.04, 1.504, 34.34
15.05, 1.505, 33.92
15.06, 1.506, 34.32
15.07, 1.507, 33.24
15.08, 1.508, 32.96
15.09, 1.509, 32.00
15.10, 1.510, 32.63
15.11, 1.511, 34.05
15.12, 1.512, 33.34
15.13, 1.513, 33.38
15.14, 1.514, 34.58
15.15, 1.515, 35.26
15.16, 1.516, 34.82
15.17, 1.517, 35.27
15.18, 1.518, 34.17
15.19, 1.519, 31.76
15.20, 1.520, 32.56
15.21, 1.521, 30.81
15.22, 1.522, 29.84
15.23, 1.523, 32.99
15.24, 1.524, 34.03
15.25, 1.525, 33.63
15.26, 1.526, 33.99
15.27, 1.527, 34.79
15.28, 1.528, 33.51
15.29, 1.529, 34.26
15.30, 1.530, 33.57
15.31, 1.531, 32.67
15.32, 1.532, 32.89
15.33, 1.533, 32.74
15.34, 1.534, 31.09
15.35, 1.535, 32.41
15.36, 1.536, 32.58
15.37, 1.537, 32.99
15.38, 1.538, 33.44
15.39, 1.539, 34.58
15.40, 1.540, 32.50
15.41, 1.541, 34.15
15.42, 1.542, 36.84
15.43, 1.543, 35.47
15.44, 1.544, 35.99
15.45, 1.545, 37.32
15.46, 1.546, 35.66
15.47, 1.547, 34.81
15.48, 1.548, 32.87
15.49, 1.549, 34.00
15.50, 1.550, 34.37
15.51, 1.551, 35.00
15.52, 1.552, 32.83
15.53, 1.553, 34.29
15.54, 1.554, 35.29
15.55, 1.555, 35.60
15.56, 1.556, 35.45
15.57, 1.557, 36.42
15.58, 1.558, 35.01
15.59, 1.559, 34.59
15.60, 1.560, 34.00
15.61, 1.561, 34.49
15.62, 1.562, 35.51
15.63, 1.563, 35.01
15.64, 1.564, 34.62
15.65, 1.565, 34.72
15.66, 1.566, 36.59
15.67, 1.567, 36.34
15.68, 1.568, 36.69
15.69, 1.569, 35.43
15.70, 1.570, 35.16
15.71, 1.571, 35.16
15.72, 1.572, 35.31
15.73, 1.573, 34.79
15.74, 1.574, 35.79
15.75, 1.575, 35.34
15.76, 1.576, 36.78
15.77, 1.577, 36.85
15.78, 1.578, 35.89
15.79, 1.579, 37.35
15.80, 1.580, 35.08
15.81, 1.581, 34.67
15.82, 1.582, 35.26
15.83, 1.583, 34.59
15.84, 1.584, 35.85
15.85, 1.585, 38.51
15.86, 1.586, 39.35
15.87, 1.587, 38.86
15.88, 1.588, 40.06
15.89, 1.589, 39.71
15.90, 1.590, 39.35
15.91, 1.591, 37.29
15.92, 1.592, 38.35
15.93, 1.593, 37.23
15.94, 1.594, 37.05
15.95, 1.595, 36.72
15.96, 1.596, 36.94
15.97, 1.597, 39.57
15.98, 1.598, 38.51
15.99, 1.599, 37.45
16.00, 1.600, 39.30
16.01, 1.601, 40.09
16.02, 1.602, 38.70
16.03, 1.603, 36.96
16.04, 1.604, 36.95
16.05, 1.605, 36.96
16.06, 1.606, 39.52
16.07, 1.607, 38.70
16.08, 1.608, 38.54
16.09, 1.609, 38.91
16.10, 1.610, 40.21
16.11, 1.611, 39.55
16.12, 1.612, 40.67
16.13, 1.613, 40.73
16.14, 1.614, 38.87
16.15, 1.615, 38.27
16.16, 1.616, 38.32
16.17, 1.617, 39.29
16.18, 1.618, 39.08
16.19, 1.619, 39.11
16.20, 1.620, 40.33
16.21, 1.621, 42.02
16.22, 1.622, 41.87
16.23, 1.623, 42.82
16.24, 1.624, 40.88
16.25, 1.625, 42.30
16.26, 1.626, 40.57
16.27, 1.627, 41.66
16.28, 1.628, 40.43
16.29, 1.629, 42.05
16.30, 1.630, 43.12
16.31, 1.631, 41.66
16.32, 1.632, 42.12
16.33, 1.633, 43.38
16.34, 1.634, 43.55
16.35, 1.635, 43.82
16.36, 1.636, 42.64
16.37, 1.637, 42.70
16.38, 1.638, 40.65
16.39, 1.639, 41.75
16.40, 1.640, 43.34
16.41, 1.641, 43.78
16.42, 1.642, 43.47
16.43, 1.643, 44.15
16.44, 1.644, 44.02
16.45, 1.645, 43.78
16.46, 1.646, 45.10
16.47, 1.647, 44.42
16.48, 1.648, 43.81
16.49, 1.649, 43.94
16.50, 1.650, 44.12
16.51, 1.651, 43.40
16.52, 1.652, 43.91
16.53, 1.653, 43.67
16.54, 1.654, 44.31
16.55, 1.655, 44.44
16.56, 1.656, 45.62
16.57, 1.657, 47.30
16.58, 1.658, 46.87
16.59, 1.659, 47.54
16.60, 1.660, 45.57
16.61, 1.661, 46.10
16.62, 1.662, 45.42
16.63, 1.663, 44.24
16.64, 1.664, 45.70
16.65, 1.665, 47.30
16.66, 1.666, 48.14
16.67, 1.667, 49.04
16.68, 1.668, 48.18
16.69, 1.669, 49.37
16.70, 1.670, 51.04
16.71, 1.671, 50.98
16.72, 1.672, 49.45
16.73, 1.673, 50.38
16.74, 1.674, 48.46
16.75, 1.675, 48.99
16.76, 1.676, 50.00
16.77, 1.677, 49.98
16.78, 1.678, 50.23
16.79, 1.679, 51.41
16.80, 1.680, 50.38
16.81, 1.681, 49.46
16.82, 1.682, 52.51
16.83, 1.683, 53.89
16.84, 1.684, 53.29
16.85, 1.685, 53.09
16.86, 1.686, 51.68
16.87, 1.687, 51.31
16.88, 1.688, 51.63
16.89, 1.689, 51.74
16.90, 1.690, 52.67
16.91, 1.691, 52.11
16.92, 1.692, 54.38
16.93, 1.693, 54.59
16.94, 1.694, 55.15
16.95, 1.695, 53.62
16.96, 1.696, 54.79
16.97, 1.697, 52.92
16.98, 1.698, 51.92
16.99, 1.699, 53.33
17.00, 1.700, 55.32
17.01, 1.701, 55.33
17.02, 1.702, 56.49
17.03, 1.703, 56.95
17.04, 1.704, 56.76
17.05, 1.705, 57.41
17.06, 1.706, 57.70
17.07, 1.707, 60.35
17.08, 1.708, 58.01
17.09, 1.709, 57.10
17.10, 1.710, 57.12
17.11, 1.711, 57.28
17.12, 1.712, 60.74
17.13, 1.713, 61.62
17.14, 1.714, 60.98
17.15, 1.715, 61.15
17.16, 1.716, 60.82
17.17, 1.717, 62.53
17.18, 1.718, 61.46
17.19, 1.719, 63.52
17.20, 1.720, 60.87
17.21, 1.721, 61.70
17.22, 1.722, 61.05
17.23, 1.723, 61.64
17.24, 1.724, 61.82
17.25, 1.725, 62.96
17.26, 1.726, 63.25
17.27, 1.727, 65.91
17.28, 1.728, 64.60
17.29, 1.729, 65.20
17.30, 1.730, 64.51
17.31, 1.731, 63.78
17.32, 1.732, 63.74
17.33, 1.733, 66.94
17.34, 1.734, 67.29
17.35, 1.735, 66.93
17.36, 1.736, 66.76
17.37, 1.737, 69.08
17.38, 1.738, 70.07
17.39, 1.739, 67.18
17.40, 1.740, 66.80
17.41, 1.741, 67.52
17.42, 1.742, 70.69
17.43, 1.743, 70.13
17.44, 1.744, 70.79
17.45, 1.745, 70.06
17.46, 1.746, 72.73
17.47, 1.747, 73.09
17.48, 1.748, 70.46
17.49, 1.749, 70.49
17.50, 1.750, 71.83
17.51, 1.751, 71.95
17.52, 1.752, 74.01
17.53, 1.753, 75.57
17.54, 1.754, 75.58
17.55, 1.755, 76.45
17.56, 1.756, 77.22
17.57, 1.757, 76.27
17.58, 1.758, 75.99
17.59, 1.759, 75.75
17.60, 1.760, 75.94
17.61, 1.761, 79.20
17.62, 1.762, 79.93
17.63, 1.763, 79.75
17.64, 1.764, 81.38
17.65, 1.765, 81.10
17.66, 1.766, 81.40
17.67, 1.767, 81.06
17.68, 1.768, 79.90
17.69, 1.769, 79.51
17.70, 1.770, 82.08
17.71, 1.771, 83.07
17.72, 1.772, 84.42
17.73, 1.773, 85.38
17.74, 1.774, 86.55
17.75, 1.775, 87.12
17.76, 1.776, 87.61
17.77, 1.777, 87.60
17.78, 1.778, 87.42
17.79, 1.779, 85.77
17.80, 1.780, 87.91
17.81, 1.781, 88.41
17.82, 1.782, 89.04
17.83, 1.783, 90.30
17.84, 1.784, 91.59
17.85, 1.785, 91.70
17.86, 1.786, 91.87
17.87, 1.787, 92.01
17.88, 1.788, 93.05
17.89, 1.789, 92.84
17.90, 1.790, 93.59
17.91, 1.791, 94.76
17.92, 1.792, 97.07
17.93, 1.793, 97.83
17.94, 1.794, 98.89
17.95, 1.795, 98.63
17.96, 1.796, 99.01
17.97, 1.797, 98.53
17.98, 1.798, 99.07
17.99, 1.799, 98.93
18.00, 1.800, 99.47
18.01, 1.801, 99.55
18.02, 1.802, 99.74
18.03, 1.803, 100.0
18.04, 1.804, 100.0
18.05, 1.805, 99.91
18.06, 1.806, 100.0
18.07, 1.807, 100.0
18.08, 1.808, 100.0
18.09, 1.809, 100.0
18.10, 1.810, 100.0
18.11, 1.811, 100.0
18.12, 1.812, 100.0
18.13, 1.813, 100.0
18.14, 1.814, 100.0
18.15, 1.815, 100.0
18.16, 1.816, 100.0
18.17, 1.817, 100.0
18.18, 1.818, 100.0
18.19, 1.819, 100.0
18.20, 1.820, 100.0
18.21, 1.821, 100.0
18.22, 1.822, 100.0
18.23, 1.823, 100.0
18.24, 1.824, 100.0
18.25, 1.825, 100.0
18.26, 1.826, 100.0
18.27, 1.827, 100.0
18.28, 1.828, 100.0
18.29, 1.829, 100.0
18.30, 1.830, 100.0
18.31, 1.831, 100.0
18.32, 1.832, 100.0
18.33, 1.833, 100.0
18.34, 1.834, 100.0
18.35, 1.835, 100.0
18.36, 1.836, 100.0
18.37, 1.837, 100.0
18.38, 1.838, 100.0
18.39, 1.839, 100.0
18.40, 1.840, 100.0
18.41, 1.841, 100.0
18.42, 1.842, 100.0
18.43, 1.843, 100.0
18.44, 1.844, 100.0
18.45, 1.845, 100.0
18.46, 1.846, 100.0
18.47, 1.847, 100.0
18.48, 1.848, 100.0
18.49, 1.849, 100.0
18.50, 1.850, 100.0
18.51, 1.851, 100.0
18.52, 1.852, 100.0
18.53, 1.853, 100.0
18.54, 1.854, 100.0
18.55, 1.855, 100.0
18.56, 1.856, 100.0
18.57, 1.857, 100.0
18.58, 1.858, 100.0
18.59, 1.859, 100.0
18.60, 1.860, 100.0
18.61, 1.861, 100.0
18.62, 1.862, 100.0
18.63, 1.863, 100.0
18.64, 1.864, 100.0
18.65, 1.865, 100.0
18.66, 1.866, 100.0
18.67, 1.867, 100.0
18.68, 1.868, 100.0
18.69, 1.869, 100.0
18.70, 1.870, 100.0
18.71, 1.871, 100.0
18.72, 1.872, 100.0
18.73, 1.873, 100.0
18.74, 1.874, 100.0
18.75, 1.875, 100.0
18.76, 1.876, 100.0
18.77, 1.877, 100.0
18.78, 1.878, 100.0
18.79, 1.879, 100.0
18.80, 1.880, 100.0
18.81, 1.881, 100.0
18.82, 1.882, 100.0
18.83, 1.883, 100.0
18.84, 1.884, 100.0
18.85, 1.885, 100.0
18.86, 1.886, 100.0
18.87, 1.887, 100.0
18.88, 1.888, 100.0
18.89, 1.889, 100.0
18.90, 1.890, 100.0
18.91, 1.891, 100.0
18.92, 1.892, 100.0
18.93, 1.893, 100.0
18.94, 1.894, 100.0
18.95, 1.895, 100.0
18.96, 1.896, 100.0
18.97, 1.897, 100.0
18.98, 1.898, 100.0
18.99, 1.899, 100.0
19.00, 1.900, 100.0
19.01, 1.901, 100.0
19.02, 1.902, 100.0
19.03, 1.903, 100.0
19.04, 1.904, 100.0
19.05, 1.905, 100.0
19.06, 1.906, 100.0
19.07, 1.907, 100.0
19.08, 1.908, 100.0
19.09, 1.909, 100.0
19.10, 1.910, 100.0
19.11, 1.911, 100.0
19.12, 1.912, 100.0
19.13, 1.913, 100.0
19.14, 1.914, 100.0
19.15, 1.915, 100.0
19.16, 1.916, 100.0
19.17, 1.917, 100.0
19.18, 1.918, 100.0
19.19, 1.919, 100.0
19.20, 1.920, 100.0
19.21, 1.921, 100.0
19.22, 1.922, 100.0
19.23, 1.923, 100.0
19.24, 1.924, 100.0
19.25, 1.925, 100.0
19.26, 1.926, 100.0
19.27, 1.927, 100.0
19.28, 1.928, 100.0
19.29, 1.929, 100.0
19.30, 1.930, 100.0
19.31, 1.931, 100.0
19.32, 1.932, 100.0
19.33, 1.933, 100.0
19.34, 1.934, 100.0
19.35, 1.935, 100.0
19.36, 1.936, 100.0
19.37, 1.937, 100.0
19.38, 1.938, 100.0
19.39, 1.939, 100.0
19.40, 1.940, 100.0
19.41, 1.941, 100.0
19.42, 1.942, 100.0
19.43, 1.943, 100.0
19.44, 1.944, 100.0
19.45, 1.945, 100.0
19.46, 1.946, 100.0
19.47, 1.947, 100.0
19.48, 1.948, 100.0
19.49, 1.949, 100.0
19.50, 1.950, 100.0
19.51, 1.951, 100.0
19.52, 1.952, 100.0
19.53, 1.953, 100.0
19.54, 1.954, 100.0
19.55, 1.955, 100.0
19.56, 1.956, 100.0
19.57, 1.957, 100.0
19.58, 1.958, 100.0
19.59, 1.959, 100.0
19.60, 1.960, 100.0
19.61, 1.961, 100.0
19.62, 1.962, 100.0
19.63, 1.963, 100.0
19.64, 1.964, 100.0
19.65, 1.965, 100.0
19.66, 1.966, 100.0
19.67, 1.967, 100.0
19.68, 1.968, 100.0
19.69, 1.969, 100.0
19.70, 1.970, 100.0
19.71, 1.971, 100.0
19.72, 1.972, 100.0
19.73, 1.973, 100.0
19.74, 1.974, 100.0
19.75, 1.975, 100.0
19.76, 1.976, 100.0
19.77, 1.977, 100.0
19.78, 1.978, 100.0
19.79, 1.979, 100.0
19.80, 1.980, 100.0
19.81, 1.981, 100.0
19.82, 1.982, 100.0
19.83, 1.983, 100.0
19.84, 1.984, 100.0
19.85, 1.985, 100.0
19.86, 1.986, 100.0
19.87, 1.987, 100.0
19.88, 1.988, 100.0
19.89, 1.989, 100.0
19.90, 1.990, 100.0
19.91, 1.991, 100.0
19.92, 1.992, 100.0
19.93, 1.993, 100.0
19.94, 1.994, 100.0
19.95, 1.995, 100.0
19.96, 1.996, 100.0
19.97, 1.997, 100.0
19.98, 1.998, 100.0
19.99, 1.999, 100.0
20.00, 2.000, 100.0
20.01, 1.999, 100.0
20.02, 1.998, 100.0
20.03, 1.997, 100.0
20.04, 1.996, 100.0
20.05, 1.995, 100.0
20.06, 1.994, 100.0
20.07, 1.993, 100.0
20.08, 1.992, 100.0
20.09, 1.991, 100.0
20.10, 1.990, 100.0
20.11, 1.989, 100.0
20.12, 1.988, 100.0
20.13, 1.987, 100.0
20.14, 1.986, 100.0
20.15, 1.985, 100.0
20.16, 1.984, 100.0
20.17, 1.983, 100.0
20.18, 1.982, 100.0
20.19, 1.981, 100.0
20.20, 1.980, 100.0
20.21, 1.979, 100.0
20.22, 1.978, 100.0
20.23, 1.977, 100.0
20.24, 1.976, 100.0
20.25, 1.975, 100.0
20.26, 1.974, 100.0
20.27, 1.973, 100.0
20.28, 1.972, 100.0
20.29, 1.971, 100.0
20.30, 1.970, 100.0
20.31, 1.969, 100.0
20.32, 1.968, 100.0
20.33, 1.967, 100.0
20.34, 1.966, 100.0
20.35, 1.965, 100.0
20.36, 1.964, 100.0
20.37, 1.963, 100.0
20.38, 1.962, 100.0
20.39, 1.961, 100.0
20.40, 1.960, 100.0
20.41, 1.959, 100.0
20.42, 1.958, 100.0
20.43, 1.957, 100.0
20.44, 1.956, 100.0
20.45, 1.955, 100.0
20.46, 1.954, 100.0
20.47, 1.953, 100.0
20.48, 1.952, 100.0
20.49, 1.951, 100.0
20.50, 1.950, 100.0
20.51, 1.949, 100.0
20.52, 1.948, 100.0
20.53, 1.947, 100.0
20.54, 1.946, 100.0
20.55, 1.945, 100.0
20.56, 1.944, 100.0
20.57, 1.943, 100.0
20.58, 1.942, 100.0
20.59, 1.941, 100.0
20.60, 1.940, 100.0
20.61, 1.939, 100.0
20.62, 1.938, 100.0
20.63, 1.937, 100.0
20.64, 1.936, 100.0
20.65, 1.935, 100.0
20.66, 1.934, 100.0
20.67, 1.933, 100.0
20.68, 1.932, 100.0
20.69, 1.931, 100.0
20.70, 1.930, 100.0
20.71, 1.929, 100.0
20.72, 1.928, 100.0
20.73, 1.927, 100.0
20.74, 1.926, 100.0
20.75, 1.925, 100.0
20.76, 1.924, 100.0
20.77, 1.923, 100.0
20.78, 1.922, 100.0
20.79, 1.921, 100.0
20.80, 1.920, 100.0
20.81, 1.919, 100.0
20.82, 1.918, 100.0
20.83, 1.917, 100.0
20.84, 1.916, 100.0
20.85, 1.915, 100.0
20.86, 1.914, 100.0
20.87, 1.913, 100.0
20.88, 1.912, 100.0
20.89, 1.911, 100.0
20.90, 1.910, 100.0
20.91, 1.909, 100.0
20.92, 1.908, 100.0
20.93, 1.907, 100.0
20.94, 1.906, 100.0
20.95, 1.905, 100.0
20.96, 1.904, 100.0
20.97, 1.903, 100.0
20.98, 1.902, 100.0
20.99, 1.901, 100.0
21.00, 1.900, 100.0
21.01, 1.899, 100.0
21.02, 1.898, 100.0
21.03, 1.897, 100.0
21.04, 1.896, 100.0
21.05, 1.895, 100.0
21.06, 1.894, 100.0
21.07, 1.893, 100.0
21.08, 1.892, 100.0
21.09, 1.891, 100.0
21.10, 1.890, 100.0
21.11, 1.889, 100.0
21.12, 1.888, 100.0
21.13, 1.887, 100.0
21.14, 1.886, 100.0
21.15, 1.885, 100.0
21.16, 1.884, 100.0
21.17, 1.883, 100.0
21.18, 1.882, 100.0
21.19, 1.881, 100.0
21.20, 1.880, 100.0
21.21, 1.879, 100.0
21.22, 1.878, 100.0
21.23, 1.877, 100.0
21.24, 1.876, 100.0
21.25, 1.875, 100.0
21.26, 1.874, 100.0
21.27, 1.873, 100.0
21.28, 1.872, 100.0
21.29, 1.871, 100.0
21.30, 1.870, 100.0
21.31, 1.869, 100.0
21.32, 1.868, 100.0
21.33, 1.867, 100.0
21.34, 1.866, 100.0
21.35, 1.865, 100.0
21.36, 1.864, 99.68
21.37, 1.863, 98.11
21.38, 1.862, 99.40
21.39, 1.861, 97.92
21.40, 1.860, 97.76
21.41, 1.859, 97.35
21.42, 1.858, 97.62
21.43, 1.857, 97.33
21.44, 1.856, 97.47
21.45, 1.855, 96.16
21.46, 1.854, 92.36
21.47, 1.853, 90.70
21.48, 1.852, 91.20
21.49, 1.851, 89.85
21.50, 1.850, 86.82
21.51, 1.849, 86.89
21.52, 1.848, 87.77
21.53, 1.847, 86.08
21.54, 1.846, 85.26
21.55, 1.845, 84.48
21.56, 1.844, 84.35
21.57, 1.843, 83.78
21.58, 1.842, 82.28
21.59, 1.841, 80.83
21.60, 1.840, 80.50
21.61, 1.839, 76.95
21.62, 1.838, 75.47
21.63, 1.837, 75.81
21.64, 1.836, 76.81
21.65, 1.835, 74.32
21.66, 1.834, 75.36
21.67, 1.833, 75.29
21.68, 1.832, 73.55
21.69, 1.831, 73.03
21.70, 1.830, 72.82
21.71, 1.829, 71.34
21.72, 1.828, 70.15
21.73, 1.827, 66.76
21.74, 1.826, 66.25
21.75, 1.825, 65.94
21.76, 1.824, 63.84
21.77, 1.823, 63.93
21.78, 1.822, 62.92
21.79, 1.821, 62.40
21.80, 1.820, 61.67
21.81, 1.819, 61.84
21.82, 1.818, 61.53
21.83, 1.817, 61.20
21.84, 1.816, 60.30
21.85, 1.815, 60.27
21.86, 1.814, 59.17
21.87, 1.813, 57.77
21.88, 1.812, 57.33
21.89, 1.811, 57.27
21.90, 1.810, 56.53
21.91, 1.809, 55.05
21.92, 1.808, 54.33
21.93, 1.807, 54.62
21.94, 1.806, 54.61
21.95, 1.805, 55.68
21.96, 1.804, 53.98
21.97, 1.803, 53.81
21.98, 1.802, 51.74
21.99, 1.801, 51.81
22.00, 1.800, 50.53
22.01, 1.799, 50.91
22.02, 1.798, 49.38
22.03, 1.797, 48.54
22.04, 1.796, 47.93
22.05, 1.795, 47.71
22.06, 1.794, 46.69
22.07, 1.793, 46.84
22.08, 1.792, 47.14
22.09, 1.791, 46.40
22.10, 1.790, 47.57
22.11, 1.789, 45.51
22.12, 1.788, 45.86
22.13, 1.787, 43.62
22.14, 1.786, 44.32
22.15, 1.785, 41.88
22.16, 1.784, 39.69
22.17, 1.783, 38.90
22.18, 1.782, 39.44
22.19, 1.781, 38.82
22.20, 1.780, 39.10
22.21, 1.779, 38.61
22.22, 1.778, 39.08
22.23, 1.777, 38.28
22.24, 1.776, 39.09
22.25, 1.775, 38.37
22.26, 1.774, 38.15
22.27, 1.773, 38.12
22.28, 1.772, 38.61
22.29, 1.771, 37.93
22.30, 1.770, 35.56
22.31, 1.769, 33.74
22.32, 1.768, 35.16
22.33, 1.767, 34.15
22.34, 1.766, 33.20
22.35, 1.765, 33.69
22.36, 1.764, 33.40
22.37, 1.763, 34.01
22.38, 1.762, 34.62
22.39, 1.761, 33.82
22.40, 1.760, 31.91
22.41, 1.759, 34.03
22.42, 1.758, 33.83
22.43, 1.757, 31.79
22.44, 1.756, 31.49
22.45, 1.755, 29.14
22.46, 1.754, 30.00
22.47, 1.753, 30.76
22.48, 1.752, 30.41
22.49, 1.751, 30.71
22.50, 1.750, 29.71
22.51, 1.749, 30.74
22.52, 1.748, 30.56
22.53, 1.747, 30.04
22.54, 1.746, 30.26
22.55, 1.745, 28.33
22.56, 1.744, 25.37
22.57, 1.743, 25.45
22.58, 1.742, 26.69
22.59, 1.741, 27.00
22.60, 1.740, 26.14
22.61, 1.739, 27.12
22.62, 1.738, 27.31
22.63, 1.737, 27.07
22.64, 1.736, 25.14
22.65, 1.735, 24.64
22.66, 1.734, 23.24
22.67, 1.733, 24.16
22.68, 1.732, 22.91
22.69, 1.731, 24.23
22.70, 1.730, 23.81
22.71, 1.729, 25.46
22.72, 1.728, 24.84
22.73, 1.727, 23.22
22.74, 1.726, 25.37
22.75, 1.725, 23.59
22.76, 1.724, 24.13
22.77, 1.723, 22.57
22.78, 1.722, 21.97
22.79, 1.721, 21.17
22.80, 1.720, 22.75
22.81, 1.719, 22.11
22.82, 1.718, 23.29
22.83, 1.717, 22.08
22.84, 1.716, 21.98
22.85, 1.715, 22.08
22.86, 1.714, 22.41
22.87, 1.713, 22.91
22.88, 1.712, 19.96
22.89, 1.711, 20.20
22.90, 1.710, 19.15
22.91, 1.709, 19.18
22.92, 1.708, 18.81
22.93, 1.707, 19.34
22.94, 1.706, 19.22
22.95, 1.705, 20.70
22.96, 1.704, 19.23
22.97, 1.703, 19.50
22.98, 1.702, 19.26
22.99, 1.701, 19.97
23.00, 1.700, 18.96
23.01, 1.699, 17.67
23.02, 1.698, 19.38
23.03, 1.697, 17.55
23.04, 1.696, 16.16
23.05, 1.695, 16.76
23.06, 1.694, 16.14
23.07, 1.693, 15.40
23.08, 1.692, 16.77
23.09, 1.691, 18.43
23.10, 1.690, 18.22
23.11, 1.689, 18.62
23.12, 1.688, 18.59
23.13, 1.687, 18.53
23.14, 1.686, 18.07
23.15, 1.685, 17.92
23.16, 1.684, 15.39
23.17, 1.683, 15.92
23.18, 1.682, 14.66
23.19, 1.681, 16.40
23.20, 1.680, 15.70
23.21, 1.679, 16.80
23.22, 1.678, 17.48
23.23, 1.677, 16.77
23.24, 1.676, 16.33
23.25, 1.675, 14.22
23.26, 1.674, 14.21
23.27, 1.673, 14.01
23.28, 1.672, 13.18
23.29, 1.671, 15.59
23.30, 1.670, 15.46
23.31, 1.669, 14.86
23.32, 1.668, 15.77
23.33, 1.667, 16.33
23.34, 1.666, 16.64
23.35, 1.665, 15.36
23.36, 1.664, 15.19
23.37, 1.663, 12.75
23.38, 1.662, 14.66
23.39, 1.661, 12.98
23.40, 1.660, 12.69
23.41, 1.659, 14.24
23.42, 1.658, 11.80
23.43, 1.657, 13.40
23.44, 1.656, 13.48
23.45, 1.655, 12.45
23.46, 1.654, 12.45
23.47, 1.653, 12.77
23.48, 1.652, 11.43
23.49, 1.651, 11.11
23.50, 1.650, 12.05
23.51, 1.649, 11.81
23.52, 1.648, 13.31
23.53, 1.647, 13.21
23.54, 1.646, 13.61
23.55, 1.645, 13.56
23.56, 1.644, 13.59
23.57, 1.643, 12.51
23.58, 1.642, 12.91
23.59, 1.641, 12.31
23.60, 1.640, 11.27
23.61, 1.639, 9.876
23.62, 1.638, 11.60
23.63, 1.637, 13.19
23.64, 1.636, 13.94
23.65, 1.635, 13.13
23.66, 1.634, 12.29
23.67, 1.633, 11.53
23.68, 1.632, 10.71
23.69, 1.631, 10.52
23.70, 1.630, 10.53
23.71, 1.629, 11.14
23.72, 1.628, 12.70
23.73, 1.627, 13.12
23.74, 1.626, 13.10
23.75, 1.625, 13.71
23.76, 1.624, 12.64
23.77, 1.623, 12.21
23.78, 1.622, 10.10
23.79, 1.621, 9.899
23.80, 1.620, 10.19
23.81, 1.619, 10.83
23.82, 1.618, 10.97
23.83, 1.617, 11.10
23.84, 1.616, 11.56
23.85, 1.615, 9.907
23.86, 1.614, 10.13
23.87, 1.613, 9.820
23.88, 1.612, 9.469
23.89, 1.611, 9.381
23.90, 1.610, 9.805
23.91, 1.609, 10.06
23.92, 1.608, 9.872
23.93, 1.607, 9.318
23.94, 1.606, 10.41
23.95, 1.605, 11.06
23.96, 1.604, 11.63
23.97, 1.603, 9.098
23.98, 1.602, 9.893
23.99, 1.601, 8.535
24.00, 1.600, 9.293
24.01, 1.599, 9.067
24.02, 1.598, 9.025
24.03, 1.597, 10.96
24.04, 1.596, 10.01
24.05, 1.595, 10.90
24.06, 1.594, 11.12
24.07, 1.593, 9.578
24.08, 1.592, 7.545
24.09, 1.591, 7.951
24.10, 1.590, 9.279
24.11, 1.589, 10.44
24.12, 1.588, 10.18
24.13, 1.587, 10.38
24.14, 1.586, 10.91
24.15, 1.585, 11.09
24.16, 1.584, 9.757
24.17, 1.583, 9.428
24.18, 1.582, 7.908
24.19, 1.581, 7.608
24.20, 1.580, 8.011
24.21, 1.579, 9.931
24.22, 1.578, 9.527
24.23, 1.577, 10.27
24.24, 1.576, 9.880
24.25, 1.575, 9.402
24.26, 1.574, 7.984
24.27, 1.573, 8.912
24.28, 1.572, 7.288
24.29, 1.571, 7.114
24.30, 1.570, 5.957
24.31, 1.569, 7.736
24.32, 1.568, 7.237
24.33, 1.567, 8.333
24.34, 1.566, 8.361
24.35, 1.565, 8.706
24.36, 1.564, 9.341
24.37, 1.563, 11.06
24.38, 1.562, 9.126
24.39, 1.561, 8.161
24.40, 1.560, 7.618
24.41, 1.559, 8.305
24.42, 1.558, 9.096
24.43, 1.557, 8.866
24.44, 1.556, 8.802
24.45, 1.555, 9.853
24.46, 1.554, 10.07
24.47, 1.553, 8.504
24.48, 1.552, 9.932
24.49, 1.551, 8.176
24.50, 1.550, 7.831
24.51, 1.549, 7.614
24.52, 1.548, 6.740
24.53, 1.547, 7.070
24.54, 1.546, 7.622
24.55, 1.545, 7.779
24.56, 1.544, 8.915
24.57, 1.543, 8.166
24.58, 1.542, 9.523
24.59, 1.541, 10.13
24.60, 1.540, 7.529
24.61, 1.539, 7.475
24.62, 1.538, 7.091
24.63, 1.537, 8.622
24.64, 1.536, 7.801
24.65, 1.535, 7.909
24.66, 1.534, 7.311
24.67, 1.533, 8.026
24.68, 1.532, 8.694
24.69, 1.531, 7.293
24.70, 1.530, 8.578
24.71, 1.529, 6.972
24.72, 1.528, 5.814
24.73, 1.527, 5.148
24.74, 1.526, 6.429
24.75, 1.525, 5.734
24.76, 1.524, 7.227
24.77, 1.523, 8.068
24.78, 1.522, 6.808
24.79, 1.521, 8.757
24.80, 1.520, 8.521
24.81, 1.519, 8.527
24.82, 1.518, 8.514
24.83, 1.517, 7.666
24.84, 1.516, 9.534
24.85, 1.515, 6.790
24.86, 1.514, 6.085
24.87, 1.513, 6.637
24.88, 1.512, 6.194
24.89, 1.511, 6.801
24.90, 1.510, 7.844
24.91, 1.509, 8.800
24.92, 1.508, 7.643
24.93, 1.507, 8.617
24.94, 1.506, 8.438
24.95, 1.505, 8.404
24.96, 1.504, 8.511
24.97, 1.503, 7.855
24.98, 1.502, 5.665
24.99, 1.501, 6.243
25.00, 1.500, 4.618
25.01, 1.499, 6.043
25.02, 1.498, 6.273
25.03, 1.497, 8.105
25.04, 1.496, 7.421
25.05, 1.495, 7.892
25.06, 1.494, 6.409
25.07, 1.493, 6.113
25.08, 1.492, 7.329
25.09, 1.491, 6.663
25.10, 1.490, 6.698
25.11, 1.489, 7.220
25.12, 1.488, 5.763
25.13, 1.487, 5.273
25.14, 1.486, 6.010
25.15, 1.485, 5.446
25.16, 1.484, 3.602
25.17, 1.483, 7.404
25.18, 1.482, 6.355
25.19, 1.481, 6.781
25.20, 1.480, 6.594
25.21, 1.479, 7.682
25.22, 1.478, 7.808
25.23, 1.477, 6.650
25.24, 1.476, 5.315
25.25, 1.475, 4.689
25.26, 1.474, 4.689
25.27, 1.473, 6.084
25.28, 1.472, 6.439
25.29, 1.471, 7.317
25.30, 1.470, 5.966
25.31, 1.469, 7.673
25.32, 1.468, 8.233
25.33, 1.467, 7.305
25.34, 1.466, 5.004
25.35, 1.465, 5.017
25.36, 1.464, 5.133
25.37, 1.463, 5.122
25.38, 1.462, 5.767
25.39, 1.461, 7.514
25.40, 1.460, 7.362
25.41, 1.459, 6.213
25.42, 1.458, 7.508
25.43, 1.457, 7.216
25.44, 1.456, 5.476
25.45, 1.455, 6.765
25.46, 1.454, 6.192
25.47, 1.453, 5.300
25.48, 1.452, 4.905
25.49, 1.451, 6.640
25.50, 1.450, 4.907
25.51, 1.449, 5.557
25.52, 1.448, 5.673
25.53, 1.447, 7.145
25.54, 1.446, 6.392
25.55, 1.445, 4.742
25.56, 1.444, 4.664
25.57, 1.443, 3.663
25.58, 1.442, 3.001
25.59, 1.441, 4.064
25.60, 1.440, 4.215
25.61, 1.439, 3.854
25.62, 1.438, 4.526
25.63, 1.437, 5.946
25.64, 1.436, 7.543
25.65, 1.435, 6.511
25.66, 1.434, 6.589
25.67, 1.433, 5.802
25.68, 1.432, 5.084
25.69, 1.431, 4.437
25.70, 1.430, 5.907
25.71, 1.429, 5.293
25.72, 1.428, 5.094
25.73, 1.427, 5.453
25.74, 1.426, 5.249
25.75, 1.425, 6.357
25.76, 1.424, 6.359
25.77, 1.423, 6.677
25.78, 1.422, 5.586
25.79, 1.421, 4.983
25.80, 1.420, 4.332
25.81, 1.419, 4.231
25.82, 1.418, 4.905
25.83, 1.417, 5.314
25.84, 1.416, 5.467
25.85, 1.415, 5.534
25.86, 1.414, 4.540
25.87, 1.413, 5.134
25.88, 1.412, 5.879
25.89, 1.411, 5.261
25.90, 1.410, 2.771
25.91, 1.409, 2.916
25.92, 1.408, 5.095
25.93, 1.407, 5.319
25.94, 1.406, 4.378
25.95, 1.405, 4.027
25.96, 1.404, 5.797
25.97, 1.403, 5.974
25.98, 1.402, 4.616
25.99, 1.401, 3.253
26.00, 1.400, 1.774
26.01, 1.399, 3.432
26.02, 1.398, 3.013
26.03, 1.397, 2.722
26.04, 1.396, 2.366
26.05, 1.395, 3.789
26.06, 1.394, 4.805
26.07, 1.393, 5.380
26.08, 1.392, 4.709
26.09, 1.391, 5.357
26.10, 1.390, 3.928
26.11, 1.389, 2.226
26.12, 1.388, 2.639
26.13, 1.387, 2.885
26.14, 1.386, 4.094
26.15, 1.385, 5.055
26.16, 1.384, 5.116
26.17, 1.383, 6.356
26.18, 1.382, 5.336
26.19, 1.381, 3.181
26.20, 1.380, 2.616
26.21, 1.379, 2.978
26.22, 1.378, 4.222
26.23, 1.377, 4.595
26.24, 1.376, 4.241
26.25, 1.375, 3.176
26.26, 1.374, 5.341
26.27, 1.373, 5.261
26.28, 1.372, 2.878
26.29, 1.371, 3.674
26.30, 1.370, 2.631
26.31, 1.369, 3.777
26.32, 1.368, 2.879
26.33, 1.367, 3.040
26.34, 1.366, 4.245
26.35, 1.365, 4.140
26.36, 1.364, 2.621
26.37, 1.363, 0.3285
26.38, 1.362, 1.162
26.39, 1.361, 0.9735
26.40, 1.360, 3.023
26.41, 1.359, 2.736
26.42, 1.358, 2.194
26.43, 1.357, 2.143
26.44, 1.356, 1.450
26.45, 1.355, 0.1903
26.46, 1.354, -0.06029
26.47, 1.353, 2.386
26.48, 1.352, 3.372
26.49, 1.351, 1.357
26.50, 1.350, 2.962
26.51, 1.349, 1.639
26.52, 1.348, 4.215
26.53, 1.347, 0.9121
26.54, 1.346, 0.7316
26.55, 1.345, 2.400
26.56, 1.344, 2.087
26.57, 1.343, 3.178
26.58, 1.342, 3.578
26.59, 1.341, 3.522
26.60, 1.340, 2.695
26.61, 1.339, 2.113
26.62, 1.338, 1.930
26.63, 1.337, 0.5240
26.64, 1.336, 2.063
26.65, 1.335, 0.3482
26.66, 1.334, 1.734
26.67, 1.333, 4.664
26.68, 1.332, 3.171
26.69, 1.331, 1.221
26.70, 1.330, 1.724
26.71, 1.329, 1.210
26.72, 1.328, 1.176
26.73, 1.327, 2.508
26.74, 1.326, 1.818
26.75, 1.325, 2.442
26.76, 1.324, 2.575
26.77, 1.323, 2.439
26.78, 1.322, -0.2699
26.79, 1.321, -1.302
26.80, 1.320, -0.7908
26.81, 1.319, -0.1124
26.82, 1.318, 0.5517
26.83, 1.317, 0.2008
26.84, 1.316, 1.058
26.85, 1.315, 2.062
26.86, 1.314, 1.500
26.87, 1.313, 0.5587
26.88, 1.312, -0.5761
26.89, 1.311, -1.134
26.90, 1.310, 0.2280
26.91, 1.309, 0.3008
26.92, 1.308, 1.632
26.93, 1.307, 1.457
26.94, 1.306, 2.305
26.95, 1.305, 1.689
26.96, 1.304, 0.5697
26.97, 1.303, -0.8973
26.98, 1.302, 0.4366
26.99, 1.301, 0.9155
27.00, 1.300, 0.9297
27.01, 1.299, 1.617
27.02, 1.298, 3.040
27.03, 1.297, 1.335
27.04, 1.296, -0.003993
27.05, 1.295, 0.08160
27.06, 1.294, -0.1616
27.07, 1.293, 1.187
27.08, 1.292, 0.2983
27.09, 1.291, -0.1174
27.10, 1.290, 1.066
27.11, 1.289, 1.331
27.12, 1.288, 1.847
27.13, 1.287, -0.5285
27.14, 1.286, -1.025
27.15, 1.285, -0.07961
27.16, 1.284, 0.8845
27.17, 1.283, 0.2207
27.18, 1.282, 0.2982
27.19, 1.281, 1.228
27.20, 1.280, 0.8558
27.21, 1.279, -0.6574
27.22, 1.278, -1.086
27.23, 1.277, -2.334
27.24, 1.276, -2.729
27.25, 1.275, -2.525
27.26, 1.274, -0.2950
27.27, 1.273, -0.6205
27.28, 1.272, -0.01767
27.29, 1.271, -0.3098
27.30, 1.270, 0.7263
27.31, 1.269, 0.3641
27.32, 1.268, 0.7240
27.33, 1.267, 0.2799
27.34, 1.266, -1.520
27.35, 1.265, -2.100
27.36, 1.264, -1.846
27.37, 1.263, -0.6131
27.38, 1.262, -0.2127
27.39, 1.261, 0.7616
27.40, 1.260, 1.046
27.41, 1.259, 0.4232
27.42, 1.258, 0.7290
27.43, 1.257, 0.6280
27.44, 1.256, 0.7288
27.45, 1.255, 0.8726
27.46, 1.254, 0.1217
27.47, 1.253, -1.372
27.48, 1.252, -1.177
27.49, 1.251, -0.04852
27.50, 1.250, 1.889
27.51, 1.249, 0.9265
27.52, 1.248, -0.5054
27.53, 1.247, 1.006
27.54, 1.246, 1.025
27.55, 1.245, -1.252
27.56, 1.244, -0.4646
27.57, 1.243, -1.487
27.58, 1.242, -0.7990
27.59, 1.241, -0.7679
27.60, 1.240, 0.8636
27.61, 1.239, -0.6131
27.62, 1.238, -1.289
27.63, 1.237, -2.143
27.64, 1.236, -2.653
27.65, 1.235, -2.676
27.66, 1.234, -3.578
27.67, 1.233, -4.444
27.68, 1.232, -1.745
27.69, 1.231, -0.3575
27.70, 1.230, -1.320
27.71, 1.229, 0.6794
27.72, 1.228, 0.2134
27.73, 1.227, -1.209
27.74, 1.226, -3.368
27.75, 1.225, -1.777
27.76, 1.224, -1.867
27.77, 1.223, -2.407
27.78, 1.222, -0.7116
27.79, 1.221, -1.206
27.80, 1.220, -0.1813
27.81, 1.219, 0.2714
27.82, 1.218, 1.428
27.83, 1.217, 1.123
27.84, 1.216, -0.2179
27.85, 1.215, -0.6485
27.86, 1.214, -0.4737
27.87, 1.213, -2.376
27.88, 1.212, -0.7402
27.89, 1.211, -1.274
27.90, 1.210, -1.127
27.91, 1.209, -0.9840
27.92, 1.208, -0.7825
27.93, 1.207, -0.08863
27.94, 1.206, 0.1251
27.95, 1.205, 0.9714
27.96, 1.204, 0.6142
27.97, 1.203, -2.448
27.98, 1.202, -1.984
27.99, 1.201, -1.763
28.00, 1.200, -3.525
28.01, 1.199, -1.075
28.02, 1.198, -1.237
28.03, 1.197, -0.3236
28.04, 1.196, -1.446
28.05, 1.195, -1.148
28.06, 1.194, 0.7217
28.07, 1.193, -2.372
28.08, 1.192, -0.4533
28.09, 1.191, -2.580
28.10, 1.190, -3.097
28.11, 1.189, -2.262
28.12, 1.188, -1.633
28.13, 1.187, -1.282
28.14, 1.186, -2.277
28.15, 1.185, -0.01395
28.16, 1.184, -0.5360
28.17, 1.183, -0.2217
28.18, 1.182, -0.2897
28.19, 1.181, -0.3172
28.20, 1.180, -1.160
28.21, 1.179, -1.706
28.22, 1.178, -1.247
28.23, 1.177, -2.940
28.24, 1.176, -0.9224
28.25, 1.175, -1.239
28.26, 1.174, 0.04841
28.27, 1.173, -0.4406
28.28, 1.172, 1.025
28.29, 1.171, -0.3310
28.30, 1.170, -0.4494
28.31, 1.169, -2.677
28.32, 1.168, -1.992
28.33, 1.167, -2.535
28.34, 1.166, -1.101
28.35, 1.165, -1.423
28.36, 1.164, -1.011
28.37, 1.163, -0.4625
28.38, 1.162, -0.6531
28.39, 1.161, -0.2036
28.40, 1.160, 0.1789
28.41, 1.159, 0.3082
28.42, 1.158, -0.3510
28.43, 1.157, -2.416
28.44, 1.156, -1.576
28.45, 1.155, -2.826
28.46, 1.154, -2.097
28.47, 1.153, -1.562
28.48, 1.152, -1.041
28.49, 1.151, -1.519
28.50, 1.150, -1.984
28.51, 1.149, -1.629
28.52, 1.148, -2.391
28.53, 1.147, -1.969
28.54, 1.146, -2.575
28.55, 1.145, -2.565
28.56, 1.144, -2.780
28.57, 1.143, -1.488
28.58, 1.142, -2.228
28.59, 1.141, -1.551
28.60, 1.140, -0.8312
28.61, 1.139, -1.514
28.62, 1.138, -0.1053
28.63, 1.137, -2.084
28.64, 1.136, -2.935
28.65, 1.135, -2.248
28.66, 1.134, -2.117
28.67, 1.133, -1.928
28.68, 1.132, -0.6142
28.69, 1.131, 0.8803
28.70, 1.130, 0.7547
28.71, 1.129, -0.4299
28.72, 1.128, -0.9489
28.73, 1.127, -0.1447
28.74, 1.126, -2.514
28.75, 1.125, -1.589
28.76, 1.124, -2.681
28.77, 1.123, -1.553
28.78, 1.122, -1.686
28.79, 1.121, -1.135
28.80, 1.120, -0.3660
28.81, 1.119, 0.1318
28.82, 1.118, -0.3976
28.83, 1.117, -3.865
28.84, 1.116, -1.441
28.85, 1.115, -2.047
28.86, 1.114, -1.604
28.87, 1.113, -2.521
28.88, 1.112, -1.410
28.89, 1.111, -1.498
28.90, 1.110, -0.3471
28.91, 1.109, -2.930
28.92, 1.108, -3.397
28.93, 1.107, -4.330
28.94, 1.106, -3.486
28.95, 1.105, -3.132
28.96, 1.104, -2.713
28.97, 1.103, -2.775
28.98, 1.102, -1.742
28.99, 1.101, -1.105
29.00, 1.100, -0.5956
29.01, 1.099, -0.5241
29.02, 1.098, -0.07473
29.03, 1.097, -3.118
29.04, 1.096, -2.940
29.05, 1.095, -2.899
29.06, 1.094, -2.349
29.07, 1.093, -1.636
29.08, 1.092, -0.1893
29.09, 1.091, -0.6161
29.10, 1.090, -1.071
29.11, 1.089, -0.2124
29.12, 1.088, -1.319
29.13, 1.087, -0.2205
29.14, 1.086, -1.723
29.15, 1.085, -2.018
29.16, 1.084, -2.413
29.17, 1.083, -1.384
29.18, 1.082, -2.230
29.19, 1.081, -0.6912
29.20, 1.080, -0.4221
29.21, 1.079, -1.194
29.22, 1.078, -0.1151
29.23, 1.077, -1.031
29.24, 1.076, -1.101
29.25, 1.075, -2.397
29.26, 1.074, -1.150
29.27, 1.073, -1.975
29.28, 1.072, -2.725
29.29, 1.071, -0.9959
29.30, 1.070, -1.376
29.31, 1.069, -1.803
29.32, 1.068, -1.998
29.33, 1.067, -2.121
29.34, 1.066, -2.618
29.35, 1.065, -3.971
29.36, 1.064, -3.977
29.37, 1.063, -1.998
29.38, 1.062, -2.207
29.39, 1.061, -2.008
29.40, 1.060, -2.101
29.41, 1.059, -1.286
29.42, 1.058, -0.8223
29.43, 1.057, -2.753
29.44, 1.056, -1.798
29.45, 1.055, -2.676
29.46, 1.054, -2.189
29.47, 1.053, -2.139
29.48, 1.052, -2.271
29.49, 1.051, -2.005
29.50, 1.050, -0.2157
29.51, 1.049, -0.2483
29.52, 1.048, -1.456
29.53, 1.047, -1.399
29.54, 1.046, -3.126
29.55, 1.045, -3.024
29.56, 1.044, -1.788
29.57, 1.043, -2.515
29.58, 1.042, -2.057
29.59, 1.041, -0.8074
29.60, 1.040, -0.2428
29.61, 1.039, 0.4815
29.62, 1.038, 0.6402
29.63, 1.037, -0.8740
29.64, 1.036, -1.679
29.65, 1.035, -1.653
29.66, 1.034, -2.742
29.67, 1.033, -1.503
29.68, 1.032, -2.065
29.69, 1.031, -1.989
29.70, 1.030, 0.1418
29.71, 1.029, -0.2638
29.72, 1.028, -1.636
29.73, 1.027, -1.380
29.74, 1.026, -3.126
29.75, 1.025, -3.804
29.76, 1.024, -2.718
29.77, 1.023, -2.487
29.78, 1.022, -2.372
29.79, 1.021, -3.048
29.80, 1.020, -1.069
29.81, 1.019, -0.1302
29.82, 1.018, -1.332
29.83, 1.017, -1.623
29.84, 1.016, -0.8679
29.85, 1.015, -2.864
29.86, 1.014, -1.797
29.87, 1.013, -2.319
29.88, 1.012, -1.737
29.89, 1.011, -2.057
29.90, 1.010, -0.2083
29.91, 1.009, 0.2000
29.92, 1.008, 0.9800
29.93, 1.007, 0.1164
29.94, 1.006, -4.645
29.95, 1.005, -3.098
29.96, 1.004, -2.414
29.97, 1.003, -0.9265
29.98, 1.002, -2.226
29.99, 1.001, -1.257
30.00, 1.000, -0.2843
30.01, 0.9990, -1.084
30.02, 0.9980, -0.5548
30.03, 0.9970, -2.839
30.04, 0.9960, -2.081
30.05, 0.9950, -3.460
30.06, 0.9940, -2.457
30.07, 0.9930, -1.805
30.08, 0.9920, -1.415
30.09, 0.9910, -1.244
30.10, 0.9900, -1.154
30.11, 0.9890, 0.4417
30.12, 0.9880, -1.076
30.13, 0.9870, -1.861
30.14, 0.9860, -1.974
30.15, 0.9850, -2.974
30.16, 0.9840, -3.840
30.17, 0.9830, -5.393
30.18, 0.9820, -4.173
30.19, 0.9810, -2.771
30.20, 0.9800, -2.554
30.21, 0.9790, -2.815
30.22, 0.9780, -2.058
30.23, 0.9770, -0.8898
30.24, 0.9760, -1.171
30.25, 0.9750, -1.020
30.26, 0.9740, -0.5707
30.27, 0.9730, -2.178
30.28, 0.9720, -2.863
30.29, 0.9710, -3.543
30.30, 0.9700, -2.776
30.31, 0.9690, -3.387
30.32, 0.9680, -2.781
30.33, 0.9670, -1.797
30.34, 0.9660, -1.682
30.35, 0.9650, -0.4226
30.36, 0.9640, -1.035
30.37, 0.9630, 0.01347
30.38, 0.9620, -1.113
30.39, 0.9610, -1.695
30.40, 0.9600, -1.507
30.41, 0.9590, -3.198
30.42, 0.9580, -3.208
30.43, 0.9570, -2.460
30.44, 0.9560, -1.454
30.45, 0.9550, -1.413
30.46, 0.9540, -1.780
30.47, 0.9530, -1.109
30.48, 0.9520, -0.5290
30.49, 0.9510, -1.743
30.50, 0.9500, -2.411
30.51, 0.9490, -1.989
30.52, 0.9480, -2.506
30.53, 0.9470, -3.142
30.54, 0.9460, -2.978
30.55, 0.9450, -1.748
30.56, 0.9440, -1.650
30.57, 0.9430, -1.390
30.58, 0.9420, -1.650
30.59, 0.9410, -3.130
30.60, 0.9400, -1.647
30.61, 0.9390, -2.998
30.62, 0.9380, -1.784
30.63, 0.9370, -2.151
30.64, 0.9360, -4.075
30.65, 0.9350, -3.788
30.66, 0.9340, -2.805
30.67, 0.9330, -3.269
30.68, 0.9320, -3.032
30.69, 0.9310, -0.3417
30.70, 0.9300, -1.076
30.71, 0.9290, -1.209
30.72, 0.9280, -0.01811
30.73, 0.9270, -1.788
30.74, 0.9260, -1.508
30.75, 0.9250, -1.713
30.76, 0.9240, -3.858
30.77, 0.9230, -2.712
30.78, 0.9220, -2.265
30.79, 0.9210, -2.020
30.80, 0.9200, -3.214
30.81, 0.9190, -1.710
30.82, 0.9180, -2.278
30.83, 0.9170, -1.093
30.84, 0.9160, -0.8995
30.85, 0.9150, -1.969
30.86, 0.9140, -1.845
30.87, 0.9130, -3.566
30.88, 0.9120, -2.703
30.89, 0.9110, -2.130
30.90, 0.9100, -1.664
30.91, 0.9090, -1.425
30.92, 0.9080, -1.408
30.93, 0.9070, -1.086
30.94, 0.9060, -1.871
30.95, 0.9050, -1.372
30.96, 0.9040, -1.893
30.97, 0.9030, -1.796
30.98, 0.9020, -1.123
30.99, 0.9010, -2.363
31.00, 0.9000, -3.976
31.01, 0.8990, -3.407
31.02, 0.8980, -4.703
31.03, 0.8970, -3.884
31.04, 0.8960, -4.132
31.05, 0.8950, -3.465
31.06, 0.8940, -3.459
31.07, 0.8930, -2.654
31.08, 0.8920, -2.238
31.09, 0.8910, -0.5320
31.10, 0.8900, -1.193
31.11, 0.8890, -2.328
31.12, 0.8880, -3.565
31.13, 0.8870, -3.673
31.14, 0.8860, -2.868
31.15, 0.8850, -2.173
31.16, 0.8840, -2.275
31.17, 0.8830, -3.055
31.18, 0.8820, -2.159
31.19, 0.8810, -0.3363
31.20, 0.8800, -0.2724
31.21, 0.8790, -1.970
31.22, 0.8780, -3.374
31.23, 0.8770, -3.119
31.24, 0.8760, -3.367
31.25, 0.8750, -2.341
31.26, 0.8740, -0.7519
31.27, 0.8730, -1.870
31.28, 0.8720, -0.1922
31.29, 0.8710, -1.151
31.30, 0.8700, -3.480
31.31, 0.8690, -3.157
31.32, 0.8680, -2.630
31.33, 0.8670, -1.475
31.34, 0.8660, -1.318
31.35, 0.8650, -1.456
31.36, 0.8640, -0.5330
31.37, 0.8630, -2.493
31.38, 0.8620, -2.370
31.39, 0.8610, -3.479
31.40, 0.8600, -2.515
31.41, 0.8590, -2.045
31.42, 0.8580, -2.852
31.43, 0.8570, -3.081
31.44, 0.8560, -1.967
31.45, 0.8550, -3.548
31.46, 0.8540, -4.103
31.47, 0.8530, -4.678
31.48, 0.8520, -3.799
31.49, 0.8510, -2.923
31.50, 0.8500, -2.255
31.51, 0.8490, -2.026
31.52, 0.8480, -1.472
31.53, 0.8470, -1.050
31.54, 0.8460, -3.134
31.55, 0.8450, -3.793
31.56, 0.8440, -4.150
31.57, 0.8430, -2.617
31.58, 0.8420, -2.118
31.59, 0.8410, -1.896
31.60, 0.8400, -1.512
31.61, 0.8390, -1.549
31.62, 0.8380, -0.9916
31.63, 0.8370, -2.220
31.64, 0.8360, -3.023
31.65, 0.8350, -2.889
31.66, 0.8340, -2.854
31.67, 0.8330, -1.485
31.68, 0.8320, -1.840
31.69, 0.8310, -0.6515
31.70, 0.8300, -1.414
31.71, 0.8290, -1.079
31.72, 0.8280, -2.661
31.73, 0.8270, -2.964
31.74, 0.8260, -3.495
31.75, 0.8250, -3.293
31.76, 0.8240, -1.475
31.77, 0.8230, -1.833
31.78, 0.8220, -2.579
31.79, 0.8210, -1.600
31.80, 0.8200, -1.319
31.81, 0.8190, -0.8736
31.82, 0.8180, -2.834
31.83, 0.8170, -2.049
31.84, 0.8160, -4.605
31.85, 0.8150, -4.582
31.86, 0.8140, -4.091
31.87, 0.8130, -1.926
31.88, 0.8120, -3.640
31.89, 0.8110, -2.776
31.90, 0.8100, -2.654
31.91, 0.8090, -1.907
31.92, 0.8080, -1.942
31.93, 0.8070, -0.7586
31.94, 0.8060, -1.721
31.95, 0.8050, -3.473
31.96, 0.8040, -2.986
31.97, 0.8030, -3.854
31.98, 0.8020, -2.586
31.99, 0.8010, -2.560
32.00, 0.8000, -3.125
32.01, 0.7990, -0.7093
32.02, 0.7980, -2.237
32.03, 0.7970, -2.190
32.04, 0.7960, -3.085
32.05, 0.7950, -2.406
32.06, 0.7940, -3.753
32.07, 0.7930, -2.715
32.08, 0.7920, -3.353
32.09, 0.7910, -3.214
32.10, 0.7900, -2.291
32.11, 0.7890, -2.476
32.12, 0.7880, -3.142
32.13, 0.7870, -1.383
32.14, 0.7860, -1.643
32.15, 0.7850, -1.919
32.16, 0.7840, -1.059
32.17, 0.7830, -2.186
32.18, 0.7820, -2.078
32.19, 0.7810, -2.308
32.20, 0.7800, -4.134
32.21, 0.7790, -3.376
32.22, 0.7780, -3.979
32.23, 0.7770, -4.602
32.24, 0.7760, -4.207
32.25, 0.7750, -3.535
32.26, 0.7740, -3.671
32.27, 0.7730, -2.312
32.28, 0.7720, -2.419
32.29, 0.7710, -2.852
32.30, 0.7700, -2.002
32.31, 0.7690, -3.660
32.32, 0.7680, -3.035
32.33, 0.7670, -3.192
32.34, 0.7660, -3.060
32.35, 0.7650, -2.789
32.36, 0.7640, -4.151
32.37, 0.7630, -3.865
32.38, 0.7620, -3.621
32.39, 0.7610, -3.282
32.40, 0.7600, -3.536
32.41, 0.7590, -2.946
32.42, 0.7580, -3.513
32.43, 0.7570, -2.579
32.44, 0.7560, -2.416
32.45, 0.7550, -1.156
32.46, 0.7540, -2.140
32.47, 0.7530, -1.407
32.48, 0.7520, -1.530
32.49, 0.7510, -2.442
32.50, 0.7500, -3.421
32.51, 0.7490, -3.482
32.52, 0.7480, -2.923
32.53, 0.7470, -2.803
32.54, 0.7460, -4.359
32.55, 0.7450, -3.301
32.56, 0.7440, -3.236
32.57, 0.7430, -1.607
32.58, 0.7420, -2.207
32.59, 0.7410, -2.913
32.60, 0.7400, -1.545
32.61, 0.7390, -2.042
32.62, 0.7380, -1.343
32.63, 0.7370, -2.289
32.64, 0.7360, -3.251
32.65, 0.7350, -3.493
32.66, 0.7340, -4.593
32.67, 0.7330, -4.446
32.68, 0.7320, -4.910
32.69, 0.7310, -4.398
32.70, 0.7300, -4.241
32.71, 0.7290, -4.096
32.72, 0.7280, -2.796
32.73, 0.7270, -1.991
32.74, 0.7260, -3.434
32.75, 0.7250, -3.685
32.76, 0.7240, -4.083
32.77, 0.7230, -4.870
32.78, 0.7220, -3.697
32.79, 0.7210, -3.558
32.80, 0.7200, -4.696
32.81, 0.7190, -3.678
32.82, 0.7180, -3.084
32.83, 0.7170, -2.484
32.84, 0.7160, -2.642
32.85, 0.7150, -2.655
32.86, 0.7140, -2.193
32.87, 0.7130, -3.445
32.88, 0.7120, -3.130
32.89, 0.7110, -3.106
32.90, 0.7100, -3.872
32.91, 0.7090, -2.799
32.92, 0.7080, -2.410
32.93, 0.7070, -2.151
32.94, 0.7060, -2.137
32.95, 0.7050, -1.707
32.96, 0.7040, -1.456
32.97, 0.7030, -2.716
32.98, 0.7020, -3.650
32.99, 0.7010, -3.545
33.00, 0.7000, -3.731
33.01, 0.6990, -3.825
33.02, 0.6980, -2.887
33.03, 0.6970, -2.436
33.04, 0.6960, -1.236
33.05, 0.6950, -1.542
33.06, 0.6940, -3.308
33.07, 0.6930, -3.099
33.08, 0.6920, -4.332
33.09, 0.6910, -4.533
33.10, 0.6900, -5.098
33.11, 0.6890, -5.286
33.12, 0.6880, -3.380
33.13, 0.6870, -4.524
33.14, 0.6860, -3.454
33.15, 0.6850, -3.016
33.16, 0.6840, -3.396
33.17, 0.6830, -3.716
33.18, 0.6820, -4.287
33.19, 0.6810, -3.571
33.20, 0.6800, -4.324
33.21, 0.6790, -2.996
33.22, 0.6780, -2.659
33.23, 0.6770, -3.405
33.24, 0.6760, -3.607
33.25, 0.6750, -3.121
33.26, 0.6740, -2.888
33.27, 0.6730, -2.693
33.28, 0.6720, -3.516
33.29, 0.6710, -3.331
33.30, 0.6700, -4.292
33.31, 0.6690, -3.418
33.32, 0.6680, -4.099
33.33, 0.6670, -3.217
33.34, 0.6660, -3.461
33.35, 0.6650, -1.386
33.36, 0.6640, -1.831
33.37, 0.6630, -3.787
33.38, 0.6620, -3.978
33.39, 0.6610, -3.613
33.40, 0.6600, -4.127
33.41, 0.6590, -4.788
33.42, 0.6580, -3.528
33.43, 0.6570, -3.326
33.44, 0.6560, -4.028
33.45, 0.6550, -3.411
33.46, 0.6540, -2.738
33.47, 0.6530, -3.288
33.48, 0.6520, -2.018
33.49, 0.6510, -2.420
33.50, 0.6500, -3.856
33.51, 0.6490, -5.237
33.52, 0.6480, -4.938
33.53, 0.6470, -6.096
33.54, 0.6460, -5.110
33.55, 0.6450, -3.487
33.56, 0.6440, -4.037
33.57, 0.6430, -3.952
33.58, 0.6420, -3.403
33.59, 0.6410, -2.720
33.60, 0.6400, -3.244
33.61, 0.6390, -3.940
33.62, 0.6380, -4.416
33.63, 0.6370, -4.556
33.64, 0.6360, -4.499
33.65, 0.6350, -4.416
33.66, 0.6340, -4.046
33.67, 0.6330, -3.822
33.68, 0.6320, -3.265
33.69, 0.6310, -3.182
33.70, 0.6300, -2.882
33.71, 0.6290, -1.873
33.72, 0.6280, -2.997
33.73, 0.6270, -3.702
33.74, 0.6260, -4.598
33.75, 0.6250, -4.119
33.76, 0.6240, -3.542
33.77, 0.6230, -4.305
33.78, 0.6220, -3.192
33.79, 0.6210, -3.116
33.80, 0.6200, -4.177
33.81, 0.6190, -1.911
33.82, 0.6180, -1.554
33.83, 0.6170, -3.304
33.84, 0.6160, -5.249
33.85, 0.6150, -4.614
33.86, 0.6140, -4.691
33.87, 0.6130, -3.618
33.88, 0.6120, -3.911
33.89, 0.6110, -2.644
33.90, 0.6100, -3.813
33.91, 0.6090, -2.552
33.92, 0.6080, -3.048
33.93, 0.6070, -4.285
33.94, 0.6060, -3.927
33.95, 0.6050, -4.580
33.96, 0.6040, -5.438
33.97, 0.6030, -5.746
33.98, 0.6020, -7.399
33.99, 0.6010, -6.125
34.00, 0.6000, -4.510
34.01, 0.5990, -3.851
34.02, 0.5980, -3.660
34.03, 0.5970, -2.761
34.04, 0.5960, -2.904
34.05, 0.5950, -3.993
34.06, 0.5940, -3.912
34.07, 0.5930, -4.384
34.08, 0.5920, -3.925
34.09, 0.5910, -4.931
34.10, 0.5900, -4.451
34.11, 0.5890, -2.489
34.12, 0.5880, -3.108
34.13, 0.5870, -2.527
34.14, 0.5860, -3.943
34.15, 0.5850, -2.954
34.16, 0.5840, -4.435
34.17, 0.5830, -5.060
34.18, 0.5820, -4.814
34.19, 0.5810, -5.129
34.20, 0.5800, -3.810
34.21, 0.5790, -3.960
34.22, 0.5780, -2.970
34.23, 0.5770, -3.333
34.24, 0.5760, -2.352
34.25, 0.5750, -1.985
34.26, 0.5740, -4.417
34.27, 0.5730, -4.064
34.28, 0.5720, -4.041
34.29, 0.5710, -5.322
34.30, 0.5700, -4.916
34.31, 0.5690, -4.252
34.32, 0.5680, -4.101
34.33, 0.5670, -3.856
34.34, 0.5660, -3.028
34.35, 0.5650, -3.211
34.36, 0.5640, -4.111
34.37, 0.5630, -2.365
34.38, 0.5620, -5.174
34.39, 0.5610, -5.795
34.40, 0.5600, -6.159
34.41, 0.5590, -5.826
34.42, 0.5580, -5.311
34.43, 0.5570, -4.930
34.44, 0.5560, -3.031
34.45, 0.5550, -3.362
34.46, 0.5540, -3.304
34.47, 0.5530, -4.116
34.48, 0.5520, -3.560
34.49, 0.5510, -4.965
34.50, 0.5500, -5.165
34.51, 0.5490, -4.326
34.52, 0.5480, -5.523
34.53, 0.5470, -3.857
34.54, 0.5460, -4.559
34.55, 0.5450, -3.397
34.56, 0.5440, -4.800
34.57, 0.5430, -4.838
34.58, 0.5420, -4.620
34.59, 0.5410, -5.206
34.60, 0.5400, -4.992
34.61, 0.5390, -4.442
34.62, 0.5380, -3.431
34.63, 0.5370, -3.612
34.64, 0.5360, -3.306
34.65, 0.5350, -3.213
34.66, 0.5340, -3.726
34.67, 0.5330, -4.454
34.68, 0.5320, -5.550
34.69, 0.5310, -5.651
34.70, 0.5300, -4.808
34.71, 0.5290, -3.964
34.72, 0.5280, -4.342
34.73, 0.5270, -4.444
34.74, 0.5260, -3.625
34.75, 0.5250, -2.724
34.76, 0.5240, -4.120
34.77, 0.5230, -5.032
34.78, 0.5220, -5.902
34.79, 0.5210, -6.348
34.80, 0.5200, -5.340
34.81, 0.5190, -5.100
34.82, 0.5180, -5.028
34.83, 0.5170, -4.997
34.84, 0.5160, -3.814
34.85, 0.5150, -4.612
34.86, 0.5140, -3.810
34.87, 0.5130, -5.038
34.88, 0.5120, -5.170
34.89, 0.5110, -5.537
34.90, 0.5100, -5.576
34.91, 0.5090, -6.124
34.92, 0.5080, -4.883
34.93, 0.5070, -4.892
34.94, 0.5060, -4.930
34.95, 0.5050, -4.132
34.96, 0.5040, -3.972
34.97, 0.5030, -4.160
34.98, 0.5020, -2.537
34.99, 0.5010, -4.607
35.00, 0.5000, -4.456
35.01, 0.4990, -4.388
35.02, 0.4980, -5.206
35.03, 0.4970, -5.465
35.04, 0.4960, -4.416
35.05, 0.4950, -3.093
35.06, 0.4940, -3.925
35.07, 0.4930, -3.908
35.08, 0.4920, -2.500
35.09, 0.4910, -3.399
35.10, 0.4900, -4.478
35.11, 0.4890, -4.518
35.12, 0.4880, -5.636
35.13, 0.4870, -5.039
35.14, 0.4860, -4.393
35.15, 0.4850, -4.007
35.16, 0.4840, -3.742
35.17, 0.4830, -3.188
35.18, 0.4820, -3.140
35.19, 0.4810, -3.644
35.20, 0.4800, -4.868
35.21, 0.4790, -3.837
35.22, 0.4780, -6.155
35.23, 0.4770, -6.009
35.24, 0.4760, -6.556
35.25, 0.4750, -6.563
35.26, 0.4740, -5.678
35.27, 0.4730, -5.141
35.28, 0.4720, -6.567
35.29, 0.4710, -5.403
35.30, 0.4700, -4.844
35.31, 0.4690, -4.361
35.32, 0.4680, -3.969
35.33, 0.4670, -3.405
35.34, 0.4660, -4.544
35.35, 0.4650, -5.371
35.36, 0.4640, -4.957
35.37, 0.4630, -5.052
35.38, 0.4620, -4.979
35.39, 0.4610, -5.188
35.40, 0.4600, -3.378
35.41, 0.4590, -3.452
35.42, 0.4580, -4.475
35.43, 0.4570, -4.383
35.44, 0.4560, -3.936
35.45, 0.4550, -3.866
35.46, 0.4540, -3.976
35.47, 0.4530, -4.059
35.48, 0.4520, -5.839
35.49, 0.4510, -5.802
35.50, 0.4500, -5.434
35.51, 0.4490, -4.306
35.52, 0.4480, -4.798
35.53, 0.4470, -4.943
35.54, 0.4460, -5.676
35.55, 0.4450, -3.909
35.56, 0.4440, -3.654
35.57, 0.4430, -4.754
35.58, 0.4420, -3.976
35.59, 0.4410, -4.531
35.60, 0.4400, -5.524
35.61, 0.4390, -7.168
35.62, 0.4380, -5.943
35.63, 0.4370, -6.515
35.64, 0.4360, -7.235
35.65, 0.4350, -6.476
35.66, 0.4340, -5.564
35.67, 0.4330, -6.752
35.68, 0.4320, -5.831
35.69, 0.4310, -4.906
35.70, 0.4300, -4.726
35.71, 0.4290, -4.287
35.72, 0.4280, -3.816
35.73, 0.4270, -4.634
35.74, 0.4260, -4.515
35.75, 0.4250, -4.044
35.76, 0.4240, -5.408
35.77, 0.4230, -5.313
35.78, 0.4220, -6.328
35.79, 0.4210, -6.029
35.80, 0.4200, -5.820
35.81, 0.4190, -5.164
35.82, 0.4180, -5.215
35.83, 0.4170, -5.382
35.84, 0.4160, -4.741
35.85, 0.4150, -3.712
35.86, 0.4140, -3.773
35.87, 0.4130, -4.752
35.88, 0.4120, -5.235
35.89, 0.4110, -4.047
35.90, 0.4100, -4.103
35.91, 0.4090, -5.476
35.92, 0.4080, -5.715
35.93, 0.4070, -5.306
35.94, 0.4060, -4.862
35.95, 0.4050, -6.100
35.96, 0.4040, -5.051
35.97, 0.4030, -4.839
35.98, 0.4020, -4.465
35.99, 0.4010, -3.855
36.00, 0.4000, -4.319
36.01, 0.3990, -4.868
36.02, 0.3980, -6.023
36.03, 0.3970, -7.945
36.04, 0.3960, -6.037
36.05, 0.3950, -7.748
36.06, 0.3940, -6.909
36.07, 0.3930, -7.789
36.08, 0.3920, -6.861
36.09, 0.3910, -5.252
36.10, 0.3900, -6.074
36.11, 0.3890, -5.195
36.12, 0.3880, -6.068
36.13, 0.3870, -5.852
36.14, 0.3860, -6.915
36.15, 0.3850, -6.450
36.16, 0.3840, -4.440
36.17, 0.3830, -5.687
36.18, 0.3820, -5.775
36.19, 0.3810, -4.851
36.20, 0.3800, -3.936
36.21, 0.3790, -6.368
36.22, 0.3780, -6.348
36.23, 0.3770, -7.118
36.24, 0.3760, -6.061
36.25, 0.3750, -4.376
36.26, 0.3740, -4.945
36.27, 0.3730, -4.770
36.28, 0.3720, -4.763
36.29, 0.3710, -4.727
36.30, 0.3700, -6.083
36.31, 0.3690, -6.577
36.32, 0.3680, -5.362
36.33, 0.3670, -5.177
36.34, 0.3660, -5.643
36.35, 0.3650, -3.823
36.36, 0.3640, -4.916
36.37, 0.3630, -4.949
36.38, 0.3620, -4.576
36.39, 0.3610, -6.096
36.40, 0.3600, -6.094
36.41, 0.3590, -5.344
36.42, 0.3580, -5.187
36.43, 0.3570, -5.336
36.44, 0.3560, -5.305
36.45, 0.3550, -5.348
36.46, 0.3540, -6.681
36.47, 0.3530, -6.607
36.48, 0.3520, -7.693
36.49, 0.3510, -7.390
36.50, 0.3500, -7.667
36.51, 0.3490, -7.334
36.52, 0.3480, -7.869
36.53, 0.3470, -7.066
36.54, 0.3460, -6.242
36.55, 0.3450, -6.021
36.56, 0.3440, -5.013
36.57, 0.3430, -5.679
36.58, 0.3420, -5.474
36.59, 0.3410, -6.454
36.60, 0.3400, -7.482
36.61, 0.3390, -7.116
36.62, 0.3380, -6.227
36.63, 0.3370, -6.150
36.64, 0.3360, -5.168
36.65, 0.3350, -5.426
36.66, 0.3340, -4.981
36.67, 0.3330, -6.685
36.68, 0.3320, -4.862
36.69, 0.3310, -6.115
36.70, 0.3300, -6.646
36.71, 0.3290, -6.781
36.72, 0.3280, -5.893
36.73, 0.3270, -6.454
36.74, 0.3260, -4.839
36.75, 0.3250, -4.163
36.76, 0.3240, -5.311
36.77, 0.3230, -5.340
36.78, 0.3220, -5.590
36.79, 0.3210, -5.794
36.80, 0.3200, -7.121
36.81, 0.3190, -6.072
36.82, 0.3180, -5.889
36.83, 0.3170, -5.992
36.84, 0.3160, -4.648
36.85, 0.3150, -4.375
36.86, 0.3140, -5.855
36.87, 0.3130, -5.780
36.88, 0.3120, -5.129
36.89, 0.3110, -8.503
36.90, 0.3100, -7.960
36.91, 0.3090, -7.419
36.92, 0.3080, -7.414
36.93, 0.3070, -7.565
36.94, 0.3060, -6.414
36.95, 0.3050, -6.032
36.96, 0.3040, -6.440
36.97, 0.3030, -5.583
36.98, 0.3020, -6.466
36.99, 0.3010, -6.300
37.00, 0.3000, -6.918
37.01, 0.2990, -7.873
37.02, 0.2980, -7.580
37.03, 0.2970, -5.813
37.04, 0.2960, -6.973
37.05, 0.2950, -6.813
37.06, 0.2940, -6.812
37.07, 0.2930, -5.701
37.08, 0.2920, -5.460
37.09, 0.2910, -6.096
37.10, 0.2900, -5.335
37.11, 0.2890, -5.927
37.12, 0.2880, -6.422
37.13, 0.2870, -6.745
37.14, 0.2860, -6.959
37.15, 0.2850, -6.098
37.16, 0.2840, -7.086
37.17, 0.2830, -5.648
37.18, 0.2820, -5.323
37.19, 0.2810, -4.460
37.20, 0.2800, -5.835
37.21, 0.2790, -6.592
37.22, 0.2780, -5.882
37.23, 0.2770, -7.577
37.24, 0.2760, -6.521
37.25, 0.2750, -7.907
37.26, 0.2740, -7.687
37.27, 0.2730, -6.022
37.28, 0.2720, -6.663
37.29, 0.2710, -6.688
37.30, 0.2700, -6.669
37.31, 0.2690, -6.978
37.32, 0.2680, -7.682
37.33, 0.2670, -7.339
37.34, 0.2660, -7.297
37.35, 0.2650, -6.707
37.36, 0.2640, -7.634
37.37, 0.2630, -7.910
37.38, 0.2620, -7.425
37.39, 0.2610, -9.022
37.40, 0.2600, -6.824
37.41, 0.2590, -7.819
37.42, 0.2580, -7.421
37.43, 0.2570, -6.859
37.44, 0.2560, -6.686
37.45, 0.2550, -7.962
37.46, 0.2540, -6.066
37.47, 0.2530, -6.148
37.48, 0.2520, -6.104
37.49, 0.2510, -5.183
37.50, 0.2500, -5.019
37.51, 0.2490, -6.646
37.52, 0.2480, -7.083
37.53, 0.2470, -6.425
37.54, 0.2460, -7.003
37.55, 0.2450, -6.598
37.56, 0.2440, -7.290
37.57, 0.2430, -6.097
37.58, 0.2420, -6.736
37.59, 0.2410, -5.689
37.60, 0.2400, -5.221
37.61, 0.2390, -7.284
37.62, 0.2380, -5.550
37.63, 0.2370, -6.580
37.64, 0.2360, -6.265
37.65, 0.2350, -8.073
37.66, 0.2340, -7.400
37.67, 0.2330, -7.245
37.68, 0.2320, -7.078
37.69, 0.2310, -7.059
37.70, 0.2300, -7.399
37.71, 0.2290, -6.764
37.72, 0.2280, -8.415
37.73, 0.2270, -7.982
37.74, 0.2260, -7.923
37.75, 0.2250, -7.479
37.76, 0.2240, -8.198
37.77, 0.2230, -7.021
37.78, 0.2220, -7.662
37.79, 0.2210, -7.602
37.80, 0.2200, -8.365
37.81, 0.2190, -8.382
37.82, 0.2180, -8.155
37.83, 0.2170, -8.144
37.84, 0.2160, -8.475
37.85, 0.2150, -8.115
37.86, 0.2140, -8.390
37.87, 0.2130, -7.342
37.88, 0.2120, -6.602
37.89, 0.2110, -6.861
37.90, 0.2100, -5.836
37.91, 0.2090, -6.896
37.92, 0.2080, -6.757
37.93, 0.2070, -8.281
37.94, 0.2060, -7.361
37.95, 0.2050, -8.058
37.96, 0.2040, -7.817
37.97, 0.2030, -7.417
37.98, 0.2020, -6.758
37.99, 0.2010, -7.746
38.00, 0.2000, -7.988
38.01, 0.1990, -6.601
38.02, 0.1980, -7.199
38.03, 0.1970, -6.556
38.04, 0.1960, -6.945
38.05, 0.1950, -7.207
38.06, 0.1940, -7.494
38.07, 0.1930, -8.788
38.08, 0.1920, -8.196
38.09, 0.1910, -8.564
38.10, 0.1900, -7.995
38.11, 0.1890, -6.996
38.12, 0.1880, -6.682
38.13, 0.1870, -7.721
38.14, 0.1860, -6.962
38.15, 0.1850, -9.190
38.16, 0.1840, -9.733
38.17, 0.1830, -9.638
38.18, 0.1820, -8.403
38.19, 0.1810, -10.26
38.20, 0.1800, -8.392
38.21, 0.1790, -8.656
38.22, 0.1780, -8.176
38.23, 0.1770, -8.276
38.24, 0.1760, -6.660
38.25, 0.1750, -7.433
38.26, 0.1740, -8.347
38.27, 0.1730, -8.438
38.28, 0.1720, -9.151
38.29, 0.1710, -9.248
38.30, 0.1700, -9.338
38.31, 0.1690, -7.987
38.32, 0.1680, -8.010
38.33, 0.1670, -6.543
38.34, 0.1660, -7.174
38.35, 0.1650, -7.399
38.36, 0.1640, -6.805
38.37, 0.1630, -7.029
38.38, 0.1620, -8.282
38.39, 0.1610, -7.182
38.40, 0.1600, -8.016
38.41, 0.1590, -9.353
38.42, 0.1580, -8.698
38.43, 0.1570, -9.189
38.44, 0.1560, -7.765
38.45, 0.1550, -8.977
38.46, 0.1540, -8.852
38.47, 0.1530, -7.647
38.48, 0.1520, -7.224
38.49, 0.1510, -7.909
38.50, 0.1500, -8.042
38.51, 0.1490, -8.792
38.52, 0.1480, -9.229
38.53, 0.1470, -8.367
38.54, 0.1460, -7.948
38.55, 0.1450, -8.064
38.56, 0.1440, -9.639
38.57, 0.1430, -9.081
38.58, 0.1420, -8.640
38.59, 0.1410, -8.178
38.60, 0.1400, -10.68
38.61, 0.1390, -10.39
38.62, 0.1380, -9.470
38.63, 0.1370, -9.952
38.64, 0.1360, -10.94
38.65, 0.1350, -10.60
38.66, 0.1340, -9.214
38.67, 0.1330, -8.603
38.68, 0.1320, -8.721
38.69, 0.1310, -8.707
38.70, 0.1300, -8.336
38.71, 0.1290, -8.019
38.72, 0.1280, -8.453
38.73, 0.1270, -8.987
38.74, 0.1260, -9.163
38.75, 0.1250, -8.789
38.76, 0.1240, -8.553
38.77, 0.1230, -9.081
38.78, 0.1220, -9.232
38.79, 0.1210, -8.511
38.80, 0.1200, -8.134
38.81, 0.1190, -7.732
38.82, 0.1180, -7.793
38.83, 0.1170, -6.910
38.84, 0.1160, -8.934
38.85, 0.1150, -9.427
38.86, 0.1140, -9.562
38.87, 0.1130, -10.59
38.88, 0.1120, -9.591
38.89, 0.1110, -9.372
38.90, 0.1100, -8.590
38.91, 0.1090, -9.599
38.92, 0.1080, -8.835
38.93, 0.1070, -8.387
38.94, 0.1060, -8.478
38.95, 0.1050, -9.301
38.96, 0.1040, -8.589
38.97, 0.1030, -8.913
38.98, 0.1020, -9.913
38.99, 0.1010, -10.85
39.00, 0.1000, -11.31
39.01, 0.09900, -11.55
39.02, 0.09800, -9.847
39.03, 0.09700, -10.84
39.04, 0.09600, -11.46
39.05, 0.09500, -10.14
39.06, 0.09400, -9.350
39.07, 0.09300, -9.368
39.08, 0.09200, -8.724
39.09, 0.09100, -9.681
39.10, 0.09000, -9.551
39.11, 0.08900, -10.17
39.12, 0.08800, -10.53
39.13, 0.08700, -10.22
39.14, 0.08600, -10.60
39.15, 0.08500, -10.44
39.16, 0.08400, -10.58
39.17, 0.08300, -10.24
39.18, 0.08200, -10.17
39.19, 0.08100, -9.347
39.20, 0.08000, -9.496
39.21, 0.07900, -8.937
39.22, 0.07800, -8.939
39.23, 0.07700, -9.692
39.24, 0.07600, -11.21
39.25, 0.07500, -9.579
39.26, 0.07400, -10.63
39.27, 0.07300, -9.994
39.28, 0.07200, -10.38
39.29, 0.07100, -10.48
39.30, 0.07000, -9.824
39.31, 0.06900, -8.757
39.32, 0.06800, -9.578
39.33, 0.06700, -8.825
39.34, 0.06600, -9.148
39.35, 0.06500, -9.786
39.36, 0.06400, -9.885
39.37, 0.06300, -9.986
39.38, 0.06200, -10.92
39.39, 0.06100, -11.11
39.40, 0.06000, -11.52
39.41, 0.05900, -11.71
39.42, 0.05800, -10.87
39.43, 0.05700, -11.11
39.44, 0.05600, -11.80
39.45, 0.05500, -10.54
39.46, 0.05400, -11.07
39.47, 0.05300, -13.04
39.48, 0.05200, -12.53
39.49, 0.05100, -12.28
39.50, 0.05000, -11.57
39.51, 0.04900, -10.99
39.52, 0.04800, -10.85
39.53, 0.04700, -10.76
39.54, 0.04600, -10.74
39.55, 0.04500, -9.742
39.56, 0.04400, -10.02
39.57, 0.04300, -10.03
39.58, 0.04200, -12.18
39.59, 0.04100, -12.40
39.60, 0.04000, -10.99
39.61, 0.03900, -11.08
39.62, 0.03800, -11.56
39.63, 0.03700, -11.85
39.64, 0.03600, -10.98
39.65, 0.03500, -10.65
39.66, 0.03400, -10.50
39.67, 0.03300, -10.44
39.68, 0.03200, -11.13
39.69, 0.03100, -11.54
39.70, 0.03000, -11.80
39.71, 0.02900, -11.62
39.72, 0.02800, -11.30
39.73, 0.02700, -11.80
39.74, 0.02600, -11.81
39.75, 0.02500, -10.86
39.76, 0.02400, -11.16
39.77, 0.02300, -10.97
39.78, 0.02200, -11.98
39.79, 0.02100, -11.70
39.80, 0.02000, -12.83
39.81, 0.01900, -12.52
39.82, 0.01800, -12.33
39.83, 0.01700, -12.69
39.84, 0.01600, -12.35
39.85, 0.01500, -12.78
39.86, 0.01400, -12.72
39.87, 0.01300, -12.82
39.88, 0.01200, -12.72
39.89, 0.01100, -13.90
39.90, 0.01000, -12.98
39.91, 0.009000, -14.10
39.92, 0.008000, -13.26
39.93, 0.007000, -13.05
39.94, 0.006000, -12.73
39.95, 0.005000, -12.41
39.96, 0.004000, -12.08
39.97, 0.003000, -12.39
39.98, 0.002000, -11.93
39.99, 0.001000, -13.09
40.00, 0.000, -12.27
