0.01000, 0.001000, -100.0
0.02000, 0.002000, -100.0
0.03000, 0.003000, -100.0
0.04000, 0.004000, -97.30
0.05000, 0.005000, -78.99
0.06000, 0.006000, -66.60
0.07000, 0.007000, -56.01
0.08000, 0.008000, -49.75
0.09000, 0.009000, -46.13
0.1000, 0.01000, -41.12
0.1100, 0.01100, -35.97
0.1200, 0.01200, -34.38
0.1300, 0.01300, -31.60
0.1400, 0.01400, -29.03
0.1500, 0.01500, -28.00
0.1600, 0.01600, -26.74
0.1700, 0.01700, -23.30
0.1800, 0.01800, -22.79
0.1900, 0.01900, -21.75
0.2000, 0.02000, -19.10
0.2100, 0.02100, -19.82
0.2200, 0.02200, -18.91
0.2300, 0.02300, -17.03
0.2400, 0.02400, -17.85
0.2500, 0.02500, -15.41
0.2600, 0.02600, -13.95
0.2700, 0.02700, -13.80
0.2800, 0.02800, -13.27
0.2900, 0.02900, -11.82
0.3000, 0.03000, -13.07
0.3100, 0.03100, -11.35
0.3200, 0.03200, -11.77
0.3300, 0.03300, -12.22
0.3400, 0.03400, -10.75
0.3500, 0.03500, -10.05
0.3600, 0.03600, -11.54
0.3700, 0.03700, -10.30
0.3800, 0.03800, -9.170
0.3900, 0.03900, -10.66
0.4000, 0.04000, -9.314
0.4100, 0.04100, -8.759
0.4200, 0.04200, -9.800
0.4300, 0.04300, -8.990
0.4400, 0.04400, -8.381
0.4500, 0.04500, -9.108
0.4600, 0.04600, -7.129
0.4700, 0.04700, -6.775
0.4800, 0.04800, -8.767
0.4900, 0.04900, -7.483
0.5000, 0.05000, -7.359
0.5100, 0.05100, -7.412
0.5200, 0.05200, -6.888
0.5300, 0.05300, -7.185
0.5400, 0.05400, -7.563
0.5500, 0.05500, -5.568
0.5600, 0.05600, -7.063
0.5700, 0.05700, -7.008
0.5800, 0.05800, -5.559
0.5900, 0.05900, -6.266
0.6000, 0.06000, -7.087
0.6100, 0.06100, -4.866
0.6200, 0.06200, -6.079
0.6300, 0.06300, -5.698
0.6400, 0.06400, -4.817
0.6500, 0.06500, -5.915
0.6600, 0.06600, -5.602
0.6700, 0.06700, -3.717
0.6800, 0.06800, -3.975
0.6900, 0.06900, -4.044
0.7000, 0.07000, -2.422
0.7100, 0.07100, -3.776
0.7200, 0.07200, -4.086
0.7300, 0.07300, -3.243
0.7400, 0.07400, -3.604
0.7500, 0.07500, -4.649
0.7600, 0.07600, -3.525
0.7700, 0.07700, -4.837
0.7800, 0.07800, -4.553
0.7900, 0.07900, -3.752
0.8000, 0.08000, -4.433
0.8100, 0.08100, -4.368
0.8200, 0.08200, -4.525
0.8300, 0.08300, -4.633
0.8400, 0.08400, -4.098
0.8500, 0.08500, -3.524
0.8600, 0.08600, -3.897
0.8700, 0.08700, -3.763
0.8800, 0.08800, -2.994
0.8900, 0.08900, -4.525
0.9000, 0.09000, -4.107
0.9100, 0.09100, -3.059
0.9200, 0.09200, -2.750
0.9300, 0.09300, -3.392
0.9400, 0.09400, -3.574
0.9500, 0.09500, -4.250
0.9600, 0.09600, -3.799
0.9700, 0.09700, -2.797
0.9800, 0.09800, -3.167
0.9900, 0.09900, -3.840
1.000, 0.1000, -2.625
1.010, 0.1010, -3.347
1.020, 0.1020, -3.991
1.030, 0.1030, -2.430
1.040, 0.1040, -4.232
1.050, 0.1050, -3.490
1.060, 0.1060, -3.061
1.070, 0.1070, -3.447
1.080, 0.1080, -3.165
1.090, 0.1090, -1.406
1.100, 0.1100, -2.667
1.110, 0.1110, -0.5558
1.120, 0.1120, 0.04892
1.130, 0.1130, -0.7663
1.140, 0.1140, -0.9131
1.150, 0.1150, -1.124
1.160, 0.1160, -3.121
1.170, 0.1170, -1.038
1.180, 0.1180, -1.072
1.190, 0.1190, -2.370
1.200, 0.1200, -0.7338
1.210, 0.1210, -2.377
1.220, 0.1220, -2.471
1.230, 0.1230, -1.583
1.240, 0.1240, -1.086
1.250, 0.1250, -1.596
1.260, 0.1260, -1.970
1.270, 0.1270, -2.790
1.280, 0.1280, -3.131
1.290, 0.1290, -0.8144
1.300, 0.1300, -2.302
1.310, 0.1310, -2.542
1.320, 0.1320, -2.038
1.330, 0.1330, -2.996
1.340, 0.1340, -2.755
1.350, 0.1350, -1.970
1.360, 0.1360, -2.537
1.370, 0.1370, -2.492
1.380, 0.1380, -0.5292
1.390, 0.1390, -2.981
1.400, 0.1400, -1.845
1.410, 0.1410, -1.501
1.420, 0.1420, -2.264
1.430, 0.1430, -1.893
1.440, 0.1440, -1.507
1.450, 0.1450, -2.426
1.460, 0.1460, -2.836
1.470, 0.1470, -1.375
1.480, 0.1480, -1.440
1.490, 0.1490, -2.527
1.500, 0.1500, 0.3243
1.510, 0.1510, -1.534
1.520, 0.1520, -0.1383
1.530, 0.1530, -0.07065
1.540, 0.1540, -0.9653
1.550, 0.1550, -0.1861
1.560, 0.1560, 0.5134
1.570, 0.1570, -0.5422
1.580, 0.1580, -0.06705
1.590, 0.1590, -0.2874
1.600, 0.1600, -1.590
1.610, 0.1610, -0.5721
1.620, 0.1620, -0.06432
1.630, 0.1630, -1.910
1.640, 0.1640, -2.345
1.650, 0.1650, -1.802
1.660, 0.1660, -2.496
1.670, 0.1670, -0.9572
1.680, 0.1680, -0.8332
1.690, 0.1690, -1.595
1.700, 0.1700, -1.073
1.710, 0.1710, -1.572
1.720, 0.1720, -1.801
1.730, 0.1730, -1.081
1.740, 0.1740, -1.444
1.750, 0.1750, -2.419
1.760, 0.1760, -0.7295
1.770, 0.1770, -1.075
1.780, 0.1780, -2.735
1.790, 0.1790, -1.656
1.800, 0.1800, -1.560
1.810, 0.1810, -2.536
1.820, 0.1820, -1.053
1.830, 0.1830, -0.3228
1.840, 0.1840, -2.825
1.850, 0.1850, -0.3516
1.860, 0.1860, -1.042
1.870, 0.1870, -1.110
1.880, 0.1880, -0.4060
1.890, 0.1890, -1.835
1.900, 0.1900, -2.535
1.910, 0.1910, -0.3669
1.920, 0.1920, -1.003
1.930, 0.1930, -0.4638
1.940, 0.1940, 1.234
1.950, 0.1950, 1.203
1.960, 0.1960, -0.2001
1.970, 0.1970, 1.145
1.980, 0.1980, 0.8627
1.990, 0.1990, 0.1046
2.000, 0.2000, -0.1903
2.010, 0.2010, 0.2069
2.020, 0.2020, -0.5085
2.030, 0.2030, -0.1041
2.040, 0.2040, -1.027
2.050, 0.2050, -1.599
2.060, 0.2060, -0.1677
2.070, 0.2070, -0.2863
2.080, 0.2080, -1.565
2.090, 0.2090, -0.4590
2.100, 0.2100, -1.271
2.110, 0.2110, -1.769
2.120, 0.2120, -0.2653
2.130, 0.2130, 0.2234
2.140, 0.2140, -0.8216
2.150, 0.2150, -0.2976
2.160, 0.2160, -1.702
2.170, 0.2170, -1.520
2.180, 0.2180, -0.03499
2.190, 0.2190, -2.154
2.200, 0.2200, -1.744
2.210, 0.2210, -0.4637
2.220, 0.2220, -1.926
2.230, 0.2230, -2.010
2.240, 0.2240, -0.3253
2.250, 0.2250, -1.905
2.260, 0.2260, -0.8179
2.270, 0.2270, 0.1852
2.280, 0.2280, -2.663
2.290, 0.2290, -0.5410
2.300, 0.2300, 0.6017
2.310, 0.2310, 0.3956
2.320, 0.2320, 0.3375
2.330, 0.2330, 0.1015
2.340, 0.2340, -1.702
2.350, 0.2350, -0.7161
2.360, 0.2360, 1.251
2.370, 0.2370, 0.6313
2.380, 0.2380, -0.1645
2.390, 0.2390, 0.7793
2.400, 0.2400, -0.4366
2.410, 0.2410, 0.9987
2.420, 0.2420, 1.620
2.430, 0.2430, -0.01271
2.440, 0.2440, 0.6572
2.450, 0.2450, 0.1653
2.460, 0.2460, -0.7193
2.470, 0.2470, 0.2701
2.480, 0.2480, 1.164
2.490, 0.2490, -1.232
2.500, 0.2500, -0.6041
2.510, 0.2510, -0.8765
2.520, 0.2520, -1.065
2.530, 0.2530, 0.1231
2.540, 0.2540, 1.208
2.550, 0.2550, -1.841
2.560, 0.2560, -0.05713
2.570, 0.2570, 0.2517
2.580, 0.2580, -1.833
2.590, 0.2590, 0.4265
2.600, 0.2600, -0.1473
2.610, 0.2610, -1.918
2.620, 0.2620, -0.5412
2.630, 0.2630, -0.5602
2.640, 0.2640, -1.529
2.650, 0.2650, 0.2071
2.660, 0.2660, 0.2140
2.670, 0.2670, -0.3290
2.680, 0.2680, -0.01632
2.690, 0.2690, -0.2288
2.700, 0.2700, -2.108
2.710, 0.2710, 0.07981
2.720, 0.2720, -0.4651
2.730, 0.2730, -2.349
2.740, 0.2740, -1.309
2.750, 0.2750, 1.738
2.760, 0.2760, -0.1722
2.770, 0.2770, -0.2181
2.780, 0.2780, 0.4122
2.790, 0.2790, -0.4901
2.800, 0.2800, 1.482
2.810, 0.2810, 2.229
2.820, 0.2820, -0.1210
2.830, 0.2830, 0.4682
2.840, 0.2840, 2.105
2.850, 0.2850, -1.095
2.860, 0.2860, 0.06077
2.870, 0.2870, 1.553
2.880, 0.2880, -1.219
2.890, 0.2890, 0.5947
2.900, 0.2900, 0.5857
2.910, 0.2910, -0.01181
2.920, 0.2920, -0.5681
2.930, 0.2930, 0.3635
2.940, 0.2940, -0.9596
2.950, 0.2950, -0.7650
2.960, 0.2960, -0.1252
2.970, 0.2970, -1.012
2.980, 0.2980, -0.5365
2.990, 0.2990, 0.2697
3.000, 0.3000, -1.751
3.010, 0.3010, -0.5972
3.020, 0.3020, -0.06017
3.030, 0.3030, -0.7911
3.040, 0.3040, -0.02762
3.050, 0.3050, -0.3379
3.060, 0.3060, -0.07028
3.070, 0.3070, -1.789
3.080, 0.3080, 0.5101
3.090, 0.3090, -0.7041
3.100, 0.3100, 0.1058
3.110, 0.3110, 0.8356
3.120, 0.3120, -0.1912
3.130, 0.3130, -1.913
3.140, 0.3140, 0.4636
3.150, 0.3150, -1.560
3.160, 0.3160, -0.4099
3.170, 0.3170, 0.5368
3.180, 0.3180, -0.5479
3.190, 0.3190, -0.7754
3.200, 0.3200, 0.02007
3.210, 0.3210, 0.4458
3.220, 0.3220, 0.1728
3.230, 0.3230, 3.156
3.240, 0.3240, 1.840
3.250, 0.3250, 0.06268
3.260, 0.3260, 0.9642
3.270, 0.3270, 0.8947
3.280, 0.3280, -0.9368
3.290, 0.3290, 1.086
3.300, 0.3300, 2.492
3.310, 0.3310, 0.1430
3.320, 0.3320, 0.6093
3.330, 0.3330, -0.3418
3.340, 0.3340, -1.339
3.350, 0.3350, 0.3551
3.360, 0.3360, 1.024
3.370, 0.3370, -0.5677
3.380, 0.3380, -0.6383
3.390, 0.3390, 0.1281
3.400, 0.3400, -1.463
3.410, 0.3410, 1.047
3.420, 0.3420, -0.3260
3.430, 0.3430, -0.4949
3.440, 0.3440, 0.7116
3.450, 0.3450, -1.283
3.460, 0.3460, -1.386
3.470, 0.3470, -0.1198
3.480, 0.3480, -1.064
3.490, 0.3490, -0.4858
3.500, 0.3500, 1.059
3.510, 0.3510, 0.8396
3.520, 0.3520, -1.995
3.530, 0.3530, -0.03375
3.540, 0.3540, 0.4414
3.550, 0.3550, -0.4067
3.560, 0.3560, 0.004382
3.570, 0.3570, -1.670
3.580, 0.3580, -0.7740
3.590, 0.3590, 0.4566
3.600, 0.3600, -0.7915
3.610, 0.3610, 0.2767
3.620, 0.3620, 1.197
3.630, 0.3630, 0.2641
3.640, 0.3640, 1.135
3.650, 0.3650, 2.642
3.660, 0.3660, -0.4116
3.670, 0.3670, 1.489
3.680, 0.3680, 1.571
3.690, 0.3690, 0.6450
3.700, 0.3700, 1.179
3.710, 0.3710, -0.9817
3.720, 0.3720, 0.2856
3.730, 0.3730, 1.823
3.740, 0.3740, -1.375
3.750, 0.3750, 0.08583
3.760, 0.3760, 0.9556
3.770, 0.3770, -1.033
3.780, 0.3780, 0.2221
3.790, 0.3790, 0.2103
3.800, 0.3800, -0.7147
3.810, 0.3810, 0.6760
3.820, 0.3820, -1.020
3.830, 0.3830, -1.430
3.840, 0.3840, 1.001
3.850, 0.3850, 0.5591
3.860, 0.3860, -0.5139
3.870, 0.3870, 0.9890
3.880, 0.3880, -1.596
3.890, 0.3890, -1.294
3.900, 0.3900, 1.526
3.910, 0.3910, 0.8097
3.920, 0.3920, 0.8378
3.930, 0.3930, 0.3895
3.940, 0.3940, -1.284
3.950, 0.3950, -0.5537
3.960, 0.3960, -0.4700
3.970, 0.3970, 0.3046
3.980, 0.3980, -1.092
3.990, 0.3990, 0.6331
4.000, 0.4000, -0.5059
4.010, 0.4010, -0.1253
4.020, 0.4020, 0.2306
4.030, 0.4030, 1.631
4.040, 0.4040, -0.2787
4.050, 0.4050, 0.6641
4.060, 0.4060, 1.026
4.070, 0.4070, 1.347
4.080, 0.4080, 3.365
4.090, 0.4090, 2.797
4.100, 0.4100, -1.284
4.110, 0.4110, 0.05454
4.120, 0.4120, 2.542
4.130, 0.4130, 0.6756
4.140, 0.4140, 0.5835
4.150, 0.4150, -0.06015
4.160, 0.4160, -0.9839
4.170, 0.4170, 1.082
4.180, 0.4180, 0.1537
4.190, 0.4190, -1.458
4.200, 0.4200, 0.7659
4.210, 0.4210, 1.310
4.220, 0.4220, -0.7205
4.230, 0.4230, 0.1713
4.240, 0.4240, 0.1252
4.250, 0.4250, -1.501
4.260, 0.4260, 0.4241
4.270, 0.4270, 1.411
4.280, 0.4280, -0.5861
4.290, 0.4290, 0.7744
4.300, 0.4300, 0.2269
4.310, 0.4310, -1.113
4.320, 0.4320, 0.07492
4.330, 0.4330, 1.814
4.340, 0.4340, -0.2170
4.350, 0.4350, -0.02334
4.360, 0.4360, 0.8329
4.370, 0.4370, -1.109
4.380, 0.4380, -1.034
4.390, 0.4390, -0.2638
4.400, 0.4400, 0.4684
4.410, 0.4410, 0.08817
4.420, 0.4420, 1.107
4.430, 0.4430, 0.1142
4.440, 0.4440, -0.2363
4.450, 0.4450, 1.105
4.460, 0.4460, 0.8801
4.470, 0.4470, 1.514
4.480, 0.4480, 2.817
4.490, 0.4490, -0.02208
4.500, 0.4500, 0.4818
4.510, 0.4510, 3.059
4.520, 0.4520, 1.817
4.530, 0.4530, 1.998
4.540, 0.4540, 1.599
4.550, 0.4550, -0.2305
4.560, 0.4560, 0.01562
4.570, 0.4570, 1.877
4.580, 0.4580, 0.4361
4.590, 0.4590, 0.09596
4.600, 0.4600, 1.611
4.610, 0.4610, -0.9547
4.620, 0.4620, -0.2830
4.630, 0.4630, 1.234
4.640, 0.4640, -0.6487
4.650, 0.4650, 1.213
4.660, 0.4660, 0.7188
4.670, 0.4670, -1.106
4.680, 0.4680, -0.1361
4.690, 0.4690, 1.275
4.700, 0.4700, -0.4673
4.710, 0.4710, 0.03662
4.720, 0.4720, -0.2595
4.730, 0.4730, 0.01809
4.740, 0.4740, 0.5005
4.750, 0.4750, -0.5799
4.760, 0.4760, -1.001
4.770, 0.4770, 1.067
4.780, 0.4780, -0.7439
4.790, 0.4790, -0.3316
4.800, 0.4800, -0.1962
4.810, 0.4810, -0.9991
4.820, 0.4820, -0.9083
4.830, 0.4830, 1.100
4.840, 0.4840, -1.183
4.850, 0.4850, 1.217
4.860, 0.4860, 1.011
4.870, 0.4870, 0.06788
4.880, 0.4880, 1.913
4.890, 0.4890, 0.5882
4.900, 0.4900, 0.005936
4.910, 0.4910, 1.871
4.920, 0.4920, 3.155
4.930, 0.4930, 1.001
4.940, 0.4940, 2.263
4.950, 0.4950, 0.02542
4.960, 0.4960, 1.300
4.970, 0.4970, 1.734
4.980, 0.4980, 0.7622
4.990, 0.4990, 0.1258
5.000, 0.5000, 2.255
5.010, 0.5010, -2.070
5.020, 0.5020, 0.7002
5.030, 0.5030, -0.1927
5.040, 0.5040, -1.196
5.050, 0.5050, 0.4631
5.060, 0.5060, 1.241
5.070, 0.5070, -0.8238
5.080, 0.5080, -0.4658
5.090, 0.5090, -1.469
5.100, 0.5100, 0.04737
5.110, 0.5110, 0.7687
5.120, 0.5120, -0.7366
5.130, 0.5130, 0.2575
5.140, 0.5140, 1.634
5.150, 0.5150, 0.7940
5.160, 0.5160, 0.9027
5.170, 0.5170, 1.216
5.180, 0.5180, -1.801
5.190, 0.5190, 0.7446
5.200, 0.5200, -0.2482
5.210, 0.5210, -0.3882
5.220, 0.5220, -0.8275
5.230, 0.5230, 0.4737
5.240, 0.5240, -1.191
5.250, 0.5250, 0.2789
5.260, 0.5260, 0.6000
5.270, 0.5270, -0.09294
5.280, 0.5280, 0.6415
5.290, 0.5290, 1.529
5.300, 0.5300, 1.162
5.310, 0.5310, 2.848
5.320, 0.5320, 0.6992
5.330, 0.5330, 2.024
5.340, 0.5340, 2.387
5.350, 0.5350, 1.442
5.360, 0.5360, 1.177
5.370, 0.5370, 2.121
5.380, 0.5380, 0.4087
5.390, 0.5390, -1.248
5.400, 0.5400, 1.903
5.410, 0.5410, 1.402
5.420, 0.5420, 0.7401
5.430, 0.5430, 0.8653
5.440, 0.5440, 0.7341
5.450, 0.5450, -1.083
5.460, 0.5460, -0.04436
5.470, 0.5470, -0.08618
5.480, 0.5480, -0.7724
5.490, 0.5490, 1.508
5.500, 0.5500, -1.163
5.510, 0.5510, -0.7899
5.520, 0.5520, 0.5628
5.530, 0.5530, -0.6303
5.540, 0.5540, -0.1904
5.550, 0.5550, 0.6785
5.560, 0.5560, -1.120
5.570, 0.5570, 0.3258
5.580, 0.5580, 1.002
5.590, 0.5590, -0.7477
5.600, 0.5600, -0.2046
5.610, 0.5610, 0.8250
5.620, 0.5620, -1.026
5.630, 0.5630, 1.052
5.640, 0.5640, 0.8176
5.650, 0.5650, -0.6076
5.660, 0.5660, 0.3899
5.670, 0.5670, -0.1814
5.680, 0.5680, -0.3411
5.690, 0.5690, 0.5492
5.700, 0.5700, -1.068
5.710, 0.5710, -1.185
5.720, 0.5720, 1.789
5.730, 0.5730, 0.2418
5.740, 0.5740, 0.9343
5.750, 0.5750, 2.558
5.760, 0.5760, 1.680
5.770, 0.5770, 1.330
5.780, 0.5780, 2.243
5.790, 0.5790, 0.001834
5.800, 0.5800, 0.7378
5.810, 0.5810, 1.582
5.820, 0.5820, 0.1515
5.830, 0.5830, 0.6186
5.840, 0.5840, 0.7849
5.850, 0.5850, 1.117
5.860, 0.5860, -0.02577
5.870, 0.5870, 1.266
5.880, 0.5880, 0.9332
5.890, 0.5890, 0.7359
5.900, 0.5900, 1.183
5.910, 0.5910, -0.2153
5.920, 0.5920, 0.5095
5.930, 0.5930, 2.013
5.940, 0.5940, -0.3437
5.950, 0.5950, 0.1111
5.960, 0.5960, 1.177
5.970, 0.5970, -0.1190
5.980, 0.5980, 0.2410
5.990, 0.5990, 1.970
6.000, 0.6000, -0.3682
6.010, 0.6010, 0.3954
6.020, 0.6020, 0.3471
6.030, 0.6030, -2.111
6.040, 0.6040, -0.3538
6.050, 0.6050, 1.744
6.060, 0.6060, -1.958
6.070, 0.6070, 0.3071
6.080, 0.6080, 2.184
6.090, 0.6090, -0.4982
6.100, 0.6100, 0.3401
6.110, 0.6110, -0.6119
6.120, 0.6120, -0.1771
6.130, 0.6130, 1.740
6.140, 0.6140, -0.7104
6.150, 0.6150, 0.3991
6.160, 0.6160, 1.656
6.170, 0.6170, 1.182
6.180, 0.6180, 0.6040
6.190, 0.6190, 2.249
6.200, 0.6200, 1.772
6.210, 0.6210, 0.6429
6.220, 0.6220, 1.629
6.230, 0.6230, 0.1971
6.240, 0.6240, 0.7910
6.250, 0.6250, 1.618
6.260, 0.6260, -1.153
6.270, 0.6270, 0.9052
6.280, 0.6280, 1.711
6.290, 0.6290, -1.737
6.300, 0.6300, 0.3465
6.310, 0.6310, 1.242
6.320, 0.6320, -0.2113
6.330, 0.6330, 0.3383
6.340, 0.6340, 0.04353
6.350, 0.6350, -0.4695
6.360, 0.6360, 1.714
6.370, 0.6370, -0.7800
6.380, 0.6380, -0.3124
6.390, 0.6390, 0.8988
6.400, 0.6400, -0.4824
6.410, 0.6410, 0.4008
6.420, 0.6420, 0.8560
6.430, 0.6430, 0.5540
6.440, 0.6440, -1.074
6.450, 0.6450, 1.603
6.460, 0.6460, 0.3781
6.470, 0.6470, -0.4112
6.480, 0.6480, 0.3640
6.490, 0.6490, -0.4827
6.500, 0.6500, 1.029
6.510, 0.6510, 1.494
6.520, 0.6520, -0.7233
6.530, 0.6530, -0.06082
6.540, 0.6540, 1.976
6.550, 0.6550, -0.4995
6.560, 0.6560, 0.9497
6.570, 0.6570, 1.972
6.580, 0.6580, 1.041
6.590, 0.6590, 2.732
6.600, 0.6600, 1.303
6.610, 0.6610, 0.7474
6.620, 0.6620, 2.866
6.630, 0.6630, 2.236
6.640, 0.6640, -0.7710
6.650, 0.6650, 0.4167
6.660, 0.6660, 2.605
6.670, 0.6670, 0.5081
6.680, 0.6680, 1.230
6.690, 0.6690, 0.3471
6.700, 0.6700, 0.5481
6.710, 0.6710, 1.480
6.720, 0.6720, 0.5369
6.730, 0.6730, 0.5171
6.740, 0.6740, 1.051
6.750, 0.6750, 0.7474
6.760, 0.6760, -0.4696
6.770, 0.6770, 0.8911
6.780, 0.6780, 0.7906
6.790, 0.6790, -0.5519
6.800, 0.6800, 0.5677
6.810, 0.6810, 0.09011
6.820, 0.6820, 0.4152
6.830, 0.6830, 1.547
6.840, 0.6840, -1.414
6.850, 0.6850, 0.01384
6.860, 0.6860, 2.118
6.870, 0.6870, -0.7129
6.880, 0.6880, 0.9768
6.890, 0.6890, 1.093
6.900, 0.6900, 0.4122
6.910, 0.6910, -0.4592
6.920, 0.6920, 0.2379
6.930, 0.6930, 0.1733
6.940, 0.6940, 0.6174
6.950, 0.6950, 1.010
6.960, 0.6960, -1.035
6.970, 0.6970, 0.6570
6.980, 0.6980, 2.401
6.990, 0.6990, 0.07066
7.000, 0.7000, 2.089
7.010, 0.7010, 2.162
7.020, 0.7020, 0.1678
7.030, 0.7030, 1.802
7.040, 0.7040, 3.061
7.050, 0.7050, 0.8438
7.060, 0.7060, 1.330
7.070, 0.7070, 2.138
7.080, 0.7080, 0.3699
7.090, 0.7090, 0.9758
7.100, 0.7100, 1.012
7.110, 0.7110, -0.9780
7.120, 0.7120, 1.463
7.130, 0.7130, 1.301
7.140, 0.7140, 0.2775
7.150, 0.7150, 2.098
7.160, 0.7160, 0.2480
7.170, 0.7170, -0.2747
7.180, 0.7180, 2.186
7.190, 0.7190, -0.8735
7.200, 0.7200, -0.1609
7.210, 0.7210, 0.8876
7.220, 0.7220, -1.703
7.230, 0.7230, 1.119
7.240, 0.7240, 1.348
7.250, 0.7250, -0.04150
7.260, 0.7260, -0.5425
7.270, 0.7270, 0.2085
7.280, 0.7280, 2.000
7.290, 0.7290, 0.9565
7.300, 0.7300, -0.3717
7.310, 0.7310, 0.1229
7.320, 0.7320, 2.397
7.330, 0.7330, -0.5919
7.340, 0.7340, 1.576
7.350, 0.7350, 1.964
7.360, 0.7360, -0.04456
7.370, 0.7370, 0.2869
7.380, 0.7380, 1.642
7.390, 0.7390, 0.5253
7.400, 0.7400, 2.329
7.410, 0.7410, 1.792
7.420, 0.7420, 2.296
7.430, 0.7430, 2.421
7.440, 0.7440, 1.438
7.450, 0.7450, 1.631
7.460, 0.7460, 3.295
7.470, 0.7470, 0.1367
7.480, 0.7480, 1.573
7.490, 0.7490, -0.07753
7.500, 0.7500, 1.067
7.510, 0.7510, 0.5010
7.520, 0.7520, -0.2597
7.530, 0.7530, 0.3991
7.540, 0.7540, 1.903
7.550, 0.7550, 0.3510
7.560, 0.7560, 0.5783
7.570, 0.7570, 0.4548
7.580, 0.7580, -0.2801
7.590, 0.7590, 0.6816
7.600, 0.7600, -0.5123
7.610, 0.7610, -0.2649
7.620, 0.7620, 1.560
7.630, 0.7630, -0.5780
7.640, 0.7640, 0.09389
7.650, 0.7650, 2.256
7.660, 0.7660, -1.291
7.670, 0.7670, 0.2175
7.680, 0.7680, 2.177
7.690, 0.7690, -0.7938
7.700, 0.7700, -0.06248
7.710, 0.7710, 1.423
7.720, 0.7720, -1.767
7.730, 0.7730, 0.03254
7.740, 0.7740, 1.035
7.750, 0.7750, -0.1311
7.760, 0.7760, 1.570
7.770, 0.7770, -1.059
7.780, 0.7780, 1.193
7.790, 0.7790, 1.416
7.800, 0.7800, 0.1914
7.810, 0.7810, 0.4191
7.820, 0.7820, 1.655
7.830, 0.7830, 0.9116
7.840, 0.7840, 2.425
7.850, 0.7850, 3.547
7.860, 0.7860, 1.298
7.870, 0.7870, 2.664
7.880, 0.7880, 2.286
7.890, 0.7890, 1.531
7.900, 0.7900, 1.482
7.910, 0.7910, 0.9539
7.920, 0.7920, 1.514
7.930, 0.7930, 0.04671
7.940, 0.7940, 0.6096
7.950, 0.7950, 1.105
7.960, 0.7960, 1.797
7.970, 0.7970, -0.5391
7.980, 0.7980, 0.8467
7.990, 0.7990, 0.4505
8.000, 0.8000, 1.656
8.010, 0.8010, 0.7200
8.020, 0.8020, 1.508
8.030, 0.8030, 0.4254
8.040, 0.8040, 0.09560
8.050, 0.8050, 1.196
8.060, 0.8060, -0.3440
8.070, 0.8070, 0.6202
8.080, 0.8080, 1.835
8.090, 0.8090, -0.5723
8.100, 0.8100, 0.1121
8.110, 0.8110, 1.417
8.120, 0.8120, -0.9616
8.130, 0.8130, 0.8452
8.140, 0.8140, 1.045
8.150, 0.8150, 0.007842
8.160, 0.8160, 1.921
8.170, 0.8170, -0.9917
8.180, 0.8180, -0.4980
8.190, 0.8190, 1.915
8.200, 0.8200, 0.3281
8.210, 0.8210, 0.1372
8.220, 0.8220, 1.033
8.230, 0.8230, 0.4617
8.240, 0.8240, 0.7472
8.250, 0.8250, 1.891
8.260, 0.8260, 1.682
8.270, 0.8270, 3.163
8.280, 0.8280, 1.171
8.290, 0.8290, 0.5085
8.300, 0.8300, 2.033
8.310, 0.8310, 1.163
8.320, 0.8320, 3.094
8.330, 0.8330, 1.543
8.340, 0.8340, 0.8402
8.350, 0.8350, 2.261
8.360, 0.8360, -0.3713
8.370, 0.8370, 0.03835
8.380, 0.8380, 1.468
8.390, 0.8390, -0.08346
8.400, 0.8400, 1.074
8.410, 0.8410, 1.261
8.420, 0.8420, 1.733
8.430, 0.8430, 0.3428
8.440, 0.8440, 1.940
8.450, 0.8450, 0.5156
8.460, 0.8460, 0.7604
8.470, 0.8470, 2.819
8.480, 0.8480, 0.2633
8.490, 0.8490, 1.604
8.500, 0.8500, 1.938
8.510, 0.8510, -1.299
8.520, 0.8520, 0.3408
8.530, 0.8530, 2.677
8.540, 0.8540, -0.9337
8.550, 0.8550, 0.9944
8.560, 0.8560, 1.143
8.570, 0.8570, -0.8705
8.580, 0.8580, 1.294
8.590, 0.8590, -0.6098
8.600, 0.8600, -0.1817
8.610, 0.8610, 1.744
8.620, 0.8620, 1.418
8.630, 0.8630, 0.3815
8.640, 0.8640, 2.161
8.650, 0.8650, 1.302
8.660, 0.8660, 1.687
8.670, 0.8670, 4.123
8.680, 0.8680, 0.8757
8.690, 0.8690, 2.538
8.700, 0.8700, 3.363
8.710, 0.8710, 1.724
8.720, 0.8720, 3.233
8.730, 0.8730, 1.996
8.740, 0.8740, 1.269
8.750, 0.8750, 2.903
8.760, 0.8760, -0.4108
8.770, 0.8770, 1.263
8.780, 0.8780, 2.441
8.790, 0.8790, 1.220
8.800, 0.8800, -0.5464
8.810, 0.8810, 1.551
8.820, 0.8820, 0.07226
8.830, 0.8830, 1.866
8.840, 0.8840, 0.5714
8.850, 0.8850, 0.1283
8.860, 0.8860, 2.398
8.870, 0.8870, 0.1131
8.880, 0.8880, 0.2488
8.890, 0.8890, 1.642
8.900, 0.8900, -0.1456
8.910, 0.8910, 2.086
8.920, 0.8920, -0.6618
8.930, 0.8930, 0.4784
8.940, 0.8940, 2.048
8.950, 0.8950, -0.7369
8.960, 0.8960, 0.7651
8.970, 0.8970, 1.914
8.980, 0.8980, -0.4028
8.990, 0.8990, -0.05339
9.000, 0.9000, 1.395
9.010, 0.9010, 0.5310
9.020, 0.9020, 1.713
9.030, 0.9030, 0.7428
9.040, 0.9040, 0.8355
9.050, 0.9050, 1.610
9.060, 0.9060, 0.4095
9.070, 0.9070, 2.551
9.080, 0.9080, 2.858
9.090, 0.9090, 0.8651
9.100, 0.9100, 3.268
9.110, 0.9110, 2.515
9.120, 0.9120, 3.098
9.130, 0.9130, 3.868
9.140, 0.9140, 1.720
9.150, 0.9150, 2.579
9.160, 0.9160, 1.595
9.170, 0.9170, 2.238
9.180, 0.9180, 2.291
9.190, 0.9190, -0.6542
9.200, 0.9200, 0.9150
9.210, 0.9210, 2.442
9.220, 0.9220, -0.06574
9.230, 0.9230, 1.476
9.240, 0.9240, 2.886
9.250, 0.9250, 0.5939
9.260, 0.9260, 1.005
9.270, 0.9270, 1.489
9.280, 0.9280, 0.5451
9.290, 0.9290, 1.895
9.300, 0.9300, 1.525
9.310, 0.9310, 1.231
9.320, 0.9320, 1.003
9.330, 0.9330, -1.466
9.340, 0.9340, 0.5475
9.350, 0.9350, 2.003
9.360, 0.9360, -0.7430
9.370, 0.9370, 1.072
9.380, 0.9380, 2.157
9.390, 0.9390, 0.3307
9.400, 0.9400, 1.207
9.410, 0.9410, 1.990
9.420, 0.9420, 0.9178
9.430, 0.9430, 0.6134
9.440, 0.9440, 2.280
9.450, 0.9450, 0.3465
9.460, 0.9460, 2.088
9.470, 0.9470, 1.153
9.480, 0.9480, 1.279
9.490, 0.9490, 1.482
9.500, 0.9500, 0.7957
9.510, 0.9510, 2.666
9.520, 0.9520, 1.530
9.530, 0.9530, 1.400
9.540, 0.9540, 2.647
9.550, 0.9550, 1.850
9.560, 0.9560, 2.514
9.570, 0.9570, 3.774
9.580, 0.9580, 1.888
9.590, 0.9590, 0.8861
9.600, 0.9600, 3.160
9.610, 0.9610, 1.336
9.620, 0.9620, 0.6944
9.630, 0.9630, 2.579
9.640, 0.9640, 0.4815
9.650, 0.9650, 2.016
9.660, 0.9660, 2.474
9.670, 0.9670, 0.4943
9.680, 0.9680, 1.765
9.690, 0.9690, 2.475
9.700, 0.9700, 0.8777
9.710, 0.9710, 1.551
9.720, 0.9720, -0.01388
9.730, 0.9730, 1.514
9.740, 0.9740, 3.365
9.750, 0.9750, -0.1209
9.760, 0.9760, 1.281
9.770, 0.9770, 2.674
9.780, 0.9780, 0.3242
9.790, 0.9790, 0.8728
9.800, 0.9800, 2.125
9.810, 0.9810, 1.261
9.820, 0.9820, 1.828
9.830, 0.9830, 2.132
9.840, 0.9840, 0.05124
9.850, 0.9850, 1.799
9.860, 0.9860, 1.136
9.870, 0.9870, 0.4848
9.880, 0.9880, 1.867
9.890, 0.9890, 2.095
9.900, 0.9900, 1.321
9.910, 0.9910, 1.527
9.920, 0.9920, 0.7322
9.930, 0.9930, 2.369
9.940, 0.9940, 5.072
9.950, 0.9950, 2.227
9.960, 0.9960, 3.221
9.970, 0.9970, 2.226
9.980, 0.9980, 3.241
9.990, 0.9990, 3.279
10.00, 1.000, 3.966
10.01, 1.001, -1.705
10.02, 1.002, 4.015
10.03, 1.003, 0.2116
10.04, 1.004, 1.162
10.05, 1.005, 3.272
10.06, 1.006, 1.272
10.07, 1.007, 3.007
10.08, 1.008, 2.172
10.09, 1.009, 0.7447
10.10, 1.010, 1.900
10.11, 1.011, 2.419
10.12, 1.012, 0.3623
10.13, 1.013, 0.8973
10.14, 1.014, 3.136
10.15, 1.015, 0.8295
10.16, 1.016, 2.742
10.17, 1.017, 1.764
10.18, 1.018, 0.1361
10.19, 1.019, 1.796
10.20, 1.020, 2.024
10.21, 1.021, 2.158
10.22, 1.022, 1.777
10.23, 1.023, 1.252
10.24, 1.024, 0.9231
10.25, 1.025, 3.089
10.26, 1.026, 1.551
10.27, 1.027, 1.375
10.28, 1.028, 3.098
10.29, 1.029, 1.632
10.30, 1.030, 2.033
10.31, 1.031, 3.079
10.32, 1.032, 2.398
10.33, 1.033, 0.3671
10.34, 1.034, 3.687
10.35, 1.035, 1.443
10.36, 1.036, 2.947
10.37, 1.037, 3.840
10.38, 1.038, 2.321
10.39, 1.039, 4.092
10.40, 1.040, 4.081
10.41, 1.041, 1.484
10.42, 1.042, 3.092
10.43, 1.043, 5.446
10.44, 1.044, 2.287
10.45, 1.045, 1.566
10.46, 1.046, 3.619
10.47, 1.047, 1.822
10.48, 1.048, 1.106
10.49, 1.049, 3.756
10.50, 1.050, 0.6339
10.51, 1.051, 2.574
10.52, 1.052, 5.439
10.53, 1.053, -0.3696
10.54, 1.054, 1.142
10.55, 1.055, 3.646
10.56, 1.056, 1.130
10.57, 1.057, 1.111
10.58, 1.058, 3.479
10.59, 1.059, -0.8386
10.60, 1.060, 1.442
10.61, 1.061, 2.997
10.62, 1.062, 1.570
10.63, 1.063, 2.900
10.64, 1.064, 3.793
10.65, 1.065, 2.342
10.66, 1.066, -0.02269
10.67, 1.067, 2.035
10.68, 1.068, 2.515
10.69, 1.069, 1.453
10.70, 1.070, 3.332
10.71, 1.071, 1.146
10.72, 1.072, 1.239
10.73, 1.073, 2.863
10.74, 1.074, 3.662
10.75, 1.075, 0.6919
10.76, 1.076, 2.470
10.77, 1.077, 2.156
10.78, 1.078, 1.705
10.79, 1.079, 1.959
10.80, 1.080, 5.243
10.81, 1.081, 2.694
10.82, 1.082, 5.280
10.83, 1.083, 4.458
10.84, 1.084, 3.133
10.85, 1.085, 2.806
10.86, 1.086, 3.978
10.87, 1.087, 2.935
10.88, 1.088, 3.367
10.89, 1.089, 2.430
10.90, 1.090, 2.822
10.91, 1.091, 5.256
10.92, 1.092, 1.135
10.93, 1.093, 2.711
10.94, 1.094, 4.533
10.95, 1.095, 1.944
10.96, 1.096, 2.805
10.97, 1.097, 4.078
10.98, 1.098, 1.077
10.99, 1.099, 3.072
11.00, 1.100, 2.773
11.01, 1.101, 1.006
11.02, 1.102, 3.279
11.03, 1.103, 1.799
11.04, 1.104, 1.292
11.05, 1.105, 4.501
11.06, 1.106, 1.860
11.07, 1.107, 1.990
11.08, 1.108, 4.299
11.09, 1.109, 2.423
11.10, 1.110, 2.733
11.11, 1.111, 3.472
11.12, 1.112, 2.877
11.13, 1.113, 3.945
11.14, 1.114, 2.891
11.15, 1.115, 1.226
11.16, 1.116, 4.455
11.17, 1.117, 5.359
11.18, 1.118, 3.652
11.19, 1.119, 3.167
11.20, 1.120, 4.760
11.21, 1.121, 3.953
11.22, 1.122, 3.852
11.23, 1.123, 5.870
11.24, 1.124, 3.414
11.25, 1.125, 6.037
11.26, 1.126, 3.026
11.27, 1.127, 4.075
11.28, 1.128, 4.313
11.29, 1.129, 2.976
11.30, 1.130, 4.809
11.31, 1.131, 4.942
11.32, 1.132, 2.234
11.33, 1.133, 3.137
11.34, 1.134, 5.830
11.35, 1.135, 3.644
11.36, 1.136, 4.708
11.37, 1.137, 2.671
11.38, 1.138, 1.531
11.39, 1.139, 4.233
11.40, 1.140, 2.601
11.41, 1.141, 3.576
11.42, 1.142, 5.061
11.43, 1.143, 1.872
11.44, 1.144, 4.265
11.45, 1.145, 6.392
11.46, 1.146, 2.989
11.47, 1.147, 4.497
11.48, 1.148, 2.960
11.49, 1.149, 3.195
11.50, 1.150, 3.377
11.51, 1.151, 5.026
11.52, 1.152, 1.829
11.53, 1.153, 4.023
11.54, 1.154, 3.344
11.55, 1.155, 3.093
11.56, 1.156, 3.980
11.57, 1.157, 3.751
11.58, 1.158, 4.592
11.59, 1.159, 3.781
11.60, 1.160, 2.951
11.61, 1.161, 4.785
11.62, 1.162, 5.696
11.63, 1.163, 4.439
11.64, 1.164, 6.905
11.65, 1.165, 6.130
11.66, 1.166, 6.951
11.67, 1.167, 8.017
11.68, 1.168, 4.178
11.69, 1.169, 5.935
11.70, 1.170, 6.081
11.71, 1.171, 2.484
11.72, 1.172, 6.266
11.73, 1.173, 5.654
11.74, 1.174, 3.923
11.75, 1.175, 5.953
11.76, 1.176, 5.358
11.77, 1.177, 5.124
11.78, 1.178, 6.704
11.79, 1.179, 3.914
11.80, 1.180, 5.265
11.81, 1.181, 5.355
11.82, 1.182, 4.649
11.83, 1.183, 5.180
11.84, 1.184, 4.754
11.85, 1.185, 4.365
11.86, 1.186, 5.199
11.87, 1.187, 3.854
11.88, 1.188, 5.150
11.89, 1.189, 4.699
11.90, 1.190, 4.878
11.91, 1.191, 6.142
11.92, 1.192, 4.321
11.93, 1.193, 5.989
11.94, 1.194, 6.556
11.95, 1.195, 3.471
11.96, 1.196, 6.326
11.97, 1.197, 6.276
11.98, 1.198, 3.869
11.99, 1.199, 5.738
12.00, 1.200, 5.831
12.01, 1.201, 5.704
12.02, 1.202, 5.901
12.03, 1.203, 5.957
12.04, 1.204, 6.517
12.05, 1.205, 9.476
12.06, 1.206, 6.712
12.07, 1.207, 8.298
12.08, 1.208, 9.509
12.09, 1.209, 6.067
12.10, 1.210, 8.434
12.11, 1.211, 7.530
12.12, 1.212, 7.150
12.13, 1.213, 9.238
12.14, 1.214, 6.475
12.15, 1.215, 7.544
12.16, 1.216, 8.993
12.17, 1.217, 5.845
12.18, 1.218, 7.065
12.19, 1.219, 8.191
12.20, 1.220, 7.392
12.21, 1.221, 7.080
12.22, 1.222, 5.555
12.23, 1.223, 6.562
12.24, 1.224, 9.768
12.25, 1.225, 6.973
12.26, 1.226, 8.373
12.27, 1.227, 9.119
12.28, 1.228, 5.323
12.29, 1.229, 8.090
12.30, 1.230, 9.521
12.31, 1.231, 7.694
12.32, 1.232, 8.060
12.33, 1.233, 9.808
12.34, 1.234, 9.190
12.35, 1.235, 9.118
12.36, 1.236, 7.716
12.37, 1.237, 9.076
12.38, 1.238, 11.02
12.39, 1.239, 8.989
12.40, 1.240, 8.552
12.41, 1.241, 11.43
12.42, 1.242, 8.682
12.43, 1.243, 8.569
12.44, 1.244, 10.99
12.45, 1.245, 9.597
12.46, 1.246, 12.16
12.47, 1.247, 12.80
12.48, 1.248, 11.34
12.49, 1.249, 14.51
12.50, 1.250, 11.52
12.51, 1.251, 10.45
12.52, 1.252, 13.10
12.53, 1.253, 12.26
12.54, 1.254, 14.07
12.55, 1.255, 14.03
12.56, 1.256, 10.97
12.57, 1.257, 12.40
12.58, 1.258, 14.11
12.59, 1.259, 12.14
12.60, 1.260, 12.89
12.61, 1.261, 13.91
12.62, 1.262, 13.23
12.63, 1.263, 14.75
12.64, 1.264, 12.78
12.65, 1.265, 14.58
12.66, 1.266, 12.44
12.67, 1.267, 14.24
12.68, 1.268, 15.61
12.69, 1.269, 12.99
12.70, 1.270, 14.59
12.71, 1.271, 15.62
12.72, 1.272, 14.92
12.73, 1.273, 17.31
12.74, 1.274, 16.22
12.75, 1.275, 16.14
12.76, 1.276, 17.26
12.77, 1.277, 16.14
12.78, 1.278, 17.86
12.79, 1.279, 18.58
12.80, 1.280, 17.22
12.81, 1.281, 18.02
12.82, 1.282, 20.26
12.83, 1.283, 17.80
12.84, 1.284, 19.46
12.85, 1.285, 18.64
12.86, 1.286, 21.54
12.87, 1.287, 22.32
12.88, 1.288, 20.49
12.89, 1.289, 22.41
12.90, 1.290, 24.93
12.91, 1.291, 22.31
12.92, 1.292, 25.14
12.93, 1.293, 24.89
12.94, 1.294, 24.21
12.95, 1.295, 25.60
12.96, 1.296, 26.55
12.97, 1.297, 26.21
12.98, 1.298, 27.34
12.99, 1.299, 24.99
13.00, 1.300, 28.75
13.01, 1.301, 29.19
13.02, 1.302, 26.92
13.03, 1.303, 29.29
13.04, 1.304, 31.46
13.05, 1.305, 28.82
13.06, 1.306, 30.27
13.07, 1.307, 31.59
13.08, 1.308, 30.95
13.09, 1.309, 32.67
13.10, 1.310, 31.96
13.11, 1.311, 34.12
13.12, 1.312, 35.63
13.13, 1.313, 33.52
13.14, 1.314, 34.76
13.15, 1.315, 36.93
13.16, 1.316, 35.74
13.17, 1.317, 37.29
13.18, 1.318, 38.20
13.19, 1.319, 36.74
13.20, 1.320, 38.55
13.21, 1.321, 40.43
13.22, 1.322, 40.56
13.23, 1.323, 42.06
13.24, 1.324, 43.18
13.25, 1.325, 40.77
13.26, 1.326, 42.50
13.27, 1.327, 46.68
13.28, 1.328, 45.16
13.29, 1.329, 46.92
13.30, 1.330, 47.44
13.31, 1.331, 48.50
13.32, 1.332, 50.21
13.33, 1.333, 53.35
13.34, 1.334, 51.14
13.35, 1.335, 53.15
13.36, 1.336, 55.13
13.37, 1.337, 51.98
13.38, 1.338, 54.73
13.39, 1.339, 58.41
13.40, 1.340, 56.52
13.41, 1.341, 56.27
13.42, 1.342, 58.62
13.43, 1.343, 58.08
13.44, 1.344, 59.64
13.45, 1.345, 62.79
13.46, 1.346, 59.91
13.47, 1.347, 59.94
13.48, 1.348, 63.40
13.49, 1.349, 62.32
13.50, 1.350, 64.92
13.51, 1.351, 66.65
13.52, 1.352, 63.74
13.53, 1.353, 66.81
13.54, 1.354, 69.74
13.55, 1.355, 66.72
13.56, 1.356, 69.36
13.57, 1.357, 70.05
13.58, 1.358, 71.45
13.59, 1.359, 72.03
13.60, 1.360, 71.72
13.61, 1.361, 70.28
13.62, 1.362, 73.82
13.63, 1.363, 74.29
13.64, 1.364, 72.90
13.65, 1.365, 76.33
13.66, 1.366, 76.08
13.67, 1.367, 75.57
13.68, 1.368, 77.45
13.69, 1.369, 77.87
13.70, 1.370, 77.02
13.71, 1.371, 80.69
13.72, 1.372, 78.02
13.73, 1.373, 80.80
13.74, 1.374, 81.51
13.75, 1.375, 81.34
13.76, 1.376, 82.21
13.77, 1.377, 81.59
13.78, 1.378, 80.34
13.79, 1.379, 82.97
13.80, 1.380, 83.38
13.81, 1.381, 81.46
13.82, 1.382, 82.47
13.83, 1.383, 81.63
13.84, 1.384, 82.23
13.85, 1.385, 83.94
13.86, 1.386, 81.54
13.87, 1.387, 83.79
13.88, 1.388, 84.93
13.89, 1.389, 83.45
13.90, 1.390, 81.58
13.91, 1.391, 83.87
13.92, 1.392, 82.23
13.93, 1.393, 82.95
13.94, 1.394, 82.52
13.95, 1.395, 79.96
13.96, 1.396, 83.01
13.97, 1.397, 82.50
13.98, 1.398, 79.88
13.99, 1.399, 81.02
14.00, 1.400, 80.43
14.01, 1.401, 79.11
14.02, 1.402, 80.67
14.03, 1.403, 80.53
14.04, 1.404, 77.28
14.05, 1.405, 80.07
14.06, 1.406, 77.02
14.07, 1.407, 75.64
14.08, 1.408, 76.57
14.09, 1.409, 75.01
14.10, 1.410, 72.73
14.11, 1.411, 76.68
14.12, 1.412, 73.06
14.13, 1.413, 74.20
14.14, 1.414, 73.59
14.15, 1.415, 72.67
14.16, 1.416, 74.39
14.17, 1.417, 70.57
14.18, 1.418, 70.95
14.19, 1.419, 73.31
14.20, 1.420, 69.12
14.21, 1.421, 69.69
14.22, 1.422, 71.18
14.23, 1.423, 65.85
14.24, 1.424, 68.29
14.25, 1.425, 67.20
14.26, 1.426, 66.26
14.27, 1.427, 65.04
14.28, 1.428, 62.54
14.29, 1.429, 62.33
14.30, 1.430, 63.56
14.31, 1.431, 59.58
14.32, 1.432, 60.29
14.33, 1.433, 61.05
14.34, 1.434, 59.87
14.35, 1.435, 59.92
14.36, 1.436, 59.60
14.37, 1.437, 57.28
14.38, 1.438, 60.06
14.39, 1.439, 54.51
14.40, 1.440, 54.58
14.41, 1.441, 57.24
14.42, 1.442, 55.27
14.43, 1.443, 55.14
14.44, 1.444, 56.59
14.45, 1.445, 53.20
14.46, 1.446, 53.72
14.47, 1.447, 54.48
14.48, 1.448, 51.92
14.49, 1.449, 53.32
14.50, 1.450, 51.05
14.51, 1.451, 50.32
14.52, 1.452, 52.39
14.53, 1.453, 51.94
14.54, 1.454, 51.29
14.55, 1.455, 48.92
14.56, 1.456, 48.93
14.57, 1.457, 52.46
14.58, 1.458, 50.91
14.59, 1.459, 51.59
14.60, 1.460, 51.35
14.61, 1.461, 49.94
14.62, 1.462, 49.54
14.63, 1.463, 50.00
14.64, 1.464, 47.26
14.65, 1.465, 49.91
14.66, 1.466, 50.98
14.67, 1.467, 46.05
14.68, 1.468, 47.83
14.69, 1.469, 49.73
14.70, 1.470, 47.51
14.71, 1.471, 45.74
14.72, 1.472, 49.27
14.73, 1.473, 45.97
14.74, 1.474, 47.74
14.75, 1.475, 46.18
14.76, 1.476, 44.66
14.77, 1.477, 46.41
14.78, 1.478, 45.38
14.79, 1.479, 45.14
14.80, 1.480, 47.70
14.81, 1.481, 46.68
14.82, 1.482, 45.99
14.83, 1.483, 47.85
14.84, 1.484, 43.17
14.85, 1.485, 44.95
14.86, 1.486, 47.33
14.87, 1.487, 43.81
14.88, 1.488, 45.26
14.89, 1.489, 45.95
14.90, 1.490, 44.35
14.91, 1.491, 46.13
14.92, 1.492, 43.07
14.93, 1.493, 44.07
14.94, 1.494, 43.08
14.95, 1.495, 42.34
14.96, 1.496, 45.82
14.97, 1.497, 44.69
14.98, 1.498, 43.26
14.99, 1.499, 45.78
15.00, 1.500, 44.87
15.01, 1.501, 40.17
15.02, 1.502, 46.43
15.03, 1.503, 43.42
15.04, 1.504, 44.14
15.05, 1.505, 44.21
15.06, 1.506, 43.03
15.07, 1.507, 45.85
15.08, 1.508, 43.51
15.09, 1.509, 43.58
15.10, 1.510, 44.46
15.11, 1.511, 41.54
15.12, 1.512, 43.72
15.13, 1.513, 44.56
15.14, 1.514, 41.13
15.15, 1.515, 43.78
15.16, 1.516, 43.46
15.17, 1.517, 42.25
15.18, 1.518, 44.77
15.19, 1.519, 41.50
15.20, 1.520, 42.25
15.21, 1.521, 43.03
15.22, 1.522, 41.17
15.23, 1.523, 42.78
15.24, 1.524, 43.27
15.25, 1.525, 41.03
15.26, 1.526, 42.30
15.27, 1.527, 43.36
15.28, 1.528, 43.36
15.29, 1.529, 44.68
15.30, 1.530, 41.78
15.31, 1.531, 42.24
15.32, 1.532, 44.15
15.33, 1.533, 41.25
15.34, 1.534, 43.54
15.35, 1.535, 41.65
15.36, 1.536, 43.13
15.37, 1.537, 44.68
15.38, 1.538, 42.29
15.39, 1.539, 44.08
15.40, 1.540, 46.05
15.41, 1.541, 43.06
15.42, 1.542, 44.12
15.43, 1.543, 46.37
15.44, 1.544, 41.94
15.45, 1.545, 45.06
15.46, 1.546, 44.43
15.47, 1.547, 44.70
15.48, 1.548, 43.28
15.49, 1.549, 42.17
15.50, 1.550, 43.49
15.51, 1.551, 46.08
15.52, 1.552, 41.63
15.53, 1.553, 45.13
15.54, 1.554, 43.64
15.55, 1.555, 43.19
15.56, 1.556, 44.94
15.57, 1.557, 42.15
15.58, 1.558, 43.74
15.59, 1.559, 43.67
15.60, 1.560, 43.06
15.61, 1.561, 43.90
15.62, 1.562, 43.88
15.63, 1.563, 44.22
15.64, 1.564, 43.75
15.65, 1.565, 43.67
15.66, 1.566, 44.43
15.67, 1.567, 42.71
15.68, 1.568, 44.59
15.69, 1.569, 44.20
15.70, 1.570, 40.88
15.71, 1.571, 43.63
15.72, 1.572, 43.33
15.73, 1.573, 43.54
15.74, 1.574, 44.53
15.75, 1.575, 43.68
15.76, 1.576, 44.11
15.77, 1.577, 43.57
15.78, 1.578, 43.50
15.79, 1.579, 45.80
15.80, 1.580, 43.98
15.81, 1.581, 44.04
15.82, 1.582, 45.54
15.83, 1.583, 42.68
15.84, 1.584, 44.84
15.85, 1.585, 46.46
15.86, 1.586, 46.92
15.87, 1.587, 47.07
15.88, 1.588, 44.10
15.89, 1.589, 46.57
15.90, 1.590, 47.44
15.91, 1.591, 44.16
15.92, 1.592, 47.03
15.93, 1.593, 45.16
15.94, 1.594, 44.83
15.95, 1.595, 46.40
15.96, 1.596, 43.84
15.97, 1.597, 45.95
15.98, 1.598, 47.05
15.99, 1.599, 44.82
16.00, 1.600, 46.36
16.01, 1.601, 46.40
16.02, 1.602, 45.22
16.03, 1.603, 47.32
16.04, 1.604, 46.52
16.05, 1.605, 44.66
16.06, 1.606, 45.93
16.07, 1.607, 46.58
16.08, 1.608, 46.28
16.09, 1.609, 48.05
16.10, 1.610, 45.75
16.11, 1.611, 47.47
16.12, 1.612, 46.97
16.13, 1.613, 46.24
16.14, 1.614, 47.63
16.15, 1.615, 46.71
16.16, 1.616, 47.06
16.17, 1.617, 48.42
16.18, 1.618, 46.41
16.19, 1.619, 46.63
16.20, 1.620, 48.72
16.21, 1.621, 46.94
16.22, 1.622, 48.79
16.23, 1.623, 48.98
16.24, 1.624, 48.07
16.25, 1.625, 50.16
16.26, 1.626, 47.66
16.27, 1.627, 50.06
16.28, 1.628, 51.43
16.29, 1.629, 50.41
16.30, 1.630, 52.04
16.31, 1.631, 48.31
16.32, 1.632, 50.39
16.33, 1.633, 49.98
16.34, 1.634, 48.89
16.35, 1.635, 50.11
16.36, 1.636, 51.50
16.37, 1.637, 51.12
16.38, 1.638, 49.79
16.39, 1.639, 49.75
16.40, 1.640, 50.13
16.41, 1.641, 48.99
16.42, 1.642, 50.31
16.43, 1.643, 51.07
16.44, 1.644, 49.69
16.45, 1.645, 52.44
16.46, 1.646, 49.76
16.47, 1.647, 49.61
16.48, 1.648, 52.64
16.49, 1.649, 49.85
16.50, 1.650, 51.60
16.51, 1.651, 53.51
16.52, 1.652, 50.56
16.53, 1.653, 52.90
16.54, 1.654, 51.52
16.55, 1.655, 53.56
16.56, 1.656, 54.07
16.57, 1.657, 52.02
16.58, 1.658, 53.97
16.59, 1.659, 51.84
16.60, 1.660, 53.18
16.61, 1.661, 54.07
16.62, 1.662, 51.17
16.63, 1.663, 54.28
16.64, 1.664, 54.42
16.65, 1.665, 53.46
16.66, 1.666, 55.92
16.67, 1.667, 53.84
16.68, 1.668, 56.13
16.69, 1.669, 56.69
16.70, 1.670, 55.45
16.71, 1.671, 58.68
16.72, 1.672, 56.50
16.73, 1.673, 56.01
16.74, 1.674, 57.64
16.75, 1.675, 56.44
16.76, 1.676, 57.38
16.77, 1.677, 57.08
16.78, 1.678, 56.82
16.79, 1.679, 57.23
16.80, 1.680, 56.52
16.81, 1.681, 57.94
16.82, 1.682, 59.20
16.83, 1.683, 57.95
16.84, 1.684, 58.83
16.85, 1.685, 56.96
16.86, 1.686, 58.94
16.87, 1.687, 61.26
16.88, 1.688, 58.47
16.89, 1.689, 58.78
16.90, 1.690, 60.40
16.91, 1.691, 57.95
16.92, 1.692, 60.10
16.93, 1.693, 59.89
16.94, 1.694, 60.85
16.95, 1.695, 60.56
16.96, 1.696, 59.50
16.97, 1.697, 61.95
16.98, 1.698, 62.28
16.99, 1.699, 59.61
17.00, 1.700, 61.47
17.01, 1.701, 62.58
17.02, 1.702, 61.85
17.03, 1.703, 64.62
17.04, 1.704, 63.36
17.05, 1.705, 62.43
17.06, 1.706, 63.96
17.07, 1.707, 63.22
17.08, 1.708, 64.39
17.09, 1.709, 66.02
17.10, 1.710, 65.64
17.11, 1.711, 68.41
17.12, 1.712, 65.48
17.13, 1.713, 67.62
17.14, 1.714, 69.08
17.15, 1.715, 67.89
17.16, 1.716, 68.00
17.17, 1.717, 69.95
17.18, 1.718, 67.42
17.19, 1.719, 69.77
17.20, 1.720, 66.98
17.21, 1.721, 67.78
17.22, 1.722, 69.90
17.23, 1.723, 69.77
17.24, 1.724, 69.59
17.25, 1.725, 70.41
17.26, 1.726, 70.49
17.27, 1.727, 71.50
17.28, 1.728, 70.65
17.29, 1.729, 72.55
17.30, 1.730, 73.86
17.31, 1.731, 70.56
17.32, 1.732, 73.31
17.33, 1.733, 73.06
17.34, 1.734, 72.31
17.35, 1.735, 75.02
17.36, 1.736, 76.24
17.37, 1.737, 72.93
17.38, 1.738, 74.82
17.39, 1.739, 73.75
17.40, 1.740, 75.49
17.41, 1.741, 77.84
17.42, 1.742, 74.74
17.43, 1.743, 77.44
17.44, 1.744, 79.87
17.45, 1.745, 75.13
17.46, 1.746, 77.28
17.47, 1.747, 80.69
17.48, 1.748, 77.21
17.49, 1.749, 78.99
17.50, 1.750, 82.13
17.51, 1.751, 79.61
17.52, 1.752, 81.50
17.53, 1.753, 79.71
17.54, 1.754, 81.83
17.55, 1.755, 83.20
17.56, 1.756, 82.36
17.57, 1.757, 82.91
17.58, 1.758, 83.59
17.59, 1.759, 83.79
17.60, 1.760, 86.28
17.61, 1.761, 83.04
17.62, 1.762, 85.93
17.63, 1.763, 86.29
17.64, 1.764, 85.36
17.65, 1.765, 87.22
17.66, 1.766, 87.41
17.67, 1.767, 86.37
17.68, 1.768, 88.40
17.69, 1.769, 87.54
17.70, 1.770, 89.06
17.71, 1.771, 90.66
17.72, 1.772, 90.29
17.73, 1.773, 90.57
17.74, 1.774, 90.46
17.75, 1.775, 91.54
17.76, 1.776, 93.09
17.77, 1.777, 92.65
17.78, 1.778, 94.02
17.79, 1.779, 95.84
17.80, 1.780, 93.33
17.81, 1.781, 95.52
17.82, 1.782, 97.45
17.83, 1.783, 94.76
17.84, 1.784, 97.49
17.85, 1.785, 96.24
17.86, 1.786, 97.61
17.87, 1.787, 99.44
17.88, 1.788, 96.31
17.89, 1.789, 99.19
17.90, 1.790, 99.86
17.91, 1.791, 99.65
17.92, 1.792, 99.73
17.93, 1.793, 99.99
17.94, 1.794, 99.96
17.95, 1.795, 99.87
17.96, 1.796, 99.98
17.97, 1.797, 100.0
17.98, 1.798, 99.93
17.99, 1.799, 100.0
18.00, 1.800, 100.0
18.01, 1.801, 100.0
18.02, 1.802, 100.0
18.03, 1.803, 100.0
18.04, 1.804, 100.0
18.05, 1.805, 100.0
18.06, 1.806, 100.0
18.07, 1.807, 100.0
18.08, 1.808, 100.0
18.09, 1.809, 100.0
18.10, 1.810, 100.0
18.11, 1.811, 100.0
18.12, 1.812, 100.0
18.13, 1.813, 100.0
18.14, 1.814, 100.0
18.15, 1.815, 100.0
18.16, 1.816, 100.0
18.17, 1.817, 100.0
18.18, 1.818, 100.0
18.19, 1.819, 100.0
18.20, 1.820, 100.0
18.21, 1.821, 100.0
18.22, 1.822, 100.0
18.23, 1.823, 100.0
18.24, 1.824, 100.0
18.25, 1.825, 100.0
18.26, 1.826, 100.0
18.27, 1.827, 100.0
18.28, 1.828, 100.0
18.29, 1.829, 100.0
18.30, 1.830, 100.0
18.31, 1.831, 100.0
18.32, 1.832, 100.0
18.33, 1.833, 100.0
18.34, 1.834, 100.0
18.35, 1.835, 100.0
18.36, 1.836, 100.0
18.37, 1.837, 100.0
18.38, 1.838, 100.0
18.39, 1.839, 100.0
18.40, 1.840, 100.0
18.41, 1.841, 100.0
18.42, 1.842, 100.0
18.43, 1.843, 100.0
18.44, 1.844, 100.0
18.45, 1.845, 100.0
18.46, 1.846, 100.0
18.47, 1.847, 100.0
18.48, 1.848, 100.0
18.49, 1.849, 100.0
18.50, 1.850, 100.0
18.51, 1.851, 100.0
18.52, 1.852, 100.0
18.53, 1.853, 100.0
18.54, 1.854, 100.0
18.55, 1.855, 100.0
18.56, 1.856, 100.0
18.57, 1.857, 100.0
18.58, 1.858, 100.0
18.59, 1.859, 100.0
18.60, 1.860, 100.0
18.61, 1.861, 100.0
18.62, 1.862, 100.0
18.63, 1.863, 100.0
18.64, 1.864, 100.0
18.65, 1.865, 100.0
18.66, 1.866, 100.0
18.67, 1.867, 100.0
18.68, 1.868, 100.0
18.69, 1.869, 100.0
18.70, 1.870, 100.0
18.71, 1.871, 100.0
18.72, 1.872, 100.0
18.73, 1.873, 100.0
18.74, 1.874, 100.0
18.75, 1.875, 100.0
18.76, 1.876, 100.0
18.77, 1.877, 100.0
18.78, 1.878, 100.0
18.79, 1.879, 100.0
18.80, 1.880, 100.0
18.81, 1.881, 100.0
18.82, 1.882, 100.0
18.83, 1.883, 100.0
18.84, 1.884, 100.0
18.85, 1.885, 100.0
18.86, 1.886, 100.0
18.87, 1.887, 100.0
18.88, 1.888, 100.0
18.89, 1.889, 100.0
18.90, 1.890, 100.0
18.91, 1.891, 100.0
18.92, 1.892, 100.0
18.93, 1.893, 100.0
18.94, 1.894, 100.0
18.95, 1.895, 100.0
18.96, 1.896, 100.0
18.97, 1.897, 100.0
18.98, 1.898, 100.0
18.99, 1.899, 100.0
19.00, 1.900, 100.0
19.01, 1.901, 100.0
19.02, 1.902, 100.0
19.03, 1.903, 100.0
19.04, 1.904, 100.0
19.05, 1.905, 100.0
19.06, 1.906, 100.0
19.07, 1.907, 100.0
19.08, 1.908, 100.0
19.09, 1.909, 100.0
19.10, 1.910, 100.0
19.11, 1.911, 100.0
19.12, 1.912, 100.0
19.13, 1.913, 100.0
19.14, 1.914, 100.0
19.15, 1.915, 100.0
19.16, 1.916, 100.0
19.17, 1.917, 100.0
19.18, 1.918, 100.0
19.19, 1.919, 100.0
19.20, 1.920, 100.0
19.21, 1.921, 100.0
19.22, 1.922, 100.0
19.23, 1.923, 100.0
19.24, 1.924, 100.0
19.25, 1.925, 100.0
19.26, 1.926, 100.0
19.27, 1.927, 100.0
19.28, 1.928, 100.0
19.29, 1.929, 100.0
19.30, 1.930, 100.0
19.31, 1.931, 100.0
19.32, 1.932, 100.0
19.33, 1.933, 100.0
19.34, 1.934, 100.0
19.35, 1.935, 100.0
19.36, 1.936, 100.0
19.37, 1.937, 100.0
19.38, 1.938, 100.0
19.39, 1.939, 100.0
19.40, 1.940, 100.0
19.41, 1.941, 100.0
19.42, 1.942, 100.0
19.43, 1.943, 100.0
19.44, 1.944, 100.0
19.45, 1.945, 100.0
19.46, 1.946, 100.0
19.47, 1.947, 100.0
19.48, 1.948, 100.0
19.49, 1.949, 100.0
19.50, 1.950, 100.0
19.51, 1.951, 100.0
19.52, 1.952, 100.0
19.53, 1.953, 100.0
19.54, 1.954, 100.0
19.55, 1.955, 100.0
19.56, 1.956, 100.0
19.57, 1.957, 100.0
19.58, 1.958, 100.0
19.59, 1.959, 100.0
19.60, 1.960, 100.0
19.61, 1.961, 100.0
19.62, 1.962, 100.0
19.63, 1.963, 100.0
19.64, 1.964, 100.0
19.65, 1.965, 100.0
19.66, 1.966, 100.0
19.67, 1.967, 100.0
19.68, 1.968, 100.0
19.69, 1.969, 100.0
19.70, 1.970, 100.0
19.71, 1.971, 100.0
19.72, 1.972, 100.0
19.73, 1.973, 100.0
19.74, 1.974, 100.0
19.75, 1.975, 100.0
19.76, 1.976, 100.0
19.77, 1.977, 100.0
19.78, 1.978, 100.0
19.79, 1.979, 100.0
19.80, 1.980, 100.0
19.81, 1.981, 100.0
19.82, 1.982, 100.0
19.83, 1.983, 100.0
19.84, 1.984, 100.0
19.85, 1.985, 100.0
19.86, 1.986, 100.0
19.87, 1.987, 100.0
19.88, 1.988, 100.0
19.89, 1.989, 100.0
19.90, 1.990, 100.0
19.91, 1.991, 100.0
19.92, 1.992, 100.0
19.93, 1.993, 100.0
19.94, 1.994, 100.0
19.95, 1.995, 100.0
19.96, 1.996, 100.0
19.97, 1.997, 100.0
19.98, 1.998, 100.0
19.99, 1.999, 100.0
20.00, 2.000, 100.0
20.01, 1.999, 100.0
20.02, 1.998, 100.0
20.03, 1.997, 100.0
20.04, 1.996, 100.0
20.05, 1.995, 100.0
20.06, 1.994, 100.0
20.07, 1.993, 100.0
20.08, 1.992, 100.0
20.09, 1.991, 100.0
20.10, 1.990, 100.0
20.11, 1.989, 100.0
20.12, 1.988, 100.0
20.13, 1.987, 100.0
20.14, 1.986, 100.0
20.15, 1.985, 100.0
20.16, 1.984, 100.0
20.17, 1.983, 100.0
20.18, 1.982, 100.0
20.19, 1.981, 100.0
20.20, 1.980, 100.0
20.21, 1.979, 100.0
20.22, 1.978, 100.0
20.23, 1.977, 100.0
20.24, 1.976, 100.0
20.25, 1.975, 100.0
20.26, 1.974, 100.0
20.27, 1.973, 100.0
20.28, 1.972, 100.0
20.29, 1.971, 100.0
20.30, 1.970, 100.0
20.31, 1.969, 100.0
20.32, 1.968, 100.0
20.33, 1.967, 100.0
20.34, 1.966, 100.0
20.35, 1.965, 100.0
20.36, 1.964, 100.0
20.37, 1.963, 100.0
20.38, 1.962, 100.0
20.39, 1.961, 100.0
20.40, 1.960, 100.0
20.41, 1.959, 100.0
20.42, 1.958, 100.0
20.43, 1.957, 100.0
20.44, 1.956, 100.0
20.45, 1.955, 100.0
20.46, 1.954, 100.0
20.47, 1.953, 100.0
20.48, 1.952, 100.0
20.49, 1.951, 100.0
20.50, 1.950, 100.0
20.51, 1.949, 100.0
20.52, 1.948, 100.0
20.53, 1.947, 100.0
20.54, 1.946, 100.0
20.55, 1.945, 100.0
20.56, 1.944, 100.0
20.57, 1.943, 100.0
20.58, 1.942, 100.0
20.59, 1.941, 100.0
20.60, 1.940, 100.0
20.61, 1.939, 100.0
20.62, 1.938, 100.0
20.63, 1.937, 100.0
20.64, 1.936, 100.0
20.65, 1.935, 100.0
20.66, 1.934, 100.0
20.67, 1.933, 100.0
20.68, 1.932, 100.0
20.69, 1.931, 100.0
20.70, 1.930, 100.0
20.71, 1.929, 100.0
20.72, 1.928, 100.0
20.73, 1.927, 100.0
20.74, 1.926, 100.0
20.75, 1.925, 100.0
20.76, 1.924, 100.0
20.77, 1.923, 100.0
20.78, 1.922, 100.0
20.79, 1.921, 100.0
20.80, 1.920, 100.0
20.81, 1.919, 100.0
20.82, 1.918, 100.0
20.83, 1.917, 100.0
20.84, 1.916, 100.0
20.85, 1.915, 100.0
20.86, 1.914, 100.0
20.87, 1.913, 100.0
20.88, 1.912, 100.0
20.89, 1.911, 100.0
20.90, 1.910, 100.0
20.91, 1.909, 100.0
20.92, 1.908, 100.0
20.93, 1.907, 100.0
20.94, 1.906, 100.0
20.95, 1.905, 100.0
20.96, 1.904, 100.0
20.97, 1.903, 100.0
20.98, 1.902, 100.0
20.99, 1.901, 100.0
21.00, 1.900, 100.0
21.01, 1.899, 100.0
21.02, 1.898, 100.0
21.03, 1.897, 100.0
21.04, 1.896, 100.0
21.05, 1.895, 100.0
21.06, 1.894, 100.0
21.07, 1.893, 100.0
21.08, 1.892, 100.0
21.09, 1.891, 100.0
21.10, 1.890, 100.0
21.11, 1.889, 100.0
21.12, 1.888, 100.0
21.13, 1.887, 100.0
21.14, 1.886, 100.0
21.15, 1.885, 100.0
21.16, 1.884, 100.0
21.17, 1.883, 100.0
21.18, 1.882, 100.0
21.19, 1.881, 100.0
21.20, 1.880, 100.0
21.21, 1.879, 100.0
21.22, 1.878, 100.0
21.23, 1.877, 100.0
21.24, 1.876, 100.0
21.25, 1.875, 100.0
21.26, 1.874, 100.0
21.27, 1.873, 100.0
21.28, 1.872, 100.0
21.29, 1.871, 100.0
21.30, 1.870, 100.0
21.31, 1.869, 100.0
21.32, 1.868, 100.0
21.33, 1.867, 100.0
21.34, 1.866, 100.0
21.35, 1.865, 100.0
21.36, 1.864, 100.0
21.37, 1.863, 99.63
21.38, 1.862, 100.0
21.39, 1.861, 99.76
21.40, 1.860, 98.42
21.41, 1.859, 99.08
21.42, 1.858, 99.54
21.43, 1.857, 97.87
21.44, 1.856, 98.31
21.45, 1.855, 98.92
21.46, 1.854, 96.40
21.47, 1.853, 96.39
21.48, 1.852, 95.22
21.49, 1.851, 92.90
21.50, 1.850, 92.59
21.51, 1.849, 90.66
21.52, 1.848, 91.31
21.53, 1.847, 90.54
21.54, 1.846, 90.28
21.55, 1.845, 87.68
21.56, 1.844, 89.10
21.57, 1.843, 84.89
21.58, 1.842, 84.57
21.59, 1.841, 85.63
21.60, 1.840, 84.41
21.61, 1.839, 83.10
21.62, 1.838, 83.44
21.63, 1.837, 79.34
21.64, 1.836, 79.42
21.65, 1.835, 80.21
21.66, 1.834, 78.63
21.67, 1.833, 77.69
21.68, 1.832, 77.72
21.69, 1.831, 76.31
21.70, 1.830, 75.74
21.71, 1.829, 75.06
21.72, 1.828, 72.21
21.73, 1.827, 72.78
21.74, 1.826, 70.90
21.75, 1.825, 69.38
21.76, 1.824, 70.24
21.77, 1.823, 66.59
21.78, 1.822, 67.67
21.79, 1.821, 67.63
21.80, 1.820, 67.53
21.81, 1.819, 65.91
21.82, 1.818, 66.31
21.83, 1.817, 64.67
21.84, 1.816, 64.13
21.85, 1.815, 65.24
21.86, 1.814, 61.05
21.87, 1.813, 63.72
21.88, 1.812, 61.82
21.89, 1.811, 60.14
21.90, 1.810, 61.27
21.91, 1.809, 59.76
21.92, 1.808, 60.27
21.93, 1.807, 60.37
21.94, 1.806, 57.61
21.95, 1.805, 57.03
21.96, 1.804, 57.31
21.97, 1.803, 57.77
21.98, 1.802, 54.85
21.99, 1.801, 55.53
22.00, 1.800, 56.35
22.01, 1.799, 53.95
22.02, 1.798, 53.39
22.03, 1.797, 53.84
22.04, 1.796, 51.90
22.05, 1.795, 52.55
22.06, 1.794, 52.13
22.07, 1.793, 49.76
22.08, 1.792, 51.45
22.09, 1.791, 50.72
22.10, 1.790, 48.16
22.11, 1.789, 49.81
22.12, 1.788, 47.29
22.13, 1.787, 47.00
22.14, 1.786, 48.42
22.15, 1.785, 44.57
22.16, 1.784, 46.90
22.17, 1.783, 47.03
22.18, 1.782, 44.10
22.19, 1.781, 44.37
22.20, 1.780, 44.73
22.21, 1.779, 41.72
22.22, 1.778, 44.00
22.23, 1.777, 44.11
22.24, 1.776, 41.03
22.25, 1.775, 41.70
22.26, 1.774, 41.95
22.27, 1.773, 40.83
22.28, 1.772, 42.04
22.29, 1.771, 41.74
22.30, 1.770, 39.36
22.31, 1.769, 40.55
22.32, 1.768, 40.85
22.33, 1.767, 38.32
22.34, 1.766, 38.70
22.35, 1.765, 38.33
22.36, 1.764, 37.41
22.37, 1.763, 39.42
22.38, 1.762, 36.24
22.39, 1.761, 37.38
22.40, 1.760, 37.89
22.41, 1.759, 35.01
22.42, 1.758, 35.97
22.43, 1.757, 37.93
22.44, 1.756, 34.77
22.45, 1.755, 34.93
22.46, 1.754, 36.43
22.47, 1.753, 33.37
22.48, 1.752, 33.54
22.49, 1.751, 34.63
22.50, 1.750, 31.71
22.51, 1.749, 33.77
22.52, 1.748, 35.24
22.53, 1.747, 31.99
22.54, 1.746, 33.44
22.55, 1.745, 34.07
22.56, 1.744, 31.15
22.57, 1.743, 31.10
22.58, 1.742, 32.52
22.59, 1.741, 29.90
22.60, 1.740, 31.04
22.61, 1.739, 29.64
22.62, 1.738, 29.31
22.63, 1.737, 30.48
22.64, 1.736, 27.53
22.65, 1.735, 29.68
22.66, 1.734, 31.05
22.67, 1.733, 28.19
22.68, 1.732, 29.09
22.69, 1.731, 30.24
22.70, 1.730, 27.98
22.71, 1.729, 28.50
22.72, 1.728, 28.84
22.73, 1.727, 28.08
22.74, 1.726, 28.38
22.75, 1.725, 26.77
22.76, 1.724, 28.66
22.77, 1.723, 28.04
22.78, 1.722, 24.36
22.79, 1.721, 26.23
22.80, 1.720, 28.57
22.81, 1.719, 25.90
22.82, 1.718, 25.61
22.83, 1.717, 27.01
22.84, 1.716, 25.13
22.85, 1.715, 25.48
22.86, 1.714, 25.37
22.87, 1.713, 23.95
22.88, 1.712, 26.81
22.89, 1.711, 24.01
22.90, 1.710, 23.84
22.91, 1.709, 25.89
22.92, 1.708, 22.91
22.93, 1.707, 24.38
22.94, 1.706, 24.70
22.95, 1.705, 23.33
22.96, 1.704, 23.32
22.97, 1.703, 23.92
22.98, 1.702, 21.71
22.99, 1.701, 23.88
23.00, 1.700, 22.89
23.01, 1.699, 20.55
23.02, 1.698, 23.53
23.03, 1.697, 20.90
23.04, 1.696, 21.48
23.05, 1.695, 23.28
23.06, 1.694, 20.43
23.07, 1.693, 21.17
23.08, 1.692, 21.51
23.09, 1.691, 21.25
23.10, 1.690, 22.26
23.11, 1.689, 21.38
23.12, 1.688, 21.93
23.13, 1.687, 21.72
23.14, 1.686, 19.39
23.15, 1.685, 21.58
23.16, 1.684, 21.75
23.17, 1.683, 18.30
23.18, 1.682, 20.25
23.19, 1.681, 21.64
23.20, 1.680, 19.59
23.21, 1.679, 20.69
23.22, 1.678, 19.89
23.23, 1.677, 18.05
23.24, 1.676, 19.61
23.25, 1.675, 19.70
23.26, 1.674, 19.00
23.27, 1.673, 19.56
23.28, 1.672, 20.44
23.29, 1.671, 18.45
23.30, 1.670, 19.70
23.31, 1.669, 18.67
23.32, 1.668, 18.01
23.33, 1.667, 18.70
23.34, 1.666, 19.40
23.35, 1.665, 17.41
23.36, 1.664, 18.00
23.37, 1.663, 18.49
23.38, 1.662, 16.48
23.39, 1.661, 17.76
23.40, 1.660, 19.28
23.41, 1.659, 15.23
23.42, 1.658, 16.92
23.43, 1.657, 17.64
23.44, 1.656, 15.54
23.45, 1.655, 15.88
23.46, 1.654, 16.89
23.47, 1.653, 15.51
23.48, 1.652, 16.64
23.49, 1.651, 17.42
23.50, 1.650, 16.11
23.51, 1.649, 16.92
23.52, 1.648, 17.18
23.53, 1.647, 15.92
23.54, 1.646, 16.58
23.55, 1.645, 17.40
23.56, 1.644, 16.27
23.57, 1.643, 15.74
23.58, 1.642, 17.69
23.59, 1.641, 15.48
23.60, 1.640, 15.64
23.61, 1.639, 16.60
23.62, 1.638, 15.39
23.63, 1.637, 16.99
23.64, 1.636, 15.93
23.65, 1.635, 14.20
23.66, 1.634, 16.27
23.67, 1.633, 15.83
23.68, 1.632, 14.01
23.69, 1.631, 17.08
23.70, 1.630, 16.45
23.71, 1.629, 13.77
23.72, 1.628, 16.28
23.73, 1.627, 16.83
23.74, 1.626, 14.40
23.75, 1.625, 15.38
23.76, 1.624, 16.20
23.77, 1.623, 13.73
23.78, 1.622, 14.88
23.79, 1.621, 15.42
23.80, 1.620, 14.93
23.81, 1.619, 14.93
23.82, 1.618, 13.52
23.83, 1.617, 14.83
23.84, 1.616, 13.66
23.85, 1.615, 13.10
23.86, 1.614, 14.14
23.87, 1.613, 13.61
23.88, 1.612, 12.16
23.89, 1.611, 13.24
23.90, 1.610, 15.18
23.91, 1.609, 13.00
23.92, 1.608, 15.18
23.93, 1.607, 13.52
23.94, 1.606, 13.40
23.95, 1.605, 14.55
23.96, 1.604, 10.99
23.97, 1.603, 13.30
23.98, 1.602, 15.12
23.99, 1.601, 12.79
24.00, 1.600, 13.74
24.01, 1.599, 14.81
24.02, 1.598, 13.44
24.03, 1.597, 13.95
24.04, 1.596, 14.29
24.05, 1.595, 12.44
24.06, 1.594, 13.87
24.07, 1.593, 13.82
24.08, 1.592, 11.52
24.09, 1.591, 13.96
24.10, 1.590, 14.10
24.11, 1.589, 13.31
24.12, 1.588, 14.10
24.13, 1.587, 11.78
24.14, 1.586, 13.47
24.15, 1.585, 14.26
24.16, 1.584, 13.15
24.17, 1.583, 12.18
24.18, 1.582, 13.73
24.19, 1.581, 12.08
24.20, 1.580, 12.95
24.21, 1.579, 14.02
24.22, 1.578, 11.78
24.23, 1.577, 12.13
24.24, 1.576, 13.37
24.25, 1.575, 10.59
24.26, 1.574, 10.78
24.27, 1.573, 12.49
24.28, 1.572, 11.56
24.29, 1.571, 11.88
24.30, 1.570, 12.20
24.31, 1.569, 10.73
24.32, 1.568, 11.80
24.33, 1.567, 12.89
24.34, 1.566, 10.72
24.35, 1.565, 12.56
24.36, 1.564, 13.86
24.37, 1.563, 12.04
24.38, 1.562, 12.27
24.39, 1.561, 13.22
24.40, 1.560, 10.63
24.41, 1.559, 11.28
24.42, 1.558, 13.56
24.43, 1.557, 10.93
24.44, 1.556, 11.70
24.45, 1.555, 11.60
24.46, 1.554, 11.19
24.47, 1.553, 11.70
24.48, 1.552, 10.37
24.49, 1.551, 12.71
24.50, 1.550, 13.18
24.51, 1.549, 10.16
24.52, 1.548, 10.42
24.53, 1.547, 13.18
24.54, 1.546, 12.40
24.55, 1.545, 11.19
24.56, 1.544, 12.03
24.57, 1.543, 11.26
24.58, 1.542, 12.09
24.59, 1.541, 13.81
24.60, 1.540, 10.68
24.61, 1.539, 11.64
24.62, 1.538, 12.67
24.63, 1.537, 11.33
24.64, 1.536, 11.50
24.65, 1.535, 11.14
24.66, 1.534, 8.541
24.67, 1.533, 9.983
24.68, 1.532, 12.56
24.69, 1.531, 8.600
24.70, 1.530, 9.679
24.71, 1.529, 10.75
24.72, 1.528, 9.487
24.73, 1.527, 10.86
24.74, 1.526, 11.07
24.75, 1.525, 8.437
24.76, 1.524, 10.59
24.77, 1.523, 11.91
24.78, 1.522, 8.849
24.79, 1.521, 10.20
24.80, 1.520, 10.39
24.81, 1.519, 9.577
24.82, 1.518, 10.31
24.83, 1.517, 11.78
24.84, 1.516, 9.034
24.85, 1.515, 11.13
24.86, 1.514, 11.59
24.87, 1.513, 10.45
24.88, 1.512, 10.95
24.89, 1.511, 11.91
24.90, 1.510, 8.872
24.91, 1.509, 11.84
24.92, 1.508, 10.83
24.93, 1.507, 9.987
24.94, 1.506, 10.37
24.95, 1.505, 9.748
24.96, 1.504, 10.11
24.97, 1.503, 12.32
24.98, 1.502, 10.47
24.99, 1.501, 9.892
25.00, 1.500, 10.91
25.01, 1.499, 9.624
25.02, 1.498, 9.459
25.03, 1.497, 10.13
25.04, 1.496, 10.50
25.05, 1.495, 11.21
25.06, 1.494, 10.95
25.07, 1.493, 8.114
25.08, 1.492, 10.86
25.09, 1.491, 9.541
25.10, 1.490, 9.084
25.11, 1.489, 10.83
25.12, 1.488, 8.462
25.13, 1.487, 8.207
25.14, 1.486, 9.519
25.15, 1.485, 8.500
25.16, 1.484, 9.043
25.17, 1.483, 9.458
25.18, 1.482, 8.012
25.19, 1.481, 10.34
25.20, 1.480, 9.908
25.21, 1.479, 8.938
25.22, 1.478, 10.27
25.23, 1.477, 9.321
25.24, 1.476, 9.467
25.25, 1.475, 11.03
25.26, 1.474, 9.393
25.27, 1.473, 10.19
25.28, 1.472, 10.73
25.29, 1.471, 8.685
25.30, 1.470, 8.406
25.31, 1.469, 10.78
25.32, 1.468, 9.000
25.33, 1.467, 9.025
25.34, 1.466, 11.49
25.35, 1.465, 9.408
25.36, 1.464, 10.50
25.37, 1.463, 10.09
25.38, 1.462, 7.764
25.39, 1.461, 9.188
25.40, 1.460, 10.85
25.41, 1.459, 8.180
25.42, 1.458, 8.793
25.43, 1.457, 10.48
25.44, 1.456, 8.650
25.45, 1.455, 9.036
25.46, 1.454, 10.30
25.47, 1.453, 8.377
25.48, 1.452, 9.166
25.49, 1.451, 9.662
25.50, 1.450, 6.658
25.51, 1.449, 7.245
25.52, 1.448, 8.901
25.53, 1.447, 7.373
25.54, 1.446, 7.706
25.55, 1.445, 8.079
25.56, 1.444, 6.453
25.57, 1.443, 8.751
25.58, 1.442, 9.019
25.59, 1.441, 6.201
25.60, 1.440, 7.376
25.61, 1.439, 9.101
25.62, 1.438, 7.794
25.63, 1.437, 7.900
25.64, 1.436, 9.462
25.65, 1.435, 6.019
25.66, 1.434, 7.737
25.67, 1.433, 9.364
25.68, 1.432, 8.655
25.69, 1.431, 7.247
25.70, 1.430, 8.580
25.71, 1.429, 7.117
25.72, 1.428, 6.743
25.73, 1.427, 7.694
25.74, 1.426, 9.105
25.75, 1.425, 7.376
25.76, 1.424, 7.740
25.77, 1.423, 9.646
25.78, 1.422, 6.507
25.79, 1.421, 8.075
25.80, 1.420, 9.404
25.81, 1.419, 6.742
25.82, 1.418, 6.580
25.83, 1.417, 7.910
25.84, 1.416, 7.845
25.85, 1.415, 5.993
25.86, 1.414, 8.925
25.87, 1.413, 9.869
25.88, 1.412, 6.458
25.89, 1.411, 7.385
25.90, 1.410, 9.238
25.91, 1.409, 6.004
25.92, 1.408, 5.680
25.93, 1.407, 7.791
25.94, 1.406, 7.073
25.95, 1.405, 4.580
25.96, 1.404, 5.154
25.97, 1.403, 6.176
25.98, 1.402, 5.372
25.99, 1.401, 5.900
26.00, 1.400, 7.512
26.01, 1.399, 6.140
26.02, 1.398, 5.391
26.03, 1.397, 6.923
26.04, 1.396, 4.364
26.05, 1.395, 4.870
26.06, 1.394, 6.108
26.07, 1.393, 6.525
26.08, 1.392, 5.130
26.09, 1.391, 7.343
26.10, 1.390, 6.443
26.11, 1.389, 5.412
26.12, 1.388, 5.485
26.13, 1.387, 6.663
26.14, 1.386, 6.646
26.15, 1.385, 6.199
26.16, 1.384, 7.201
26.17, 1.383, 5.139
26.18, 1.382, 6.181
26.19, 1.381, 6.662
26.20, 1.380, 5.848
26.21, 1.379, 5.439
26.22, 1.378, 5.648
26.23, 1.377, 4.791
26.24, 1.376, 5.451
26.25, 1.375, 7.510
26.26, 1.374, 3.357
26.27, 1.373, 4.388
26.28, 1.372, 6.342
26.29, 1.371, 4.412
26.30, 1.370, 5.122
26.31, 1.369, 5.830
26.32, 1.368, 3.613
26.33, 1.367, 3.440
26.34, 1.366, 5.894
26.35, 1.365, 3.601
26.36, 1.364, 3.420
26.37, 1.363, 4.110
26.38, 1.362, 4.826
26.39, 1.361, 1.825
26.40, 1.360, 5.555
26.41, 1.359, 4.049
26.42, 1.358, 3.283
26.43, 1.357, 3.915
26.44, 1.356, 3.777
26.45, 1.355, 1.555
26.46, 1.354, 3.892
26.47, 1.353, 5.139
26.48, 1.352, 2.115
26.49, 1.351, 4.062
26.50, 1.350, 4.129
26.51, 1.349, 3.012
26.52, 1.348, 4.599
26.53, 1.347, 4.612
26.54, 1.346, 2.751
26.55, 1.345, 3.475
26.56, 1.344, 5.627
26.57, 1.343, 1.946
26.58, 1.342, 4.187
26.59, 1.341, 4.124
26.60, 1.340, 0.9672
26.61, 1.339, 3.260
26.62, 1.338, 4.834
26.63, 1.337, 1.925
26.64, 1.336, 2.005
26.65, 1.335, 3.498
26.66, 1.334, 2.131
26.67, 1.333, 2.619
26.68, 1.332, 4.073
26.69, 1.331, 4.644
26.70, 1.330, 2.276
26.71, 1.329, 1.958
26.72, 1.328, 2.211
26.73, 1.327, 1.468
26.74, 1.326, 3.236
26.75, 1.325, 3.876
26.76, 1.324, 1.958
26.77, 1.323, 2.761
26.78, 1.322, 1.162
26.79, 1.321, 1.227
26.80, 1.320, 1.071
26.81, 1.319, 0.2822
26.82, 1.318, 0.2397
26.83, 1.317, 1.794
26.84, 1.316, 3.075
26.85, 1.315, 0.7826
26.86, 1.314, 0.6770
26.87, 1.313, 3.432
26.88, 1.312, -1.016
26.89, 1.311, 2.103
26.90, 1.310, 2.289
26.91, 1.309, 0.6648
26.92, 1.308, 1.240
26.93, 1.307, 1.109
26.94, 1.306, 0.4492
26.95, 1.305, 1.317
26.96, 1.304, 1.636
26.97, 1.303, 2.400
26.98, 1.302, 0.4643
26.99, 1.301, 1.902
27.00, 1.300, -0.1745
27.01, 1.299, 1.444
27.02, 1.298, 2.997
27.03, 1.297, 0.5606
27.04, 1.296, -0.04460
27.05, 1.295, 1.744
27.06, 1.294, 0.5146
27.07, 1.293, 0.5388
27.08, 1.292, 1.680
27.09, 1.291, 1.336
27.10, 1.290, -0.5851
27.11, 1.289, 0.8460
27.12, 1.288, 3.000
27.13, 1.287, 0.6142
27.14, 1.286, 0.7519
27.15, 1.285, -0.4180
27.16, 1.284, -0.2102
27.17, 1.283, 1.744
27.18, 1.282, 2.890
27.19, 1.281, -1.299
27.20, 1.280, 0.02013
27.21, 1.279, 0.1159
27.22, 1.278, -2.042
27.23, 1.277, -0.9702
27.24, 1.276, -0.2423
27.25, 1.275, -1.946
27.26, 1.274, -0.9458
27.27, 1.273, 0.3607
27.28, 1.272, -1.436
27.29, 1.271, -1.292
27.30, 1.270, 1.541
27.31, 1.269, -1.479
27.32, 1.268, -0.5338
27.33, 1.267, 1.189
27.34, 1.266, -0.9250
27.35, 1.265, -0.5094
27.36, 1.264, 0.9815
27.37, 1.263, 0.2506
27.38, 1.262, -0.8873
27.39, 1.261, 0.5980
27.40, 1.260, 0.9236
27.41, 1.259, -2.174
27.42, 1.258, -0.6163
27.43, 1.257, 0.8462
27.44, 1.256, 0.6187
27.45, 1.255, 0.3628
27.46, 1.254, 0.7702
27.47, 1.253, -1.558
27.48, 1.252, -0.8724
27.49, 1.251, 1.992
27.50, 1.250, -1.823
27.51, 1.249, 0.4595
27.52, 1.248, 1.167
27.53, 1.247, 1.129
27.54, 1.246, -1.074
27.55, 1.245, 0.7164
27.56, 1.244, -1.112
27.57, 1.243, -0.6737
27.58, 1.242, 0.5709
27.59, 1.241, -0.2192
27.60, 1.240, -2.956
27.61, 1.239, -0.06298
27.62, 1.238, 1.043
27.63, 1.237, -1.891
27.64, 1.236, -1.534
27.65, 1.235, -2.071
27.66, 1.234, -4.179
27.67, 1.233, -1.315
27.68, 1.232, -1.235
27.69, 1.231, -1.158
27.70, 1.230, -1.521
27.71, 1.229, -1.589
27.72, 1.228, 0.6896
27.73, 1.227, -2.351
27.74, 1.226, -0.3970
27.75, 1.225, -0.1400
27.76, 1.224, -2.153
27.77, 1.223, -0.6883
27.78, 1.222, 1.083
27.79, 1.221, -0.8658
27.80, 1.220, -1.236
27.81, 1.219, 1.405
27.82, 1.218, -1.222
27.83, 1.217, -1.289
27.84, 1.216, -1.166
27.85, 1.215, -0.1174
27.86, 1.214, -1.330
27.87, 1.213, -0.8876
27.88, 1.212, 1.740
27.89, 1.211, -1.260
27.90, 1.210, -0.6459
27.91, 1.209, -1.876
27.92, 1.208, -2.129
27.93, 1.207, -0.3123
27.94, 1.206, 1.333
27.95, 1.205, -2.188
27.96, 1.204, -2.202
27.97, 1.203, 0.2130
27.98, 1.202, -2.141
27.99, 1.201, -0.8591
28.00, 1.200, 0.6672
28.01, 1.199, -1.676
28.02, 1.198, -2.442
28.03, 1.197, -0.7019
28.04, 1.196, -1.050
28.05, 1.195, -2.386
28.06, 1.194, -1.616
28.07, 1.193, -0.9133
28.08, 1.192, -2.237
28.09, 1.191, -2.381
28.10, 1.190, -1.567
28.11, 1.189, -2.647
28.12, 1.188, -0.5353
28.13, 1.187, -0.6391
28.14, 1.186, -2.166
28.15, 1.185, -0.5969
28.16, 1.184, -0.7478
28.17, 1.183, -3.010
28.18, 1.182, -1.251
28.19, 1.181, -1.468
28.20, 1.180, -1.867
28.21, 1.179, -0.7791
28.22, 1.178, -0.2723
28.23, 1.177, -2.214
28.24, 1.176, -1.530
28.25, 1.175, -0.1871
28.26, 1.174, -2.591
28.27, 1.173, -1.596
28.28, 1.172, -1.729
28.29, 1.171, -2.242
28.30, 1.170, 0.5386
28.31, 1.169, -1.193
28.32, 1.168, -2.015
28.33, 1.167, 0.006898
28.34, 1.166, -0.7450
28.35, 1.165, -1.163
28.36, 1.164, -0.2533
28.37, 1.163, 0.2825
28.38, 1.162, -1.682
28.39, 1.161, -0.4422
28.40, 1.160, -1.731
28.41, 1.159, -1.699
28.42, 1.158, -0.1244
28.43, 1.157, -2.919
28.44, 1.156, -1.576
28.45, 1.155, -0.4231
28.46, 1.154, -3.441
28.47, 1.153, -2.453
28.48, 1.152, -0.9536
28.49, 1.151, -3.010
28.50, 1.150, -2.665
28.51, 1.149, -1.987
28.52, 1.148, -2.913
28.53, 1.147, -2.423
28.54, 1.146, -2.196
28.55, 1.145, -1.500
28.56, 1.144, -3.057
28.57, 1.143, -0.7602
28.58, 1.142, -1.298
28.59, 1.141, -2.195
28.60, 1.140, -0.7839
28.61, 1.139, -1.900
28.62, 1.138, -3.527
28.63, 1.137, -1.301
28.64, 1.136, -0.1867
28.65, 1.135, -2.649
28.66, 1.134, -1.742
28.67, 1.133, -0.2844
28.68, 1.132, -2.840
28.69, 1.131, -1.349
28.70, 1.130, -0.2225
28.71, 1.129, 0.1085
28.72, 1.128, -2.779
28.73, 1.127, 0.5245
28.74, 1.126, -2.206
28.75, 1.125, -1.343
28.76, 1.124, -0.8424
28.77, 1.123, -0.8852
28.78, 1.122, -1.940
28.79, 1.121, -0.8640
28.80, 1.120, 0.4901
28.81, 1.119, -1.882
28.82, 1.118, -1.263
28.83, 1.117, -0.2677
28.84, 1.116, -0.9180
28.85, 1.115, -0.01594
28.86, 1.114, -1.950
28.87, 1.113, -3.939
28.88, 1.112, -2.819
28.89, 1.111, -0.3317
28.90, 1.110, -3.146
28.91, 1.109, -2.888
28.92, 1.108, -2.496
28.93, 1.107, -2.617
28.94, 1.106, -0.9138
28.95, 1.105, -0.7857
28.96, 1.104, -4.305
28.97, 1.103, -2.310
28.98, 1.102, -0.5052
28.99, 1.101, -1.947
29.00, 1.100, -1.465
29.01, 1.099, 0.9676
29.02, 1.098, -3.788
29.03, 1.097, -1.947
29.04, 1.096, -0.9011
29.05, 1.095, 0.2591
29.06, 1.094, -1.576
29.07, 1.093, -1.124
29.08, 1.092, -3.249
29.09, 1.091, -0.9671
29.10, 1.090, -0.1087
29.11, 1.089, -2.035
29.12, 1.088, -1.999
29.13, 1.087, -0.7481
29.14, 1.086, -1.519
29.15, 1.085, -1.473
29.16, 1.084, -0.5442
29.17, 1.083, -2.675
29.18, 1.082, -1.474
29.19, 1.081, -0.5688
29.20, 1.080, -1.746
29.21, 1.079, -2.290
29.22, 1.078, -0.6307
29.23, 1.077, -2.756
29.24, 1.076, -1.183
29.25, 1.075, -0.9879
29.26, 1.074, -0.02011
29.27, 1.073, -2.789
29.28, 1.072, -1.780
29.29, 1.071, -2.376
29.30, 1.070, -3.532
29.31, 1.069, -2.720
29.32, 1.068, -1.618
29.33, 1.067, -3.581
29.34, 1.066, -2.201
29.35, 1.065, -3.141
29.36, 1.064, -3.530
29.37, 1.063, -0.7549
29.38, 1.062, -2.310
29.39, 1.061, -3.516
29.40, 1.060, -1.126
29.41, 1.059, -2.093
29.42, 1.058, -2.923
29.43, 1.057, -2.132
29.44, 1.056, -0.7484
29.45, 1.055, -2.255
29.46, 1.054, -1.585
29.47, 1.053, -0.4195
29.48, 1.052, -3.683
29.49, 1.051, -0.9722
29.50, 1.050, -0.5779
29.51, 1.049, -2.809
29.52, 1.048, -0.4760
29.53, 1.047, -0.03914
29.54, 1.046, -3.134
29.55, 1.045, -1.517
29.56, 1.044, 0.5636
29.57, 1.043, -3.522
29.58, 1.042, -2.006
29.59, 1.041, -0.6000
29.60, 1.040, -2.560
29.61, 1.039, -2.660
29.62, 1.038, -0.4027
29.63, 1.037, -2.741
29.64, 1.036, -1.085
29.65, 1.035, -0.8169
29.66, 1.034, -2.562
29.67, 1.033, -2.471
29.68, 1.032, 0.5966
29.69, 1.031, -2.352
29.70, 1.030, -2.330
29.71, 1.029, -1.297
29.72, 1.028, -1.620
29.73, 1.027, -4.796
29.74, 1.026, -2.514
29.75, 1.025, -2.974
29.76, 1.024, -3.085
29.77, 1.023, -3.520
29.78, 1.022, -0.7973
29.79, 1.021, -3.899
29.80, 1.020, -2.420
29.81, 1.019, -1.714
29.82, 1.018, -2.920
29.83, 1.017, -2.228
29.84, 1.016, -1.152
29.85, 1.015, -3.423
29.86, 1.014, -2.727
29.87, 1.013, -0.9459
29.88, 1.012, -1.480
29.89, 1.011, -2.287
29.90, 1.010, -1.290
29.91, 1.009, -2.184
29.92, 1.008, -3.242
29.93, 1.007, -1.141
29.94, 1.006, -1.052
29.95, 1.005, -2.027
29.96, 1.004, -1.910
29.97, 1.003, -0.7115
29.98, 1.002, -2.776
29.99, 1.001, -1.584
30.00, 1.000, -1.176
30.01, 0.9990, -0.7945
30.02, 0.9980, -2.233
30.03, 0.9970, -0.6266
30.04, 0.9960, -1.795
30.05, 0.9950, -3.193
30.06, 0.9940, -2.187
30.07, 0.9930, -0.7531
30.08, 0.9920, -2.690
30.09, 0.9910, -1.052
30.10, 0.9900, -0.7424
30.11, 0.9890, -2.667
30.12, 0.9880, -1.615
30.13, 0.9870, -0.9239
30.14, 0.9860, -3.273
30.15, 0.9850, -1.611
30.16, 0.9840, -1.361
30.17, 0.9830, -4.394
30.18, 0.9820, -3.610
30.19, 0.9810, -2.683
30.20, 0.9800, -1.908
30.21, 0.9790, -3.687
30.22, 0.9780, -2.733
30.23, 0.9770, -2.713
30.24, 0.9760, -3.527
30.25, 0.9750, -0.9975
30.26, 0.9740, -1.248
30.27, 0.9730, -2.407
30.28, 0.9720, -1.856
30.29, 0.9710, -1.575
30.30, 0.9700, -2.506
30.31, 0.9690, -1.097
30.32, 0.9680, -0.2440
30.33, 0.9670, -3.770
30.34, 0.9660, -1.482
30.35, 0.9650, -1.279
30.36, 0.9640, -0.9972
30.37, 0.9630, -2.020
30.38, 0.9620, -1.118
30.39, 0.9610, -3.080
30.40, 0.9600, -1.546
30.41, 0.9590, -1.507
30.42, 0.9580, -0.1761
30.43, 0.9570, -2.238
30.44, 0.9560, -2.151
30.45, 0.9550, -1.916
30.46, 0.9540, -3.058
30.47, 0.9530, -1.835
30.48, 0.9520, -1.438
30.49, 0.9510, -1.611
30.50, 0.9500, -1.089
30.51, 0.9490, -1.042
30.52, 0.9480, -1.815
30.53, 0.9470, -1.654
30.54, 0.9460, -0.5840
30.55, 0.9450, -3.846
30.56, 0.9440, -2.819
30.57, 0.9430, -1.287
30.58, 0.9420, -4.543
30.59, 0.9410, -4.200
30.60, 0.9400, -2.241
30.61, 0.9390, -4.439
30.62, 0.9380, -1.141
30.63, 0.9370, -1.449
30.64, 0.9360, -3.619
30.65, 0.9350, -2.959
30.66, 0.9340, -1.373
30.67, 0.9330, -2.699
30.68, 0.9320, -2.542
30.69, 0.9310, -1.430
30.70, 0.9300, -2.587
30.71, 0.9290, -2.832
30.72, 0.9280, -1.499
30.73, 0.9270, -2.340
30.74, 0.9260, -2.045
30.75, 0.9250, -0.7933
30.76, 0.9240, -1.380
30.77, 0.9230, -2.271
30.78, 0.9220, -1.053
30.79, 0.9210, -1.137
30.80, 0.9200, -3.107
30.81, 0.9190, -2.014
30.82, 0.9180, -1.790
30.83, 0.9170, -2.154
30.84, 0.9160, -1.455
30.85, 0.9150, -1.512
30.86, 0.9140, -2.629
30.87, 0.9130, -1.677
30.88, 0.9120, -2.274
30.89, 0.9110, -2.057
30.90, 0.9100, -1.605
30.91, 0.9090, -2.551
30.92, 0.9080, -2.147
30.93, 0.9070, -1.234
30.94, 0.9060, -0.2622
30.95, 0.9050, -2.769
30.96, 0.9040, -1.493
30.97, 0.9030, -1.171
30.98, 0.9020, -3.095
30.99, 0.9010, -2.298
31.00, 0.9000, -2.404
31.01, 0.8990, -3.664
31.02, 0.8980, -3.339
31.03, 0.8970, -2.440
31.04, 0.8960, -3.648
31.05, 0.8950, -2.513
31.06, 0.8940, -2.445
31.07, 0.8930, -3.113
31.08, 0.8920, -2.835
31.09, 0.8910, -0.7536
31.10, 0.8900, -3.504
31.11, 0.8890, -3.219
31.12, 0.8880, -0.7325
31.13, 0.8870, -2.154
31.14, 0.8860, -1.955
31.15, 0.8850, -1.737
31.16, 0.8840, -3.180
31.17, 0.8830, -0.9741
31.18, 0.8820, -0.9954
31.19, 0.8810, -1.392
31.20, 0.8800, -2.111
31.21, 0.8790, -2.070
31.22, 0.8780, -2.587
31.23, 0.8770, -3.213
31.24, 0.8760, -1.068
31.25, 0.8750, -1.985
31.26, 0.8740, -2.132
31.27, 0.8730, -1.771
31.28, 0.8720, -3.601
31.29, 0.8710, -1.964
31.30, 0.8700, -0.5068
31.31, 0.8690, -2.401
31.32, 0.8680, -1.195
31.33, 0.8670, -1.227
31.34, 0.8660, -1.237
31.35, 0.8650, -2.734
31.36, 0.8640, -0.8458
31.37, 0.8630, -3.525
31.38, 0.8620, -3.208
31.39, 0.8610, -0.6480
31.40, 0.8600, -0.9694
31.41, 0.8590, -3.781
31.42, 0.8580, -2.921
31.43, 0.8570, -3.589
31.44, 0.8560, -4.236
31.45, 0.8550, -1.931
31.46, 0.8540, -2.553
31.47, 0.8530, -3.280
31.48, 0.8520, -2.632
31.49, 0.8510, -3.401
31.50, 0.8500, -2.972
31.51, 0.8490, -1.635
31.52, 0.8480, -2.699
31.53, 0.8470, -3.264
31.54, 0.8460, -2.431
31.55, 0.8450, -2.977
31.56, 0.8440, -2.865
31.57, 0.8430, -1.862
31.58, 0.8420, -3.028
31.59, 0.8410, -2.406
31.60, 0.8400, -0.5474
31.61, 0.8390, -3.095
31.62, 0.8380, -2.494
31.63, 0.8370, -2.107
31.64, 0.8360, -2.501
31.65, 0.8350, -2.701
31.66, 0.8340, -1.615
31.67, 0.8330, -3.807
31.68, 0.8320, -3.119
31.69, 0.8310, -1.358
31.70, 0.8300, -0.1243
31.71, 0.8290, -2.691
31.72, 0.8280, -2.686
31.73, 0.8270, -0.7450
31.74, 0.8260, -2.878
31.75, 0.8250, -2.779
31.76, 0.8240, -1.899
31.77, 0.8230, -3.122
31.78, 0.8220, -1.856
31.79, 0.8210, -1.899
31.80, 0.8200, -3.469
31.81, 0.8190, -2.639
31.82, 0.8180, -1.817
31.83, 0.8170, -4.818
31.84, 0.8160, -3.506
31.85, 0.8150, -3.566
31.86, 0.8140, -4.515
31.87, 0.8130, -1.654
31.88, 0.8120, -3.008
31.89, 0.8110, -5.158
31.90, 0.8100, -3.077
31.91, 0.8090, -2.896
31.92, 0.8080, -3.111
31.93, 0.8070, -2.856
31.94, 0.8060, -1.953
31.95, 0.8050, -2.891
31.96, 0.8040, -3.902
31.97, 0.8030, -1.764
31.98, 0.8020, -3.640
31.99, 0.8010, -3.629
32.00, 0.8000, -2.918
32.01, 0.7990, -2.608
32.02, 0.7980, -3.535
32.03, 0.7970, -1.633
32.04, 0.7960, -1.103
32.05, 0.7950, -2.347
32.06, 0.7940, -2.274
32.07, 0.7930, -3.566
32.08, 0.7920, -2.856
32.09, 0.7910, -1.016
32.10, 0.7900, -3.605
32.11, 0.7890, -2.545
32.12, 0.7880, -0.4761
32.13, 0.7870, -1.892
32.14, 0.7860, -2.098
32.15, 0.7850, -2.268
32.16, 0.7840, -3.926
32.17, 0.7830, -2.716
32.18, 0.7820, -1.720
32.19, 0.7810, -3.467
32.20, 0.7800, -2.956
32.21, 0.7790, -1.421
32.22, 0.7780, -4.229
32.23, 0.7770, -2.268
32.24, 0.7760, -1.230
32.25, 0.7750, -4.027
32.26, 0.7740, -4.275
32.27, 0.7730, -2.566
32.28, 0.7720, -4.608
32.29, 0.7710, -3.316
32.30, 0.7700, -2.520
32.31, 0.7690, -4.351
32.32, 0.7680, -2.736
32.33, 0.7670, -2.538
32.34, 0.7660, -2.917
32.35, 0.7650, -2.782
32.36, 0.7640, -2.144
32.37, 0.7630, -3.904
32.38, 0.7620, -2.618
32.39, 0.7610, -1.100
32.40, 0.7600, -3.774
32.41, 0.7590, -2.529
32.42, 0.7580, -2.244
32.43, 0.7570, -2.833
32.44, 0.7560, -2.968
32.45, 0.7550, -2.059
32.46, 0.7540, -3.407
32.47, 0.7530, -2.845
32.48, 0.7520, -1.692
32.49, 0.7510, -2.210
32.50, 0.7500, -3.995
32.51, 0.7490, -2.369
32.52, 0.7480, -1.046
32.53, 0.7470, -4.277
32.54, 0.7460, -2.170
32.55, 0.7450, -1.647
32.56, 0.7440, -3.463
32.57, 0.7430, -2.780
32.58, 0.7420, -2.044
32.59, 0.7410, -2.446
32.60, 0.7400, -2.342
32.61, 0.7390, -1.947
32.62, 0.7380, -4.095
32.63, 0.7370, -2.715
32.64, 0.7360, -2.081
32.65, 0.7350, -1.690
32.66, 0.7340, -3.691
32.67, 0.7330, -3.478
32.68, 0.7320, -5.490
32.69, 0.7310, -4.715
32.70, 0.7300, -2.558
32.71, 0.7290, -3.134
32.72, 0.7280, -4.452
32.73, 0.7270, -3.028
32.74, 0.7260, -5.075
32.75, 0.7250, -3.632
32.76, 0.7240, -2.844
32.77, 0.7230, -3.425
32.78, 0.7220, -2.719
32.79, 0.7210, -1.704
32.80, 0.7200, -4.916
32.81, 0.7190, -2.269
32.82, 0.7180, -3.197
32.83, 0.7170, -3.353
32.84, 0.7160, -1.697
32.85, 0.7150, -1.711
32.86, 0.7140, -4.088
32.87, 0.7130, -2.681
32.88, 0.7120, -2.224
32.89, 0.7110, -3.037
32.90, 0.7100, -3.297
32.91, 0.7090, -2.595
32.92, 0.7080, -3.964
32.93, 0.7070, -2.237
32.94, 0.7060, -2.439
32.95, 0.7050, -2.950
32.96, 0.7040, -2.890
32.97, 0.7030, -1.858
32.98, 0.7020, -3.855
32.99, 0.7010, -3.390
33.00, 0.7000, -1.776
33.01, 0.6990, -4.353
33.02, 0.6980, -2.855
33.03, 0.6970, -1.734
33.04, 0.6960, -3.627
33.05, 0.6950, -3.411
33.06, 0.6940, -2.745
33.07, 0.6930, -3.479
33.08, 0.6920, -5.003
33.09, 0.6910, -3.851
33.10, 0.6900, -3.726
33.11, 0.6890, -5.141
33.12, 0.6880, -2.060
33.13, 0.6870, -4.392
33.14, 0.6860, -5.124
33.15, 0.6850, -3.144
33.16, 0.6840, -3.069
33.17, 0.6830, -4.580
33.18, 0.6820, -3.364
33.19, 0.6810, -4.451
33.20, 0.6800, -5.113
33.21, 0.6790, -4.028
33.22, 0.6780, -2.371
33.23, 0.6770, -4.032
33.24, 0.6760, -2.657
33.25, 0.6750, -3.860
33.26, 0.6740, -4.325
33.27, 0.6730, -3.644
33.28, 0.6720, -2.747
33.29, 0.6710, -3.443
33.30, 0.6700, -3.228
33.31, 0.6690, -2.220
33.32, 0.6680, -5.093
33.33, 0.6670, -2.278
33.34, 0.6660, -1.600
33.35, 0.6650, -4.109
33.36, 0.6640, -2.817
33.37, 0.6630, -2.616
33.38, 0.6620, -3.974
33.39, 0.6610, -4.006
33.40, 0.6600, -3.406
33.41, 0.6590, -2.695
33.42, 0.6580, -4.950
33.43, 0.6570, -2.921
33.44, 0.6560, -2.263
33.45, 0.6550, -3.979
33.46, 0.6540, -3.068
33.47, 0.6530, -2.725
33.48, 0.6520, -4.574
33.49, 0.6510, -3.463
33.50, 0.6500, -2.877
33.51, 0.6490, -4.946
33.52, 0.6480, -4.767
33.53, 0.6470, -3.884
33.54, 0.6460, -4.679
33.55, 0.6450, -4.570
33.56, 0.6440, -3.568
33.57, 0.6430, -6.673
33.58, 0.6420, -4.989
33.59, 0.6410, -2.044
33.60, 0.6400, -3.044
33.61, 0.6390, -4.060
33.62, 0.6380, -3.107
33.63, 0.6370, -4.418
33.64, 0.6360, -3.856
33.65, 0.6350, -2.897
33.66, 0.6340, -3.097
33.67, 0.6330, -4.011
33.68, 0.6320, -2.859
33.69, 0.6310, -6.052
33.70, 0.6300, -3.480
33.71, 0.6290, -1.657
33.72, 0.6280, -4.449
33.73, 0.6270, -3.998
33.74, 0.6260, -2.573
33.75, 0.6250, -5.068
33.76, 0.6240, -2.888
33.77, 0.6230, -2.812
33.78, 0.6220, -4.765
33.79, 0.6210, -3.896
33.80, 0.6200, -1.967
33.81, 0.6190, -3.857
33.82, 0.6180, -2.841
33.83, 0.6170, -3.124
33.84, 0.6160, -4.339
33.85, 0.6150, -2.898
33.86, 0.6140, -2.838
33.87, 0.6130, -4.341
33.88, 0.6120, -3.072
33.89, 0.6110, -2.570
33.90, 0.6100, -4.657
33.91, 0.6090, -3.491
33.92, 0.6080, -3.813
33.93, 0.6070, -3.672
33.94, 0.6060, -5.278
33.95, 0.6050, -4.899
33.96, 0.6040, -6.017
33.97, 0.6030, -6.552
33.98, 0.6020, -3.505
33.99, 0.6010, -4.866
34.00, 0.6000, -5.013
34.01, 0.5990, -3.776
34.02, 0.5980, -3.472
34.03, 0.5970, -4.862
34.04, 0.5960, -4.809
34.05, 0.5950, -3.314
34.06, 0.5940, -5.034
34.07, 0.5930, -3.924
34.08, 0.5920, -2.327
34.09, 0.5910, -3.978
34.10, 0.5900, -4.630
34.11, 0.5890, -3.008
34.12, 0.5880, -5.050
34.13, 0.5870, -3.656
34.14, 0.5860, -2.584
34.15, 0.5850, -3.661
34.16, 0.5840, -4.561
34.17, 0.5830, -2.384
34.18, 0.5820, -4.462
34.19, 0.5810, -3.800
34.20, 0.5800, -2.965
34.21, 0.5790, -4.327
34.22, 0.5780, -4.617
34.23, 0.5770, -3.380
34.24, 0.5760, -3.813
34.25, 0.5750, -3.902
34.26, 0.5740, -2.305
34.27, 0.5730, -3.946
34.28, 0.5720, -4.234
34.29, 0.5710, -2.909
34.30, 0.5700, -4.716
34.31, 0.5690, -4.766
34.32, 0.5680, -4.645
34.33, 0.5670, -4.286
34.34, 0.5660, -3.716
34.35, 0.5650, -3.193
34.36, 0.5640, -4.589
34.37, 0.5630, -5.180
34.38, 0.5620, -4.758
34.39, 0.5610, -5.782
34.40, 0.5600, -5.235
34.41, 0.5590, -4.205
34.42, 0.5580, -6.226
34.43, 0.5570, -5.001
34.44, 0.5560, -3.938
34.45, 0.5550, -5.396
34.46, 0.5540, -4.558
34.47, 0.5530, -3.121
34.48, 0.5520, -4.455
34.49, 0.5510, -3.909
34.50, 0.5500, -3.240
34.51, 0.5490, -5.879
34.52, 0.5480, -3.916
34.53, 0.5470, -3.099
34.54, 0.5460, -4.227
34.55, 0.5450, -4.550
34.56, 0.5440, -3.771
34.57, 0.5430, -5.580
34.58, 0.5420, -4.619
34.59, 0.5410, -3.106
34.60, 0.5400, -3.494
34.61, 0.5390, -5.083
34.62, 0.5380, -4.089
34.63, 0.5370, -4.321
34.64, 0.5360, -4.262
34.65, 0.5350, -4.521
34.66, 0.5340, -4.555
34.67, 0.5330, -4.412
34.68, 0.5320, -3.740
34.69, 0.5310, -2.987
34.70, 0.5300, -4.257
34.71, 0.5290, -3.828
34.72, 0.5280, -5.161
34.73, 0.5270, -3.759
34.74, 0.5260, -2.984
34.75, 0.5250, -4.271
34.76, 0.5240, -4.642
34.77, 0.5230, -4.430
34.78, 0.5220, -6.088
34.79, 0.5210, -5.655
34.80, 0.5200, -5.595
34.81, 0.5190, -6.955
34.82, 0.5180, -4.875
34.83, 0.5170, -5.908
34.84, 0.5160, -4.697
34.85, 0.5150, -4.896
34.86, 0.5140, -6.088
34.87, 0.5130, -4.242
34.88, 0.5120, -5.428
34.89, 0.5110, -5.958
34.90, 0.5100, -3.821
34.91, 0.5090, -5.309
34.92, 0.5080, -4.789
34.93, 0.5070, -4.317
34.94, 0.5060, -5.099
34.95, 0.5050, -4.656
34.96, 0.5040, -4.594
34.97, 0.5030, -5.029
34.98, 0.5020, -3.078
34.99, 0.5010, -5.298
35.00, 0.5000, -4.769
35.01, 0.4990, -3.146
35.02, 0.4980, -5.798
35.03, 0.4970, -3.680
35.04, 0.4960, -5.255
35.05, 0.4950, -5.075
35.06, 0.4940, -3.846
35.07, 0.4930, -3.214
35.08, 0.4920, -4.856
35.09, 0.4910, -3.302
35.10, 0.4900, -5.181
35.11, 0.4890, -4.321
35.12, 0.4880, -3.581
35.13, 0.4870, -4.690
35.14, 0.4860, -3.907
35.15, 0.4850, -5.158
35.16, 0.4840, -4.478
35.17, 0.4830, -2.781
35.18, 0.4820, -6.021
35.19, 0.4810, -4.252
35.20, 0.4800, -5.877
35.21, 0.4790, -6.218
35.22, 0.4780, -5.349
35.23, 0.4770, -7.027
35.24, 0.4760, -5.412
35.25, 0.4750, -5.314
35.26, 0.4740, -7.300
35.27, 0.4730, -4.719
35.28, 0.4720, -5.023
35.29, 0.4710, -5.318
35.30, 0.4700, -4.065
35.31, 0.4690, -5.374
35.32, 0.4680, -4.494
35.33, 0.4670, -3.577
35.34, 0.4660, -4.651
35.35, 0.4650, -4.341
35.36, 0.4640, -4.128
35.37, 0.4630, -5.921
35.38, 0.4620, -3.797
35.39, 0.4610, -5.526
35.40, 0.4600, -5.772
35.41, 0.4590, -3.995
35.42, 0.4580, -4.507
35.43, 0.4570, -4.760
35.44, 0.4560, -4.256
35.45, 0.4550, -5.261
35.46, 0.4540, -4.715
35.47, 0.4530, -4.685
35.48, 0.4520, -5.311
35.49, 0.4510, -5.148
35.50, 0.4500, -3.756
35.51, 0.4490, -4.509
35.52, 0.4480, -3.907
35.53, 0.4470, -3.765
35.54, 0.4460, -6.017
35.55, 0.4450, -4.802
35.56, 0.4440, -4.847
35.57, 0.4430, -5.337
35.58, 0.4420, -4.171
35.59, 0.4410, -4.923
35.60, 0.4400, -5.297
35.61, 0.4390, -4.230
35.62, 0.4380, -4.782
35.63, 0.4370, -6.250
35.64, 0.4360, -5.391
35.65, 0.4350, -6.526
35.66, 0.4340, -5.745
35.67, 0.4330, -5.756
35.68, 0.4320, -6.355
35.69, 0.4310, -5.517
35.70, 0.4300, -6.918
35.71, 0.4290, -5.278
35.72, 0.4280, -4.385
35.73, 0.4270, -6.051
35.74, 0.4260, -5.853
35.75, 0.4250, -3.009
35.76, 0.4240, -5.236
35.77, 0.4230, -4.594
35.78, 0.4220, -3.804
35.79, 0.4210, -5.597
35.80, 0.4200, -5.477
35.81, 0.4190, -4.525
35.82, 0.4180, -5.873
35.83, 0.4170, -3.924
35.84, 0.4160, -6.222
35.85, 0.4150, -4.985
35.86, 0.4140, -4.221
35.87, 0.4130, -5.126
35.88, 0.4120, -4.457
35.89, 0.4110, -3.667
35.90, 0.4100, -6.062
35.91, 0.4090, -4.164
35.92, 0.4080, -3.751
35.93, 0.4070, -6.322
35.94, 0.4060, -3.694
35.95, 0.4050, -5.443
35.96, 0.4040, -5.120
35.97, 0.4030, -3.466
35.98, 0.4020, -6.441
35.99, 0.4010, -4.739
36.00, 0.4000, -5.235
36.01, 0.3990, -5.848
36.02, 0.3980, -4.551
36.03, 0.3970, -6.542
36.04, 0.3960, -6.241
36.05, 0.3950, -4.996
36.06, 0.3940, -6.127
36.07, 0.3930, -6.495
36.08, 0.3920, -5.579
36.09, 0.3910, -7.756
36.10, 0.3900, -5.827
36.11, 0.3890, -6.656
36.12, 0.3880, -7.562
36.13, 0.3870, -5.533
36.14, 0.3860, -6.540
36.15, 0.3850, -5.785
36.16, 0.3840, -4.798
36.17, 0.3830, -5.819
36.18, 0.3820, -5.759
36.19, 0.3810, -4.348
36.20, 0.3800, -5.155
36.21, 0.3790, -5.298
36.22, 0.3780, -5.147
36.23, 0.3770, -7.410
36.24, 0.3760, -5.654
36.25, 0.3750, -4.312
36.26, 0.3740, -6.448
36.27, 0.3730, -5.534
36.28, 0.3720, -4.107
36.29, 0.3710, -5.665
36.30, 0.3700, -6.189
36.31, 0.3690, -3.672
36.32, 0.3680, -5.680
36.33, 0.3670, -5.506
36.34, 0.3660, -5.918
36.35, 0.3650, -5.022
36.36, 0.3640, -4.819
36.37, 0.3630, -7.135
36.38, 0.3620, -4.697
36.39, 0.3610, -5.031
36.40, 0.3600, -6.032
36.41, 0.3590, -4.787
36.42, 0.3580, -5.946
36.43, 0.3570, -5.419
36.44, 0.3560, -5.093
36.45, 0.3550, -7.363
36.46, 0.3540, -7.359
36.47, 0.3530, -5.541
36.48, 0.3520, -7.923
36.49, 0.3510, -7.348
36.50, 0.3500, -5.966
36.51, 0.3490, -7.689
36.52, 0.3480, -6.544
36.53, 0.3470, -7.224
36.54, 0.3460, -7.254
36.55, 0.3450, -5.882
36.56, 0.3440, -7.649
36.57, 0.3430, -6.016
36.58, 0.3420, -5.336
36.59, 0.3410, -5.594
36.60, 0.3400, -5.481
36.61, 0.3390, -4.781
36.62, 0.3380, -6.545
36.63, 0.3370, -5.675
36.64, 0.3360, -6.739
36.65, 0.3350, -5.878
36.66, 0.3340, -5.517
36.67, 0.3330, -7.105
36.68, 0.3320, -6.388
36.69, 0.3310, -4.708
36.70, 0.3300, -6.072
36.71, 0.3290, -5.472
36.72, 0.3280, -5.010
36.73, 0.3270, -5.957
36.74, 0.3260, -5.340
36.75, 0.3250, -6.405
36.76, 0.3240, -6.152
36.77, 0.3230, -4.814
36.78, 0.3220, -6.912
36.79, 0.3210, -6.625
36.80, 0.3200, -4.702
36.81, 0.3190, -6.341
36.82, 0.3180, -6.162
36.83, 0.3170, -5.765
36.84, 0.3160, -7.081
36.85, 0.3150, -5.669
36.86, 0.3140, -6.720
36.87, 0.3130, -7.168
36.88, 0.3120, -5.908
36.89, 0.3110, -7.413
36.90, 0.3100, -7.046
36.91, 0.3090, -5.825
36.92, 0.3080, -7.522
36.93, 0.3070, -7.154
36.94, 0.3060, -5.979
36.95, 0.3050, -7.593
36.96, 0.3040, -6.536
36.97, 0.3030, -5.945
36.98, 0.3020, -6.920
36.99, 0.3010, -5.885
37.00, 0.3000, -7.556
37.01, 0.2990, -7.500
37.02, 0.2980, -5.256
37.03, 0.2970, -7.282
37.04, 0.2960, -6.803
37.05, 0.2950, -5.517
37.06, 0.2940, -6.128
37.07, 0.2930, -6.554
37.08, 0.2920, -4.741
37.09, 0.2910, -6.667
37.10, 0.2900, -5.867
37.11, 0.2890, -5.769
37.12, 0.2880, -6.284
37.13, 0.2870, -5.230
37.14, 0.2860, -6.718
37.15, 0.2850, -5.966
37.16, 0.2840, -5.639
37.17, 0.2830, -7.382
37.18, 0.2820, -6.160
37.19, 0.2810, -5.312
37.20, 0.2800, -6.681
37.21, 0.2790, -5.430
37.22, 0.2780, -6.239
37.23, 0.2770, -7.598
37.24, 0.2760, -4.601
37.25, 0.2750, -5.822
37.26, 0.2740, -6.454
37.27, 0.2730, -7.003
37.28, 0.2720, -8.042
37.29, 0.2710, -6.881
37.30, 0.2700, -6.900
37.31, 0.2690, -8.150
37.32, 0.2680, -8.057
37.33, 0.2670, -6.948
37.34, 0.2660, -8.851
37.35, 0.2650, -7.361
37.36, 0.2640, -7.896
37.37, 0.2630, -8.862
37.38, 0.2620, -6.903
37.39, 0.2610, -7.885
37.40, 0.2600, -7.716
37.41, 0.2590, -7.984
37.42, 0.2580, -7.322
37.43, 0.2570, -7.373
37.44, 0.2560, -5.474
37.45, 0.2550, -7.718
37.46, 0.2540, -7.484
37.47, 0.2530, -5.887
37.48, 0.2520, -6.780
37.49, 0.2510, -6.171
37.50, 0.2500, -5.384
37.51, 0.2490, -7.415
37.52, 0.2480, -6.056
37.53, 0.2470, -6.831
37.54, 0.2460, -7.363
37.55, 0.2450, -5.831
37.56, 0.2440, -5.165
37.57, 0.2430, -7.398
37.58, 0.2420, -6.107
37.59, 0.2410, -7.391
37.60, 0.2400, -6.507
37.61, 0.2390, -5.999
37.62, 0.2380, -7.208
37.63, 0.2370, -7.271
37.64, 0.2360, -5.732
37.65, 0.2350, -6.478
37.66, 0.2340, -6.632
37.67, 0.2330, -6.720
37.68, 0.2320, -7.827
37.69, 0.2310, -7.284
37.70, 0.2300, -6.122
37.71, 0.2290, -7.643
37.72, 0.2280, -8.086
37.73, 0.2270, -8.265
37.74, 0.2260, -8.865
37.75, 0.2250, -8.231
37.76, 0.2240, -9.181
37.77, 0.2230, -8.022
37.78, 0.2220, -7.702
37.79, 0.2210, -9.785
37.80, 0.2200, -7.330
37.81, 0.2190, -7.588
37.82, 0.2180, -8.080
37.83, 0.2170, -7.031
37.84, 0.2160, -7.047
37.85, 0.2150, -8.302
37.86, 0.2140, -6.603
37.87, 0.2130, -8.927
37.88, 0.2120, -8.282
37.89, 0.2110, -6.676
37.90, 0.2100, -7.860
37.91, 0.2090, -7.448
37.92, 0.2080, -6.316
37.93, 0.2070, -7.776
37.94, 0.2060, -6.668
37.95, 0.2050, -7.447
37.96, 0.2040, -7.848
37.97, 0.2030, -6.926
37.98, 0.2020, -8.551
37.99, 0.2010, -6.785
38.00, 0.2000, -6.938
38.01, 0.1990, -7.733
38.02, 0.1980, -7.541
38.03, 0.1970, -7.082
38.04, 0.1960, -7.433
38.05, 0.1950, -6.518
38.06, 0.1940, -6.412
38.07, 0.1930, -8.872
38.08, 0.1920, -6.813
38.09, 0.1910, -8.937
38.10, 0.1900, -7.270
38.11, 0.1890, -5.289
38.12, 0.1880, -9.129
38.13, 0.1870, -7.045
38.14, 0.1860, -7.241
38.15, 0.1850, -9.877
38.16, 0.1840, -8.053
38.17, 0.1830, -8.813
38.18, 0.1820, -10.00
38.19, 0.1810, -8.815
38.20, 0.1800, -7.817
38.21, 0.1790, -9.286
38.22, 0.1780, -8.433
38.23, 0.1770, -7.560
38.24, 0.1760, -8.801
38.25, 0.1750, -7.793
38.26, 0.1740, -7.047
38.27, 0.1730, -9.376
38.28, 0.1720, -7.550
38.29, 0.1710, -7.462
38.30, 0.1700, -8.500
38.31, 0.1690, -7.658
38.32, 0.1680, -6.859
38.33, 0.1670, -8.867
38.34, 0.1660, -7.042
38.35, 0.1650, -7.617
38.36, 0.1640, -8.599
38.37, 0.1630, -7.638
38.38, 0.1620, -8.754
38.39, 0.1610, -9.148
38.40, 0.1600, -7.928
38.41, 0.1590, -9.440
38.42, 0.1580, -7.713
38.43, 0.1570, -7.054
38.44, 0.1560, -8.184
38.45, 0.1550, -8.184
38.46, 0.1540, -7.793
38.47, 0.1530, -9.035
38.48, 0.1520, -7.800
38.49, 0.1510, -8.427
38.50, 0.1500, -8.626
38.51, 0.1490, -7.055
38.52, 0.1480, -7.103
38.53, 0.1470, -8.454
38.54, 0.1460, -7.826
38.55, 0.1450, -9.625
38.56, 0.1440, -9.521
38.57, 0.1430, -9.264
38.58, 0.1420, -10.01
38.59, 0.1410, -9.081
38.60, 0.1400, -9.042
38.61, 0.1390, -9.950
38.62, 0.1380, -10.04
38.63, 0.1370, -9.337
38.64, 0.1360, -9.695
38.65, 0.1350, -8.963
38.66, 0.1340, -7.335
38.67, 0.1330, -9.115
38.68, 0.1320, -9.023
38.69, 0.1310, -8.197
38.70, 0.1300, -10.14
38.71, 0.1290, -9.201
38.72, 0.1280, -7.787
38.73, 0.1270, -9.477
38.74, 0.1260, -8.756
38.75, 0.1250, -8.174
38.76, 0.1240, -9.451
38.77, 0.1230, -8.285
38.78, 0.1220, -8.226
38.79, 0.1210, -8.694
38.80, 0.1200, -8.081
38.81, 0.1190, -10.60
38.82, 0.1180, -9.105
38.83, 0.1170, -8.400
38.84, 0.1160, -9.468
38.85, 0.1150, -9.908
38.86, 0.1140, -8.425
38.87, 0.1130, -8.682
38.88, 0.1120, -7.509
38.89, 0.1110, -8.193
38.90, 0.1100, -10.12
38.91, 0.1090, -8.702
38.92, 0.1080, -9.600
38.93, 0.1070, -9.273
38.94, 0.1060, -8.274
38.95, 0.1050, -9.796
38.96, 0.1040, -9.393
38.97, 0.1030, -9.038
38.98, 0.1020, -10.10
38.99, 0.1010, -10.44
39.00, 0.1000, -10.85
39.01, 0.09900, -12.01
39.02, 0.09800, -10.94
39.03, 0.09700, -11.20
39.04, 0.09600, -12.04
39.05, 0.09500, -9.544
39.06, 0.09400, -9.911
39.07, 0.09300, -10.89
39.08, 0.09200, -8.977
39.09, 0.09100, -10.88
39.10, 0.09000, -9.599
39.11, 0.08900, -9.890
39.12, 0.08800, -11.25
39.13, 0.08700, -9.725
39.14, 0.08600, -9.848
39.15, 0.08500, -9.718
39.16, 0.08400, -9.163
39.17, 0.08300, -10.28
39.18, 0.08200, -10.10
39.19, 0.08100, -9.345
39.20, 0.08000, -10.44
39.21, 0.07900, -10.44
39.22, 0.07800, -9.404
39.23, 0.07700, -9.824
39.24, 0.07600, -9.962
39.25, 0.07500, -9.294
39.26, 0.07400, -10.29
39.27, 0.07300, -10.40
39.28, 0.07200, -9.019
39.29, 0.07100, -11.01
39.30, 0.07000, -10.80
39.31, 0.06900, -9.819
39.32, 0.06800, -11.63
39.33, 0.06700, -10.34
39.34, 0.06600, -9.295
39.35, 0.06500, -10.38
39.36, 0.06400, -9.929
39.37, 0.06300, -10.01
39.38, 0.06200, -10.42
39.39, 0.06100, -9.459
39.40, 0.06000, -11.63
39.41, 0.05900, -11.40
39.42, 0.05800, -10.45
39.43, 0.05700, -12.41
39.44, 0.05600, -11.68
39.45, 0.05500, -12.25
39.46, 0.05400, -12.51
39.47, 0.05300, -10.33
39.48, 0.05200, -11.48
39.49, 0.05100, -11.57
39.50, 0.05000, -10.38
39.51, 0.04900, -11.78
39.52, 0.04800, -11.14
39.53, 0.04700, -11.40
39.54, 0.04600, -12.20
39.55, 0.04500, -10.45
39.56, 0.04400, -11.87
39.57, 0.04300, -11.52
39.58, 0.04200, -9.524
39.59, 0.04100, -10.83
39.60, 0.04000, -11.43
39.61, 0.03900, -11.11
39.62, 0.03800, -12.43
39.63, 0.03700, -10.86
39.64, 0.03600, -11.13
39.65, 0.03500, -11.95
39.66, 0.03400, -11.01
39.67, 0.03300, -10.37
39.68, 0.03200, -11.92
39.69, 0.03100, -10.80
39.70, 0.03000, -11.64
39.71, 0.02900, -11.48
39.72, 0.02800, -10.96
39.73, 0.02700, -10.91
39.74, 0.02600, -11.54
39.75, 0.02500, -10.80
39.76, 0.02400, -12.36
39.77, 0.02300, -12.17
39.78, 0.02200, -10.71
39.79, 0.02100, -12.11
39.80, 0.02000, -11.65
39.81, 0.01900, -11.76
39.82, 0.01800, -12.86
39.83, 0.01700, -12.91
39.84, 0.01600, -13.46
39.85, 0.01500, -13.33
39.86, 0.01400, -12.57
39.87, 0.01300, -14.21
39.88, 0.01200, -13.48
39.89, 0.01100, -13.13
39.90, 0.01000, -14.14
39.91, 0.009000, -13.12
39.92, 0.008000, -13.73
39.93, 0.007000, -13.12
39.94, 0.006000, -11.86
39.95, 0.005000, -13.18
39.96, 0.004000, -13.24
39.97, 0.003000, -12.18
39.98, 0.002000, -12.98
39.99, 0.001000, -12.29
40.00, 0.000, -10.53
