0.01000, 0.001000, -362.6
0.02000, 0.002000, -205.3
0.03000, 0.003000, -144.5
0.04000, 0.004000, -109.8
0.05000, 0.005000, -89.59
0.06000, 0.006000, -77.52
0.07000, 0.007000, -65.36
0.08000, 0.008000, -59.70
0.09000, 0.009000, -54.62
0.1000, 0.01000, -48.30
0.1100, 0.01100, -43.69
0.1200, 0.01200, -41.94
0.1300, 0.01300, -38.67
0.1400, 0.01400, -36.04
0.1500, 0.01500, -33.60
0.1600, 0.01600, -32.57
0.1700, 0.01700, -30.36
0.1800, 0.01800, -27.20
0.1900, 0.01900, -28.28
0.2000, 0.02000, -26.13
0.2100, 0.02100, -24.00
0.2200, 0.02200, -24.90
0.2300, 0.02300, -22.23
0.2400, 0.02400, -21.52
0.2500, 0.02500, -19.96
0.2600, 0.02600, -19.43
0.2700, 0.02700, -18.84
0.2800, 0.02800, -18.85
0.2900, 0.02900, -17.21
0.3000, 0.03000, -19.53
0.3100, 0.03100, -15.89
0.3200, 0.03200, -18.12
0.3300, 0.03300, -15.43
0.3400, 0.03400, -17.00
0.3500, 0.03500, -15.56
0.3600, 0.03600, -17.28
0.3700, 0.03700, -15.97
0.3800, 0.03800, -15.92
0.3900, 0.03900, -15.04
0.4000, 0.04000, -15.02
0.4100, 0.04100, -14.19
0.4200, 0.04200, -14.15
0.4300, 0.04300, -14.81
0.4400, 0.04400, -13.65
0.4500, 0.04500, -13.11
0.4600, 0.04600, -11.75
0.4700, 0.04700, -12.52
0.4800, 0.04800, -11.68
0.4900, 0.04900, -15.01
0.5000, 0.05000, -10.55
0.5100, 0.05100, -13.60
0.5200, 0.05200, -8.927
0.5300, 0.05300, -12.96
0.5400, 0.05400, -11.27
0.5500, 0.05500, -12.20
0.5600, 0.05600, -11.54
0.5700, 0.05700, -12.05
0.5800, 0.05800, -10.29
0.5900, 0.05900, -12.79
0.6000, 0.06000, -10.03
0.6100, 0.06100, -10.99
0.6200, 0.06200, -10.17
0.6300, 0.06300, -8.860
0.6400, 0.06400, -11.53
0.6500, 0.06500, -8.028
0.6600, 0.06600, -10.21
0.6700, 0.06700, -9.124
0.6800, 0.06800, -9.854
0.6900, 0.06900, -8.130
0.7000, 0.07000, -6.568
0.7100, 0.07100, -9.330
0.7200, 0.07200, -9.012
0.7300, 0.07300, -6.806
0.7400, 0.07400, -8.467
0.7500, 0.07500, -8.853
0.7600, 0.07600, -7.605
0.7700, 0.07700, -7.348
0.7800, 0.07800, -7.286
0.7900, 0.07900, -9.646
0.8000, 0.08000, -9.040
0.8100, 0.08100, -8.177
0.8200, 0.08200, -8.910
0.8300, 0.08300, -6.688
0.8400, 0.08400, -9.659
0.8500, 0.08500, -8.065
0.8600, 0.08600, -7.495
0.8700, 0.08700, -8.789
0.8800, 0.08800, -9.710
0.8900, 0.08900, -9.131
0.9000, 0.09000, -8.225
0.9100, 0.09100, -8.248
0.9200, 0.09200, -7.396
0.9300, 0.09300, -8.341
0.9400, 0.09400, -5.952
0.9500, 0.09500, -9.330
0.9600, 0.09600, -6.436
0.9700, 0.09700, -11.12
0.9800, 0.09800, -7.768
0.9900, 0.09900, -8.751
1.000, 0.1000, -6.953
1.010, 0.1010, -8.479
1.020, 0.1020, -7.585
1.030, 0.1030, -7.103
1.040, 0.1040, -7.709
1.050, 0.1050, -7.566
1.060, 0.1060, -8.159
1.070, 0.1070, -5.709
1.080, 0.1080, -7.527
1.090, 0.1090, -6.692
1.100, 0.1100, -7.526
1.110, 0.1110, -6.962
1.120, 0.1120, -6.091
1.130, 0.1130, -6.134
1.140, 0.1140, -5.889
1.150, 0.1150, -6.138
1.160, 0.1160, -5.704
1.170, 0.1170, -4.529
1.180, 0.1180, -8.397
1.190, 0.1190, -6.396
1.200, 0.1200, -6.631
1.210, 0.1210, -5.790
1.220, 0.1220, -7.706
1.230, 0.1230, -4.733
1.240, 0.1240, -6.841
1.250, 0.1250, -5.128
1.260, 0.1260, -7.450
1.270, 0.1270, -5.631
1.280, 0.1280, -5.057
1.290, 0.1290, -6.492
1.300, 0.1300, -6.301
1.310, 0.1310, -7.764
1.320, 0.1320, -3.136
1.330, 0.1330, -7.879
1.340, 0.1340, -5.108
1.350, 0.1350, -6.288
1.360, 0.1360, -6.353
1.370, 0.1370, -6.302
1.380, 0.1380, -5.211
1.390, 0.1390, -5.883
1.400, 0.1400, -6.478
1.410, 0.1410, -5.373
1.420, 0.1420, -7.175
1.430, 0.1430, -4.792
1.440, 0.1440, -6.729
1.450, 0.1450, -3.540
1.460, 0.1460, -6.564
1.470, 0.1470, -7.417
1.480, 0.1480, -6.636
1.490, 0.1490, -4.171
1.500, 0.1500, -5.055
1.510, 0.1510, -5.268
1.520, 0.1520, -2.768
1.530, 0.1530, -4.756
1.540, 0.1540, -3.970
1.550, 0.1550, -4.189
1.560, 0.1560, -3.488
1.570, 0.1570, -6.808
1.580, 0.1580, -7.417
1.590, 0.1590, -5.844
1.600, 0.1600, -5.342
1.610, 0.1610, -5.128
1.620, 0.1620, -6.250
1.630, 0.1630, -3.677
1.640, 0.1640, -6.929
1.650, 0.1650, -4.166
1.660, 0.1660, -7.994
1.670, 0.1670, -5.447
1.680, 0.1680, -4.594
1.690, 0.1690, -3.786
1.700, 0.1700, -5.521
1.710, 0.1710, -5.508
1.720, 0.1720, -5.706
1.730, 0.1730, -5.711
1.740, 0.1740, -3.289
1.750, 0.1750, -6.376
1.760, 0.1760, -6.135
1.770, 0.1770, -5.710
1.780, 0.1780, -5.465
1.790, 0.1790, -4.897
1.800, 0.1800, -5.831
1.810, 0.1810, -4.186
1.820, 0.1820, -5.810
1.830, 0.1830, -5.059
1.840, 0.1840, -6.166
1.850, 0.1850, -4.622
1.860, 0.1860, -5.568
1.870, 0.1870, -4.862
1.880, 0.1880, -3.576
1.890, 0.1890, -5.901
1.900, 0.1900, -4.512
1.910, 0.1910, -5.505
1.920, 0.1920, -4.192
1.930, 0.1930, -4.807
1.940, 0.1940, -2.758
1.950, 0.1950, -5.192
1.960, 0.1960, -3.771
1.970, 0.1970, -4.793
1.980, 0.1980, -1.496
1.990, 0.1990, -5.901
2.000, 0.2000, -3.659
2.010, 0.2010, -2.369
2.020, 0.2020, -5.614
2.030, 0.2030, -3.508
2.040, 0.2040, -4.920
2.050, 0.2050, -6.035
2.060, 0.2060, -6.901
2.070, 0.2070, -4.128
2.080, 0.2080, -5.628
2.090, 0.2090, -6.449
2.100, 0.2100, -5.597
2.110, 0.2110, -4.870
2.120, 0.2120, -5.267
2.130, 0.2130, -5.973
2.140, 0.2140, -5.442
2.150, 0.2150, -3.425
2.160, 0.2160, -6.114
2.170, 0.2170, -5.080
2.180, 0.2180, -4.340
2.190, 0.2190, -5.392
2.200, 0.2200, -2.881
2.210, 0.2210, -4.534
2.220, 0.2220, -5.749
2.230, 0.2230, -3.295
2.240, 0.2240, -6.250
2.250, 0.2250, -3.601
2.260, 0.2260, -5.995
2.270, 0.2270, -5.758
2.280, 0.2280, -5.329
2.290, 0.2290, -5.075
2.300, 0.2300, -3.599
2.310, 0.2310, -5.971
2.320, 0.2320, -4.940
2.330, 0.2330, -6.659
2.340, 0.2340, -3.991
2.350, 0.2350, -5.381
2.360, 0.2360, -4.567
2.370, 0.2370, -1.906
2.380, 0.2380, -2.850
2.390, 0.2390, -1.700
2.400, 0.2400, -3.079
2.410, 0.2410, -3.410
2.420, 0.2420, -2.751
2.430, 0.2430, -4.143
2.440, 0.2440, -3.199
2.450, 0.2450, -5.007
2.460, 0.2460, -2.469
2.470, 0.2470, -4.972
2.480, 0.2480, -2.995
2.490, 0.2490, -4.929
2.500, 0.2500, -2.590
2.510, 0.2510, -4.344
2.520, 0.2520, -5.247
2.530, 0.2530, -3.310
2.540, 0.2540, -2.380
2.550, 0.2550, -5.058
2.560, 0.2560, -5.083
2.570, 0.2570, -4.202
2.580, 0.2580, -5.707
2.590, 0.2590, -4.494
2.600, 0.2600, -6.189
2.610, 0.2610, -4.633
2.620, 0.2620, -6.753
2.630, 0.2630, -4.870
2.640, 0.2640, -4.684
2.650, 0.2650, -5.614
2.660, 0.2660, -4.903
2.670, 0.2670, -5.849
2.680, 0.2680, -5.543
2.690, 0.2690, -5.449
2.700, 0.2700, -4.614
2.710, 0.2710, -3.705
2.720, 0.2720, -3.731
2.730, 0.2730, -5.097
2.740, 0.2740, -7.172
2.750, 0.2750, -4.053
2.760, 0.2760, -4.187
2.770, 0.2770, -4.794
2.780, 0.2780, -5.662
2.790, 0.2790, -1.846
2.800, 0.2800, -3.508
2.810, 0.2810, -1.779
2.820, 0.2820, -4.717
2.830, 0.2830, -3.736
2.840, 0.2840, -1.589
2.850, 0.2850, -3.933
2.860, 0.2860, -3.944
2.870, 0.2870, -3.337
2.880, 0.2880, -3.866
2.890, 0.2890, -5.721
2.900, 0.2900, -2.377
2.910, 0.2910, -4.045
2.920, 0.2920, -3.697
2.930, 0.2930, -3.209
2.940, 0.2940, -4.181
2.950, 0.2950, -5.324
2.960, 0.2960, -3.632
2.970, 0.2970, -1.621
2.980, 0.2980, -4.388
2.990, 0.2990, -4.184
3.000, 0.3000, -3.236
3.010, 0.3010, -3.504
3.020, 0.3020, -6.504
3.030, 0.3030, -3.060
3.040, 0.3040, -6.338
3.050, 0.3050, -4.068
3.060, 0.3060, -7.332
3.070, 0.3070, -3.980
3.080, 0.3080, -3.588
3.090, 0.3090, -5.454
3.100, 0.3100, -3.767
3.110, 0.3110, -5.561
3.120, 0.3120, -2.858
3.130, 0.3130, -4.733
3.140, 0.3140, -4.551
3.150, 0.3150, -4.137
3.160, 0.3160, -5.505
3.170, 0.3170, -4.989
3.180, 0.3180, -3.548
3.190, 0.3190, -5.861
3.200, 0.3200, -4.313
3.210, 0.3210, -2.846
3.220, 0.3220, -1.812
3.230, 0.3230, -2.759
3.240, 0.3240, -3.901
3.250, 0.3250, -1.467
3.260, 0.3260, -2.157
3.270, 0.3270, -2.782
3.280, 0.3280, -4.131
3.290, 0.3290, -3.998
3.300, 0.3300, -5.221
3.310, 0.3310, -3.506
3.320, 0.3320, -4.801
3.330, 0.3330, -1.096
3.340, 0.3340, -4.319
3.350, 0.3350, -4.388
3.360, 0.3360, -4.487
3.370, 0.3370, -5.091
3.380, 0.3380, -3.290
3.390, 0.3390, -3.317
3.400, 0.3400, -3.902
3.410, 0.3410, -3.940
3.420, 0.3420, -2.947
3.430, 0.3430, -6.263
3.440, 0.3440, -3.550
3.450, 0.3450, -4.031
3.460, 0.3460, -3.130
3.470, 0.3470, -4.024
3.480, 0.3480, -3.098
3.490, 0.3490, -5.336
3.500, 0.3500, -3.552
3.510, 0.3510, -4.345
3.520, 0.3520, -2.993
3.530, 0.3530, -4.308
3.540, 0.3540, -4.648
3.550, 0.3550, -6.196
3.560, 0.3560, -2.489
3.570, 0.3570, -4.770
3.580, 0.3580, -3.511
3.590, 0.3590, -5.715
3.600, 0.3600, -3.445
3.610, 0.3610, -1.836
3.620, 0.3620, -4.559
3.630, 0.3630, -4.158
3.640, 0.3640, -2.075
3.650, 0.3650, 0.5318
3.660, 0.3660, -4.196
3.670, 0.3670, -0.9703
3.680, 0.3680, -3.919
3.690, 0.3690, -3.024
3.700, 0.3700, -4.270
3.710, 0.3710, -4.135
3.720, 0.3720, -1.157
3.730, 0.3730, -5.202
3.740, 0.3740, -2.946
3.750, 0.3750, -5.113
3.760, 0.3760, -5.231
3.770, 0.3770, -5.810
3.780, 0.3780, -3.817
3.790, 0.3790, -4.607
3.800, 0.3800, -4.500
3.810, 0.3810, -2.568
3.820, 0.3820, -5.249
3.830, 0.3830, -3.269
3.840, 0.3840, -2.707
3.850, 0.3850, -3.005
3.860, 0.3860, -4.640
3.870, 0.3870, -2.316
3.880, 0.3880, -4.828
3.890, 0.3890, -6.097
3.900, 0.3900, -2.997
3.910, 0.3910, -4.800
3.920, 0.3920, -3.734
3.930, 0.3930, -4.371
3.940, 0.3940, -3.048
3.950, 0.3950, -3.670
3.960, 0.3960, -4.697
3.970, 0.3970, -5.224
3.980, 0.3980, -4.496
3.990, 0.3990, -5.504
4.000, 0.4000, -4.214
4.010, 0.4010, -6.745
4.020, 0.4020, -3.418
4.030, 0.4030, -3.457
4.040, 0.4040, -2.925
4.050, 0.4050, -4.902
4.060, 0.4060, -1.198
4.070, 0.4070, -6.267
4.080, 0.4080, -2.003
4.090, 0.4090, -1.820
4.100, 0.4100, -2.069
4.110, 0.4110, -1.869
4.120, 0.4120, -4.372
4.130, 0.4130, -1.794
4.140, 0.4140, -3.514
4.150, 0.4150, -2.315
4.160, 0.4160, -4.294
4.170, 0.4170, -3.012
4.180, 0.4180, -3.203
4.190, 0.4190, -3.971
4.200, 0.4200, -5.353
4.210, 0.4210, -2.418
4.220, 0.4220, -3.328
4.230, 0.4230, -3.608
4.240, 0.4240, -1.423
4.250, 0.4250, -6.016
4.260, 0.4260, -3.633
4.270, 0.4270, -5.408
4.280, 0.4280, -4.400
4.290, 0.4290, -5.339
4.300, 0.4300, -5.315
4.310, 0.4310, -4.297
4.320, 0.4320, -5.301
4.330, 0.4330, -2.343
4.340, 0.4340, -5.460
4.350, 0.4350, -2.811
4.360, 0.4360, -4.007
4.370, 0.4370, -5.216
4.380, 0.4380, -5.056
4.390, 0.4390, -5.058
4.400, 0.4400, -3.295
4.410, 0.4410, -4.000
4.420, 0.4420, -2.298
4.430, 0.4430, -5.309
4.440, 0.4440, -2.010
4.450, 0.4450, -5.579
4.460, 0.4460, -3.152
4.470, 0.4470, -3.925
4.480, 0.4480, -3.778
4.490, 0.4490, -1.847
4.500, 0.4500, -4.436
4.510, 0.4510, -0.6719
4.520, 0.4520, -3.275
4.530, 0.4530, -2.266
4.540, 0.4540, -4.845
4.550, 0.4550, -2.071
4.560, 0.4560, -3.040
4.570, 0.4570, -3.695
4.580, 0.4580, -2.812
4.590, 0.4590, -4.972
4.600, 0.4600, -2.935
4.610, 0.4610, -4.231
4.620, 0.4620, -3.729
4.630, 0.4630, -4.984
4.640, 0.4640, -4.259
4.650, 0.4650, -5.206
4.660, 0.4660, -5.123
4.670, 0.4670, -3.141
4.680, 0.4680, -4.951
4.690, 0.4690, -3.564
4.700, 0.4700, -5.491
4.710, 0.4710, -3.553
4.720, 0.4720, -4.161
4.730, 0.4730, -3.270
4.740, 0.4740, -5.539
4.750, 0.4750, -3.226
4.760, 0.4760, -5.070
4.770, 0.4770, -2.208
4.780, 0.4780, -6.026
4.790, 0.4790, -2.180
4.800, 0.4800, -7.213
4.810, 0.4810, -3.682
4.820, 0.4820, -5.149
4.830, 0.4830, -4.546
4.840, 0.4840, -3.961
4.850, 0.4850, -3.431
4.860, 0.4860, -3.845
4.870, 0.4870, -6.538
4.880, 0.4880, -0.9823
4.890, 0.4890, -3.732
4.900, 0.4900, -0.3412
4.910, 0.4910, -4.823
4.920, 0.4920, -1.676
4.930, 0.4930, -0.7606
4.940, 0.4940, -3.211
4.950, 0.4950, -1.658
4.960, 0.4960, -0.5010
4.970, 0.4970, -2.751
4.980, 0.4980, -3.340
4.990, 0.4990, -2.492
5.000, 0.5000, -5.432
5.010, 0.5010, -2.533
5.020, 0.5020, -5.542
5.030, 0.5030, -3.820
5.040, 0.5040, -3.304
5.050, 0.5050, -3.590
5.060, 0.5060, -7.199
5.070, 0.5070, -5.373
5.080, 0.5080, -3.176
5.090, 0.5090, -5.020
5.100, 0.5100, -3.342
5.110, 0.5110, -5.260
5.120, 0.5120, -2.527
5.130, 0.5130, -4.496
5.140, 0.5140, -4.110
5.150, 0.5150, -3.718
5.160, 0.5160, -3.632
5.170, 0.5170, -2.764
5.180, 0.5180, -3.527
5.190, 0.5190, -3.244
5.200, 0.5200, -6.470
5.210, 0.5210, -1.982
5.220, 0.5220, -5.987
5.230, 0.5230, -3.286
5.240, 0.5240, -5.017
5.250, 0.5250, -3.915
5.260, 0.5260, -4.249
5.270, 0.5270, -5.383
5.280, 0.5280, -3.827
5.290, 0.5290, -5.230
5.300, 0.5300, -1.376
5.310, 0.5310, -2.292
5.320, 0.5320, 1.799
5.330, 0.5330, -2.678
5.340, 0.5340, -2.719
5.350, 0.5350, -1.761
5.360, 0.5360, -2.467
5.370, 0.5370, -2.310
5.380, 0.5380, -3.795
5.390, 0.5390, -1.360
5.400, 0.5400, -4.118
5.410, 0.5410, -0.5770
5.420, 0.5420, -5.033
5.430, 0.5430, -4.519
5.440, 0.5440, -5.618
5.450, 0.5450, -2.280
5.460, 0.5460, -4.583
5.470, 0.5470, -3.744
5.480, 0.5480, -2.793
5.490, 0.5490, -3.909
5.500, 0.5500, -2.483
5.510, 0.5510, -3.316
5.520, 0.5520, -2.352
5.530, 0.5530, -2.837
5.540, 0.5540, -3.633
5.550, 0.5550, -4.210
5.560, 0.5560, -4.805
5.570, 0.5570, -1.947
5.580, 0.5580, -5.735
5.590, 0.5590, -3.507
5.600, 0.5600, -2.681
5.610, 0.5610, -3.697
5.620, 0.5620, -4.553
5.630, 0.5630, -2.632
5.640, 0.5640, -2.971
5.650, 0.5650, -4.762
5.660, 0.5660, -5.313
5.670, 0.5670, -5.030
5.680, 0.5680, -5.300
5.690, 0.5690, -4.800
5.700, 0.5700, -4.726
5.710, 0.5710, -4.829
5.720, 0.5720, -3.279
5.730, 0.5730, -0.8942
5.740, 0.5740, -6.023
5.750, 0.5750, -2.805
5.760, 0.5760, -2.680
5.770, 0.5770, -1.258
5.780, 0.5780, -1.702
5.790, 0.5790, -1.584
5.800, 0.5800, -2.364
5.810, 0.5810, -3.977
5.820, 0.5820, -1.745
5.830, 0.5830, -4.042
5.840, 0.5840, -4.127
5.850, 0.5850, -4.977
5.860, 0.5860, -3.836
5.870, 0.5870, -2.602
5.880, 0.5880, -3.924
5.890, 0.5890, -1.048
5.900, 0.5900, -6.286
5.910, 0.5910, -2.842
5.920, 0.5920, -3.427
5.930, 0.5930, -2.762
5.940, 0.5940, -5.062
5.950, 0.5950, -5.651
5.960, 0.5960, -2.487
5.970, 0.5970, -4.924
5.980, 0.5980, -2.949
5.990, 0.5990, -3.032
6.000, 0.6000, -3.690
6.010, 0.6010, -4.127
6.020, 0.6020, -5.094
6.030, 0.6030, -4.650
6.040, 0.6040, -4.984
6.050, 0.6050, -3.452
6.060, 0.6060, -3.062
6.070, 0.6070, -2.953
6.080, 0.6080, -4.363
6.090, 0.6090, -1.994
6.100, 0.6100, -3.488
6.110, 0.6110, -3.631
6.120, 0.6120, -3.780
6.130, 0.6130, -1.864
6.140, 0.6140, -1.350
6.150, 0.6150, -3.546
6.160, 0.6160, 0.4214
6.170, 0.6170, -3.654
6.180, 0.6180, -3.158
6.190, 0.6190, -3.136
6.200, 0.6200, -2.189
6.210, 0.6210, -0.06143
6.220, 0.6220, -4.048
6.230, 0.6230, -1.597
6.240, 0.6240, -3.305
6.250, 0.6250, -2.688
6.260, 0.6260, -4.732
6.270, 0.6270, -4.311
6.280, 0.6280, -2.032
6.290, 0.6290, -2.417
6.300, 0.6300, -2.753
6.310, 0.6310, -4.895
6.320, 0.6320, -3.201
6.330, 0.6330, -5.305
6.340, 0.6340, -3.524
6.350, 0.6350, -2.739
6.360, 0.6360, -4.154
6.370, 0.6370, -4.802
6.380, 0.6380, -5.369
6.390, 0.6390, -1.670
6.400, 0.6400, -3.914
6.410, 0.6410, -4.277
6.420, 0.6420, -4.947
6.430, 0.6430, -3.520
6.440, 0.6440, -5.796
6.450, 0.6450, -3.275
6.460, 0.6460, -5.229
6.470, 0.6470, -3.054
6.480, 0.6480, -2.641
6.490, 0.6490, -4.140
6.500, 0.6500, -0.7348
6.510, 0.6510, -4.948
6.520, 0.6520, -1.839
6.530, 0.6530, -4.525
6.540, 0.6540, -3.467
6.550, 0.6550, -1.585
6.560, 0.6560, -3.810
6.570, 0.6570, -1.714
6.580, 0.6580, -2.244
6.590, 0.6590, -2.446
6.600, 0.6600, -2.495
6.610, 0.6610, -2.487
6.620, 0.6620, -3.334
6.630, 0.6630, -2.774
6.640, 0.6640, -1.169
6.650, 0.6650, -2.414
6.660, 0.6660, -3.086
6.670, 0.6670, -4.515
6.680, 0.6680, -1.831
6.690, 0.6690, -3.235
6.700, 0.6700, -2.487
6.710, 0.6710, -2.928
6.720, 0.6720, -2.928
6.730, 0.6730, -3.669
6.740, 0.6740, -3.607
6.750, 0.6750, -2.325
6.760, 0.6760, -3.853
6.770, 0.6770, -0.2976
6.780, 0.6780, -4.525
6.790, 0.6790, -3.424
6.800, 0.6800, -5.593
6.810, 0.6810, -1.348
6.820, 0.6820, -2.868
6.830, 0.6830, -3.565
6.840, 0.6840, -4.136
6.850, 0.6850, -4.230
6.860, 0.6860, -3.383
6.870, 0.6870, -5.308
6.880, 0.6880, -2.480
6.890, 0.6890, -3.702
6.900, 0.6900, -3.273
6.910, 0.6910, -6.896
6.920, 0.6920, -1.125
6.930, 0.6930, -3.162
6.940, 0.6940, -3.744
6.950, 0.6950, -3.708
6.960, 0.6960, -2.998
6.970, 0.6970, -2.133
6.980, 0.6980, -2.646
6.990, 0.6990, -0.5736
7.000, 0.7000, -3.115
7.010, 0.7010, -0.9157
7.020, 0.7020, -3.878
7.030, 0.7030, -3.115
7.040, 0.7040, -4.515
7.050, 0.7050, -1.235
7.060, 0.7060, -4.167
7.070, 0.7070, -2.359
7.080, 0.7080, -3.928
7.090, 0.7090, -2.071
7.100, 0.7100, -3.450
7.110, 0.7110, -3.474
7.120, 0.7120, -3.807
7.130, 0.7130, -2.229
7.140, 0.7140, -4.425
7.150, 0.7150, -2.616
7.160, 0.7160, -3.116
7.170, 0.7170, -4.410
7.180, 0.7180, -2.484
7.190, 0.7190, -4.206
7.200, 0.7200, -2.872
7.210, 0.7210, -2.483
7.220, 0.7220, -3.913
7.230, 0.7230, -7.540
7.240, 0.7240, -1.679
7.250, 0.7250, -1.726
7.260, 0.7260, -4.030
7.270, 0.7270, -1.872
7.280, 0.7280, -4.921
7.290, 0.7290, -0.9666
7.300, 0.7300, -2.842
7.310, 0.7310, -2.693
7.320, 0.7320, -5.103
7.330, 0.7330, -3.146
7.340, 0.7340, -4.378
7.350, 0.7350, -3.604
7.360, 0.7360, -0.8117
7.370, 0.7370, -3.620
7.380, 0.7380, -2.441
7.390, 0.7390, -3.429
7.400, 0.7400, 0.5834
7.410, 0.7410, -3.436
7.420, 0.7420, -1.028
7.430, 0.7430, -4.610
7.440, 0.7440, -0.1494
7.450, 0.7450, -3.783
7.460, 0.7460, -1.474
7.470, 0.7470, -1.337
7.480, 0.7480, -3.390
7.490, 0.7490, -0.7326
7.500, 0.7500, -3.634
7.510, 0.7510, -3.570
7.520, 0.7520, -4.185
7.530, 0.7530, -3.124
7.540, 0.7540, -2.074
7.550, 0.7550, -3.062
7.560, 0.7560, -4.610
7.570, 0.7570, -3.082
7.580, 0.7580, -1.615
7.590, 0.7590, -3.011
7.600, 0.7600, -2.676
7.610, 0.7610, -6.368
7.620, 0.7620, -1.858
7.630, 0.7630, -3.217
7.640, 0.7640, -2.964
7.650, 0.7650, -1.544
7.660, 0.7660, -4.967
7.670, 0.7670, -2.310
7.680, 0.7680, -3.803
7.690, 0.7690, -1.982
7.700, 0.7700, -5.217
7.710, 0.7710, -1.861
7.720, 0.7720, -4.886
7.730, 0.7730, -1.465
7.740, 0.7740, -5.331
7.750, 0.7750, -4.172
7.760, 0.7760, -1.440
7.770, 0.7770, -3.639
7.780, 0.7780, -1.456
7.790, 0.7790, -4.186
7.800, 0.7800, -1.765
7.810, 0.7810, -2.715
7.820, 0.7820, -3.349
7.830, 0.7830, -1.297
7.840, 0.7840, -3.501
7.850, 0.7850, 0.4125
7.860, 0.7860, -1.123
7.870, 0.7870, 0.9963
7.880, 0.7880, -1.499
7.890, 0.7890, -2.459
7.900, 0.7900, -3.419
7.910, 0.7910, -3.441
7.920, 0.7920, -3.411
7.930, 0.7930, -3.773
7.940, 0.7940, -3.001
7.950, 0.7950, -2.756
7.960, 0.7960, -4.169
7.970, 0.7970, -1.031
7.980, 0.7980, -5.490
7.990, 0.7990, -5.190
8.000, 0.8000, -1.187
8.010, 0.8010, -2.473
8.020, 0.8020, -0.5396
8.030, 0.8030, -6.043
8.040, 0.8040, -5.119
8.050, 0.8050, -4.171
8.060, 0.8060, -4.846
8.070, 0.8070, -2.259
8.080, 0.8080, -3.613
8.090, 0.8090, -2.963
8.100, 0.8100, -4.241
8.110, 0.8110, -1.454
8.120, 0.8120, -4.098
8.130, 0.8130, -3.087
8.140, 0.8140, -0.008969
8.150, 0.8150, -4.269
8.160, 0.8160, -2.049
8.170, 0.8170, -4.351
8.180, 0.8180, -4.297
8.190, 0.8190, -2.456
8.200, 0.8200, -2.419
8.210, 0.8210, -1.275
8.220, 0.8220, -4.391
8.230, 0.8230, -1.710
8.240, 0.8240, -1.127
8.250, 0.8250, 1.301
8.260, 0.8260, 0.5603
8.270, 0.8270, -1.876
8.280, 0.8280, -2.649
8.290, 0.8290, -3.742
8.300, 0.8300, 1.006
8.310, 0.8310, -3.611
8.320, 0.8320, -1.820
8.330, 0.8330, -3.723
8.340, 0.8340, -2.604
8.350, 0.8350, -3.216
8.360, 0.8360, -3.484
8.370, 0.8370, -0.7100
8.380, 0.8380, -2.932
8.390, 0.8390, -1.333
8.400, 0.8400, -4.049
8.410, 0.8410, -3.008
8.420, 0.8420, -2.291
8.430, 0.8430, -3.136
8.440, 0.8440, -3.935
8.450, 0.8450, -3.601
8.460, 0.8460, -3.217
8.470, 0.8470, -1.989
8.480, 0.8480, -3.364
8.490, 0.8490, -6.444
8.500, 0.8500, -4.083
8.510, 0.8510, -5.840
8.520, 0.8520, -5.032
8.530, 0.8530, -4.985
8.540, 0.8540, -1.140
8.550, 0.8550, -3.214
8.560, 0.8560, -4.304
8.570, 0.8570, -3.191
8.580, 0.8580, -4.390
8.590, 0.8590, 1.118
8.600, 0.8600, -2.665
8.610, 0.8610, -3.156
8.620, 0.8620, -3.150
8.630, 0.8630, -2.443
8.640, 0.8640, -1.139
8.650, 0.8650, -3.494
8.660, 0.8660, -1.488
8.670, 0.8670, -2.341
8.680, 0.8680, -0.2062
8.690, 0.8690, -3.219
8.700, 0.8700, -1.951
8.710, 0.8710, -3.650
8.720, 0.8720, -1.232
8.730, 0.8730, -1.078
8.740, 0.8740, -3.579
8.750, 0.8750, -0.3486
8.760, 0.8760, -2.938
8.770, 0.8770, -3.086
8.780, 0.8780, -2.768
8.790, 0.8790, -3.622
8.800, 0.8800, -2.284
8.810, 0.8810, -2.108
8.820, 0.8820, -0.4794
8.830, 0.8830, -4.466
8.840, 0.8840, 0.6422
8.850, 0.8850, -3.408
8.860, 0.8860, -4.081
8.870, 0.8870, -2.135
8.880, 0.8880, -3.089
8.890, 0.8890, -2.786
8.900, 0.8900, -3.923
8.910, 0.8910, -1.587
8.920, 0.8920, -3.399
8.930, 0.8930, -3.358
8.940, 0.8940, -2.201
8.950, 0.8950, -2.364
8.960, 0.8960, -1.522
8.970, 0.8970, -4.131
8.980, 0.8980, -3.926
8.990, 0.8990, -5.410
9.000, 0.9000, -3.528
9.010, 0.9010, -2.450
9.020, 0.9020, -2.876
9.030, 0.9030, -1.707
9.040, 0.9040, -3.746
9.050, 0.9050, -2.149
9.060, 0.9060, -3.489
9.070, 0.9070, -1.358
9.080, 0.9080, -3.847
9.090, 0.9090, -1.073
9.100, 0.9100, -0.2763
9.110, 0.9110, -2.703
9.120, 0.9120, 1.079
9.130, 0.9130, -0.3679
9.140, 0.9140, 0.1777
9.150, 0.9150, -2.456
9.160, 0.9160, -1.169
9.170, 0.9170, -2.075
9.180, 0.9180, -4.210
9.190, 0.9190, -0.5222
9.200, 0.9200, -3.758
9.210, 0.9210, -1.939
9.220, 0.9220, -2.141
9.230, 0.9230, -0.7047
9.240, 0.9240, -2.074
9.250, 0.9250, -1.821
9.260, 0.9260, -2.453
9.270, 0.9270, -3.411
9.280, 0.9280, -2.124
9.290, 0.9290, -4.565
9.300, 0.9300, -2.591
9.310, 0.9310, -3.461
9.320, 0.9320, -2.475
9.330, 0.9330, -3.361
9.340, 0.9340, -4.722
9.350, 0.9350, -1.864
9.360, 0.9360, -2.383
9.370, 0.9370, -0.7017
9.380, 0.9380, -4.669
9.390, 0.9390, -1.337
9.400, 0.9400, -2.695
9.410, 0.9410, -3.099
9.420, 0.9420, -2.339
9.430, 0.9430, -2.679
9.440, 0.9440, -1.931
9.450, 0.9450, -2.963
9.460, 0.9460, 1.524
9.470, 0.9470, -4.868
9.480, 0.9480, -1.900
9.490, 0.9490, -3.061
9.500, 0.9500, -1.617
9.510, 0.9510, 0.5671
9.520, 0.9520, -2.485
9.530, 0.9530, 0.8091
9.540, 0.9540, -2.795
9.550, 0.9550, 0.2556
9.560, 0.9560, -1.118
9.570, 0.9570, -0.5127
9.580, 0.9580, -2.811
9.590, 0.9590, -3.332
9.600, 0.9600, -2.781
9.610, 0.9610, -1.656
9.620, 0.9620, 1.300
9.630, 0.9630, -3.353
9.640, 0.9640, -0.004923
9.650, 0.9650, -0.9814
9.660, 0.9660, -3.019
9.670, 0.9670, -1.089
9.680, 0.9680, -3.378
9.690, 0.9690, -1.818
9.700, 0.9700, -4.354
9.710, 0.9710, 0.6887
9.720, 0.9720, -2.549
9.730, 0.9730, -2.240
9.740, 0.9740, -1.187
9.750, 0.9750, -3.172
9.760, 0.9760, 1.186
9.770, 0.9770, -2.061
9.780, 0.9780, -1.548
9.790, 0.9790, -3.687
9.800, 0.9800, -2.272
9.810, 0.9810, -4.430
9.820, 0.9820, -3.762
9.830, 0.9830, -4.788
9.840, 0.9840, -0.1729
9.850, 0.9850, -4.993
9.860, 0.9860, -2.797
9.870, 0.9870, -1.667
9.880, 0.9880, -3.838
9.890, 0.9890, -2.738
9.900, 0.9900, -3.529
9.910, 0.9910, -2.829
9.920, 0.9920, -0.2546
9.930, 0.9930, 0.9761
9.940, 0.9940, -4.270
9.950, 0.9950, 2.132
9.960, 0.9960, -0.4961
9.970, 0.9970, 0.3304
9.980, 0.9980, -1.117
9.990, 0.9990, -2.300
10.00, 1.000, 0.7873
10.01, 1.001, -5.756
10.02, 1.002, -0.5589
10.03, 1.003, -1.135
10.04, 1.004, 1.052
10.05, 1.005, -2.420
10.06, 1.006, -3.120
10.07, 1.007, -3.408
10.08, 1.008, -2.576
10.09, 1.009, -5.023
10.10, 1.010, -1.680
10.11, 1.011, -1.652
10.12, 1.012, -3.606
10.13, 1.013, -0.5385
10.14, 1.014, -3.261
10.15, 1.015, -0.3090
10.16, 1.016, -3.168
10.17, 1.017, -1.872
10.18, 1.018, -3.389
10.19, 1.019, -0.7082
10.20, 1.020, -3.551
10.21, 1.021, -2.319
10.22, 1.022, -4.726
10.23, 1.023, -2.136
10.24, 1.024, -0.8469
10.25, 1.025, -3.474
10.26, 1.026, 2.483
10.27, 1.027, -3.518
10.28, 1.028, -0.03523
10.29, 1.029, -1.627
10.30, 1.030, -0.9231
10.31, 1.031, -1.747
10.32, 1.032, -0.6141
10.33, 1.033, -1.457
10.34, 1.034, -0.7368
10.35, 1.035, -1.333
10.36, 1.036, -3.537
10.37, 1.037, 0.3723
10.38, 1.038, -0.3453
10.39, 1.039, 0.7410
10.40, 1.040, 1.870
10.41, 1.041, -1.351
10.42, 1.042, 2.065
10.43, 1.043, -3.075
10.44, 1.044, 1.094
10.45, 1.045, 0.3195
10.46, 1.046, 1.152
10.47, 1.047, -1.174
10.48, 1.048, -3.115
10.49, 1.049, 1.400
10.50, 1.050, -3.074
10.51, 1.051, -1.639
10.52, 1.052, -1.113
10.53, 1.053, -0.4839
10.54, 1.054, -1.764
10.55, 1.055, -1.164
10.56, 1.056, -0.5903
10.57, 1.057, -2.274
10.58, 1.058, 0.7208
10.59, 1.059, -2.372
10.60, 1.060, -1.114
10.61, 1.061, -2.001
10.62, 1.062, -2.171
10.63, 1.063, -0.5869
10.64, 1.064, -3.302
10.65, 1.065, -1.279
10.66, 1.066, -3.211
10.67, 1.067, 0.4846
10.68, 1.068, -3.982
10.69, 1.069, 0.2116
10.70, 1.070, -1.158
10.71, 1.071, -1.149
10.72, 1.072, 0.2204
10.73, 1.073, -1.239
10.74, 1.074, 1.988
10.75, 1.075, -3.061
10.76, 1.076, 0.8025
10.77, 1.077, -0.2208
10.78, 1.078, 1.850
10.79, 1.079, 1.430
10.80, 1.080, -1.373
10.81, 1.081, 3.306
10.82, 1.082, -0.3571
10.83, 1.083, 1.468
10.84, 1.084, -2.609
10.85, 1.085, 2.479
10.86, 1.086, -0.4860
10.87, 1.087, -0.8950
10.88, 1.088, -1.885
10.89, 1.089, 0.7967
10.90, 1.090, 0.9528
10.91, 1.091, -0.9396
10.92, 1.092, 1.521
10.93, 1.093, 0.4537
10.94, 1.094, 0.3589
10.95, 1.095, -2.206
10.96, 1.096, 0.6762
10.97, 1.097, -1.713
10.98, 1.098, -0.5918
10.99, 1.099, -3.726
11.00, 1.100, -1.797
11.01, 1.101, -3.815
11.02, 1.102, 1.594
11.03, 1.103, -2.360
11.04, 1.104, -0.7824
11.05, 1.105, -0.3491
11.06, 1.106, 0.9832
11.07, 1.107, -0.9273
11.08, 1.108, -2.376
11.09, 1.109, 0.7209
11.10, 1.110, -1.596
11.11, 1.111, 0.2070
11.12, 1.112, -3.179
11.13, 1.113, 0.08181
11.14, 1.114, -4.918
11.15, 1.115, -0.2631
11.16, 1.116, -3.036
11.17, 1.117, -0.5932
11.18, 1.118, 0.1317
11.19, 1.119, -1.415
11.20, 1.120, 1.717
11.21, 1.121, 0.9808
11.22, 1.122, 2.859
11.23, 1.123, 2.157
11.24, 1.124, 0.7545
11.25, 1.125, 0.9831
11.26, 1.126, -0.7549
11.27, 1.127, 3.989
11.28, 1.128, -1.087
11.29, 1.129, 0.9946
11.30, 1.130, 0.1420
11.31, 1.131, 2.806
11.32, 1.132, 0.2385
11.33, 1.133, 0.5103
11.34, 1.134, -3.228
11.35, 1.135, 1.357
11.36, 1.136, -3.171
11.37, 1.137, 1.208
11.38, 1.138, -0.7662
11.39, 1.139, 1.903
11.40, 1.140, -1.218
11.41, 1.141, 0.5065
11.42, 1.142, -0.7838
11.43, 1.143, 1.274
11.44, 1.144, -0.1859
11.45, 1.145, -2.010
11.46, 1.146, 2.563
11.47, 1.147, -1.730
11.48, 1.148, 1.046
11.49, 1.149, -2.886
11.50, 1.150, 1.476
11.51, 1.151, -1.256
11.52, 1.152, 0.2894
11.53, 1.153, -1.375
11.54, 1.154, 0.1081
11.55, 1.155, -1.632
11.56, 1.156, 0.3156
11.57, 1.157, 0.8415
11.58, 1.158, 1.745
11.59, 1.159, 3.830
11.60, 1.160, -0.1171
11.61, 1.161, 2.542
11.62, 1.162, 0.3225
11.63, 1.163, 5.103
11.64, 1.164, 3.277
11.65, 1.165, 3.081
11.66, 1.166, 2.474
11.67, 1.167, 3.196
11.68, 1.168, 2.240
11.69, 1.169, 2.504
11.70, 1.170, 2.735
11.71, 1.171, 2.417
11.72, 1.172, 3.234
11.73, 1.173, 2.402
11.74, 1.174, 2.865
11.75, 1.175, 2.095
11.76, 1.176, 2.681
11.77, 1.177, -0.1099
11.78, 1.178, 2.470
11.79, 1.179, -0.7553
11.80, 1.180, 3.721
11.81, 1.181, -1.656
11.82, 1.182, 0.4549
11.83, 1.183, -1.391
11.84, 1.184, 2.152
11.85, 1.185, -0.4448
11.86, 1.186, 2.522
11.87, 1.187, 3.262
11.88, 1.188, 1.277
11.89, 1.189, 3.079
11.90, 1.190, -0.8308
11.91, 1.191, 2.488
11.92, 1.192, 0.3269
11.93, 1.193, 1.525
11.94, 1.194, -0.2381
11.95, 1.195, -1.571
11.96, 1.196, 1.957
11.97, 1.197, 2.974
11.98, 1.198, 2.961
11.99, 1.199, -2.043
12.00, 1.200, 4.265
12.01, 1.201, 0.9074
12.02, 1.202, 6.034
12.03, 1.203, 3.276
12.04, 1.204, 3.860
12.05, 1.205, 4.488
12.06, 1.206, 5.643
12.07, 1.207, 6.880
12.08, 1.208, 3.887
12.09, 1.209, 6.194
12.10, 1.210, 4.519
12.11, 1.211, 5.983
12.12, 1.212, 1.690
12.13, 1.213, 4.684
12.14, 1.214, 2.095
12.15, 1.215, 5.565
12.16, 1.216, 2.486
12.17, 1.217, 4.804
12.18, 1.218, 6.774
12.19, 1.219, 1.300
12.20, 1.220, 4.049
12.21, 1.221, 5.163
12.22, 1.222, 6.513
12.23, 1.223, 3.692
12.24, 1.224, 6.788
12.25, 1.225, 5.687
12.26, 1.226, 5.291
12.27, 1.227, 5.747
12.28, 1.228, 4.454
12.29, 1.229, 5.167
12.30, 1.230, 3.526
12.31, 1.231, 6.893
12.32, 1.232, 4.873
12.33, 1.233, 7.912
12.34, 1.234, 6.505
12.35, 1.235, 7.721
12.36, 1.236, 6.753
12.37, 1.237, 6.733
12.38, 1.238, 9.177
12.39, 1.239, 4.869
12.40, 1.240, 7.193
12.41, 1.241, 7.371
12.42, 1.242, 8.840
12.43, 1.243, 8.926
12.44, 1.244, 8.105
12.45, 1.245, 9.477
12.46, 1.246, 8.794
12.47, 1.247, 10.12
12.48, 1.248, 11.24
12.49, 1.249, 11.11
12.50, 1.250, 11.38
12.51, 1.251, 8.035
12.52, 1.252, 11.38
12.53, 1.253, 9.827
12.54, 1.254, 11.23
12.55, 1.255, 10.95
12.56, 1.256, 14.26
12.57, 1.257, 9.987
12.58, 1.258, 13.37
12.59, 1.259, 11.77
12.60, 1.260, 12.91
12.61, 1.261, 12.55
12.62, 1.262, 10.96
12.63, 1.263, 13.55
12.64, 1.264, 11.13
12.65, 1.265, 15.24
12.66, 1.266, 13.60
12.67, 1.267, 14.93
12.68, 1.268, 15.37
12.69, 1.269, 15.24
12.70, 1.270, 17.22
12.71, 1.271, 15.76
12.72, 1.272, 15.81
12.73, 1.273, 13.62
12.74, 1.274, 16.83
12.75, 1.275, 14.81
12.76, 1.276, 17.44
12.77, 1.277, 14.04
12.78, 1.278, 17.06
12.79, 1.279, 17.43
12.80, 1.280, 16.57
12.81, 1.281, 14.32
12.82, 1.282, 19.76
12.83, 1.283, 19.33
12.84, 1.284, 19.36
12.85, 1.285, 20.35
12.86, 1.286, 20.29
12.87, 1.287, 23.52
12.88, 1.288, 21.57
12.89, 1.289, 26.14
12.90, 1.290, 23.22
12.91, 1.291, 25.61
12.92, 1.292, 25.16
12.93, 1.293, 26.52
12.94, 1.294, 26.16
12.95, 1.295, 25.80
12.96, 1.296, 26.16
12.97, 1.297, 29.42
12.98, 1.298, 28.07
12.99, 1.299, 29.10
13.00, 1.300, 32.18
13.01, 1.301, 31.24
13.02, 1.302, 31.38
13.03, 1.303, 29.40
13.04, 1.304, 33.97
13.05, 1.305, 31.03
13.06, 1.306, 32.03
13.07, 1.307, 33.33
13.08, 1.308, 33.82
13.09, 1.309, 35.65
13.10, 1.310, 37.65
13.11, 1.311, 39.79
13.12, 1.312, 37.46
13.13, 1.313, 39.97
13.14, 1.314, 39.34
13.15, 1.315, 40.64
13.16, 1.316, 42.01
13.17, 1.317, 42.05
13.18, 1.318, 42.10
13.19, 1.319, 44.25
13.20, 1.320, 46.59
13.21, 1.321, 45.00
13.22, 1.322, 47.26
13.23, 1.323, 45.00
13.24, 1.324, 49.36
13.25, 1.325, 47.87
13.26, 1.326, 50.23
13.27, 1.327, 52.28
13.28, 1.328, 53.62
13.29, 1.329, 54.39
13.30, 1.330, 54.90
13.31, 1.331, 55.98
13.32, 1.332, 58.96
13.33, 1.333, 59.18
13.34, 1.334, 58.13
13.35, 1.335, 60.65
13.36, 1.336, 61.57
13.37, 1.337, 61.29
13.38, 1.338, 65.56
13.39, 1.339, 62.46
13.40, 1.340, 67.76
13.41, 1.341, 67.15
13.42, 1.342, 68.06
13.43, 1.343, 68.33
13.44, 1.344, 70.66
13.45, 1.345, 69.47
13.46, 1.346, 71.68
13.47, 1.347, 72.18
13.48, 1.348, 75.47
13.49, 1.349, 77.15
13.50, 1.350, 76.24
13.51, 1.351, 77.49
13.52, 1.352, 76.62
13.53, 1.353, 81.56
13.54, 1.354, 79.45
13.55, 1.355, 83.66
13.56, 1.356, 83.32
13.57, 1.357, 85.24
13.58, 1.358, 85.44
13.59, 1.359, 83.90
13.60, 1.360, 86.41
13.61, 1.361, 86.18
13.62, 1.362, 90.62
13.63, 1.363, 88.12
13.64, 1.364, 91.64
13.65, 1.365, 89.05
13.66, 1.366, 92.06
13.67, 1.367, 96.32
13.68, 1.368, 94.45
13.69, 1.369, 97.15
13.70, 1.370, 93.36
13.71, 1.371, 97.49
13.72, 1.372, 98.00
13.73, 1.373, 101.1
13.74, 1.374, 100.2
13.75, 1.375, 103.9
13.76, 1.376, 101.0
13.77, 1.377, 102.7
13.78, 1.378, 105.5
13.79, 1.379, 103.3
13.80, 1.380, 106.0
13.81, 1.381, 106.2
13.82, 1.382, 104.8
13.83, 1.383, 108.5
13.84, 1.384, 108.6
13.85, 1.385, 109.4
13.86, 1.386, 106.8
13.87, 1.387, 109.6
13.88, 1.388, 109.5
13.89, 1.389, 110.8
13.90, 1.390, 109.5
13.91, 1.391, 109.9
13.92, 1.392, 107.9
13.93, 1.393, 109.7
13.94, 1.394, 108.2
13.95, 1.395, 108.0
13.96, 1.396, 112.2
13.97, 1.397, 111.0
13.98, 1.398, 113.3
13.99, 1.399, 110.4
14.00, 1.400, 110.9
14.01, 1.401, 110.3
14.02, 1.402, 112.5
14.03, 1.403, 107.7
14.04, 1.404, 108.1
14.05, 1.405, 111.1
14.06, 1.406, 106.5
14.07, 1.407, 110.2
14.08, 1.408, 106.7
14.09, 1.409, 109.1
14.10, 1.410, 105.5
14.11, 1.411, 106.1
14.12, 1.412, 104.5
14.13, 1.413, 104.6
14.14, 1.414, 103.5
14.15, 1.415, 104.2
14.16, 1.416, 105.6
14.17, 1.417, 105.7
14.18, 1.418, 102.1
14.19, 1.419, 102.5
14.20, 1.420, 103.8
14.21, 1.421, 101.6
14.22, 1.422, 101.0
14.23, 1.423, 97.93
14.24, 1.424, 99.19
14.25, 1.425, 94.32
14.26, 1.426, 95.75
14.27, 1.427, 93.47
14.28, 1.428, 94.88
14.29, 1.429, 92.13
14.30, 1.430, 89.09
14.31, 1.431, 92.57
14.32, 1.432, 90.24
14.33, 1.433, 90.56
14.34, 1.434, 87.23
14.35, 1.435, 87.19
14.36, 1.436, 84.74
14.37, 1.437, 86.35
14.38, 1.438, 83.32
14.39, 1.439, 81.42
14.40, 1.440, 81.42
14.41, 1.441, 79.83
14.42, 1.442, 81.77
14.43, 1.443, 78.47
14.44, 1.444, 78.45
14.45, 1.445, 77.84
14.46, 1.446, 76.51
14.47, 1.447, 78.58
14.48, 1.448, 74.85
14.49, 1.449, 76.16
14.50, 1.450, 73.06
14.51, 1.451, 73.18
14.52, 1.452, 73.78
14.53, 1.453, 73.36
14.54, 1.454, 73.45
14.55, 1.455, 68.26
14.56, 1.456, 71.31
14.57, 1.457, 71.76
14.58, 1.458, 70.97
14.59, 1.459, 69.89
14.60, 1.460, 69.17
14.61, 1.461, 69.02
14.62, 1.462, 68.86
14.63, 1.463, 68.32
14.64, 1.464, 69.12
14.65, 1.465, 68.77
14.66, 1.466, 68.92
14.67, 1.467, 69.14
14.68, 1.468, 65.43
14.69, 1.469, 66.53
14.70, 1.470, 63.60
14.71, 1.471, 65.63
14.72, 1.472, 64.85
14.73, 1.473, 64.42
14.74, 1.474, 66.74
14.75, 1.475, 63.95
14.76, 1.476, 63.70
14.77, 1.477, 61.51
14.78, 1.478, 62.87
14.79, 1.479, 60.62
14.80, 1.480, 62.36
14.81, 1.481, 59.53
14.82, 1.482, 62.42
14.83, 1.483, 61.75
14.84, 1.484, 61.49
14.85, 1.485, 61.55
14.86, 1.486, 60.70
14.87, 1.487, 61.81
14.88, 1.488, 59.28
14.89, 1.489, 60.59
14.90, 1.490, 59.40
14.91, 1.491, 62.06
14.92, 1.492, 59.10
14.93, 1.493, 60.92
14.94, 1.494, 57.52
14.95, 1.495, 59.73
14.96, 1.496, 58.87
14.97, 1.497, 57.62
14.98, 1.498, 60.04
14.99, 1.499, 58.47
15.00, 1.500, 59.44
15.01, 1.501, 54.18
15.02, 1.502, 59.31
15.03, 1.503, 57.08
15.04, 1.504, 58.10
15.05, 1.505, 57.14
15.06, 1.506, 58.23
15.07, 1.507, 56.86
15.08, 1.508, 57.31
15.09, 1.509, 57.61
15.10, 1.510, 57.61
15.11, 1.511, 58.76
15.12, 1.512, 55.62
15.13, 1.513, 58.05
15.14, 1.514, 55.52
15.15, 1.515, 56.82
15.16, 1.516, 54.60
15.17, 1.517, 56.55
15.18, 1.518, 52.87
15.19, 1.519, 57.61
15.20, 1.520, 54.24
15.21, 1.521, 54.26
15.22, 1.522, 55.44
15.23, 1.523, 56.00
15.24, 1.524, 56.60
15.25, 1.525, 55.17
15.26, 1.526, 55.08
15.27, 1.527, 54.75
15.28, 1.528, 55.83
15.29, 1.529, 53.67
15.30, 1.530, 56.16
15.31, 1.531, 52.95
15.32, 1.532, 55.42
15.33, 1.533, 51.95
15.34, 1.534, 54.27
15.35, 1.535, 51.59
15.36, 1.536, 55.93
15.37, 1.537, 53.47
15.38, 1.538, 53.59
15.39, 1.539, 56.91
15.40, 1.540, 52.66
15.41, 1.541, 57.94
15.42, 1.542, 54.51
15.43, 1.543, 57.42
15.44, 1.544, 53.38
15.45, 1.545, 57.79
15.46, 1.546, 53.60
15.47, 1.547, 55.81
15.48, 1.548, 56.57
15.49, 1.549, 53.49
15.50, 1.550, 56.22
15.51, 1.551, 53.41
15.52, 1.552, 55.54
15.53, 1.553, 53.66
15.54, 1.554, 56.79
15.55, 1.555, 54.40
15.56, 1.556, 55.48
15.57, 1.557, 54.88
15.58, 1.558, 54.51
15.59, 1.559, 55.85
15.60, 1.560, 55.48
15.61, 1.561, 57.13
15.62, 1.562, 54.89
15.63, 1.563, 57.58
15.64, 1.564, 52.25
15.65, 1.565, 54.87
15.66, 1.566, 52.47
15.67, 1.567, 55.25
15.68, 1.568, 53.14
15.69, 1.569, 53.66
15.70, 1.570, 55.30
15.71, 1.571, 55.03
15.72, 1.572, 54.85
15.73, 1.573, 53.29
15.74, 1.574, 56.10
15.75, 1.575, 50.94
15.76, 1.576, 55.11
15.77, 1.577, 53.04
15.78, 1.578, 55.14
15.79, 1.579, 57.42
15.80, 1.580, 55.70
15.81, 1.581, 55.74
15.82, 1.582, 52.52
15.83, 1.583, 56.80
15.84, 1.584, 55.63
15.85, 1.585, 58.09
15.86, 1.586, 55.96
15.87, 1.587, 56.53
15.88, 1.588, 58.51
15.89, 1.589, 54.03
15.90, 1.590, 57.44
15.91, 1.591, 54.41
15.92, 1.592, 56.91
15.93, 1.593, 54.15
15.94, 1.594, 55.00
15.95, 1.595, 56.16
15.96, 1.596, 54.77
15.97, 1.597, 55.68
15.98, 1.598, 51.13
15.99, 1.599, 57.27
16.00, 1.600, 54.36
16.01, 1.601, 56.09
16.02, 1.602, 57.88
16.03, 1.603, 54.61
16.04, 1.604, 57.69
16.05, 1.605, 54.27
16.06, 1.606, 55.90
16.07, 1.607, 56.35
16.08, 1.608, 55.22
16.09, 1.609, 55.20
16.10, 1.610, 55.58
16.11, 1.611, 54.73
16.12, 1.612, 54.65
16.13, 1.613, 58.63
16.14, 1.614, 57.47
16.15, 1.615, 56.63
16.16, 1.616, 54.86
16.17, 1.617, 55.89
16.18, 1.618, 57.40
16.19, 1.619, 58.45
16.20, 1.620, 58.23
16.21, 1.621, 55.44
16.22, 1.622, 58.91
16.23, 1.623, 56.79
16.24, 1.624, 59.74
16.25, 1.625, 56.76
16.26, 1.626, 57.74
16.27, 1.627, 57.01
16.28, 1.628, 57.75
16.29, 1.629, 59.70
16.30, 1.630, 56.80
16.31, 1.631, 60.12
16.32, 1.632, 56.02
16.33, 1.633, 59.44
16.34, 1.634, 58.45
16.35, 1.635, 57.13
16.36, 1.636, 57.83
16.37, 1.637, 57.47
16.38, 1.638, 60.77
16.39, 1.639, 59.35
16.40, 1.640, 60.90
16.41, 1.641, 60.31
16.42, 1.642, 59.40
16.43, 1.643, 56.62
16.44, 1.644, 60.31
16.45, 1.645, 56.89
16.46, 1.646, 60.39
16.47, 1.647, 61.29
16.48, 1.648, 59.42
16.49, 1.649, 59.83
16.50, 1.650, 60.88
16.51, 1.651, 61.44
16.52, 1.652, 60.42
16.53, 1.653, 61.58
16.54, 1.654, 59.91
16.55, 1.655, 62.41
16.56, 1.656, 59.39
16.57, 1.657, 62.96
16.58, 1.658, 62.33
16.59, 1.659, 60.65
16.60, 1.660, 65.04
16.61, 1.661, 61.91
16.62, 1.662, 62.94
16.63, 1.663, 59.72
16.64, 1.664, 61.50
16.65, 1.665, 61.23
16.66, 1.666, 63.58
16.67, 1.667, 65.51
16.68, 1.668, 62.27
16.69, 1.669, 67.18
16.70, 1.670, 64.41
16.71, 1.671, 66.18
16.72, 1.672, 63.68
16.73, 1.673, 63.94
16.74, 1.674, 62.25
16.75, 1.675, 66.58
16.76, 1.676, 63.54
16.77, 1.677, 65.95
16.78, 1.678, 65.89
16.79, 1.679, 65.24
16.80, 1.680, 66.47
16.81, 1.681, 63.85
16.82, 1.682, 68.16
16.83, 1.683, 64.05
16.84, 1.684, 67.51
16.85, 1.685, 66.34
16.86, 1.686, 66.44
16.87, 1.687, 68.30
16.88, 1.688, 66.27
16.89, 1.689, 69.79
16.90, 1.690, 64.47
16.91, 1.691, 68.79
16.92, 1.692, 67.69
16.93, 1.693, 68.72
16.94, 1.694, 69.02
16.95, 1.695, 69.06
16.96, 1.696, 71.19
16.97, 1.697, 66.76
16.98, 1.698, 69.47
16.99, 1.699, 67.90
17.00, 1.700, 73.90
17.01, 1.701, 69.25
17.02, 1.702, 71.57
17.03, 1.703, 72.65
17.04, 1.704, 71.71
17.05, 1.705, 70.12
17.06, 1.706, 69.61
17.07, 1.707, 74.31
17.08, 1.708, 72.92
17.09, 1.709, 74.56
17.10, 1.710, 73.10
17.11, 1.711, 75.71
17.12, 1.712, 72.89
17.13, 1.713, 76.47
17.14, 1.714, 73.49
17.15, 1.715, 74.35
17.16, 1.716, 76.38
17.17, 1.717, 74.16
17.18, 1.718, 76.90
17.19, 1.719, 75.50
17.20, 1.720, 76.39
17.21, 1.721, 76.18
17.22, 1.722, 76.15
17.23, 1.723, 76.12
17.24, 1.724, 74.78
17.25, 1.725, 78.19
17.26, 1.726, 78.01
17.27, 1.727, 80.52
17.28, 1.728, 76.87
17.29, 1.729, 78.50
17.30, 1.730, 77.47
17.31, 1.731, 81.33
17.32, 1.732, 78.49
17.33, 1.733, 78.67
17.34, 1.734, 80.57
17.35, 1.735, 81.23
17.36, 1.736, 79.86
17.37, 1.737, 81.52
17.38, 1.738, 83.98
17.39, 1.739, 82.38
17.40, 1.740, 84.59
17.41, 1.741, 83.83
17.42, 1.742, 85.43
17.43, 1.743, 83.27
17.44, 1.744, 85.02
17.45, 1.745, 86.12
17.46, 1.746, 85.14
17.47, 1.747, 87.34
17.48, 1.748, 87.31
17.49, 1.749, 86.49
17.50, 1.750, 86.35
17.51, 1.751, 87.96
17.52, 1.752, 86.64
17.53, 1.753, 89.78
17.54, 1.754, 89.30
17.55, 1.755, 89.73
17.56, 1.756, 88.55
17.57, 1.757, 93.00
17.58, 1.758, 89.11
17.59, 1.759, 91.97
17.60, 1.760, 91.86
17.61, 1.761, 95.24
17.62, 1.762, 90.80
17.63, 1.763, 92.80
17.64, 1.764, 89.63
17.65, 1.765, 92.06
17.66, 1.766, 93.67
17.67, 1.767, 96.00
17.68, 1.768, 94.42
17.69, 1.769, 95.37
17.70, 1.770, 92.79
17.71, 1.771, 96.09
17.72, 1.772, 97.31
17.73, 1.773, 98.62
17.74, 1.774, 98.61
17.75, 1.775, 98.28
17.76, 1.776, 99.49
17.77, 1.777, 100.5
17.78, 1.778, 101.3
17.79, 1.779, 100.9
17.80, 1.780, 103.3
17.81, 1.781, 100.2
17.82, 1.782, 104.0
17.83, 1.783, 103.6
17.84, 1.784, 105.6
17.85, 1.785, 103.4
17.86, 1.786, 108.2
17.87, 1.787, 104.2
17.88, 1.788, 106.1
17.89, 1.789, 105.9
17.90, 1.790, 110.1
17.91, 1.791, 107.1
17.92, 1.792, 111.2
17.93, 1.793, 110.5
17.94, 1.794, 111.3
17.95, 1.795, 112.2
17.96, 1.796, 115.2
17.97, 1.797, 113.3
17.98, 1.798, 113.8
17.99, 1.799, 116.8
18.00, 1.800, 115.8
18.01, 1.801, 118.0
18.02, 1.802, 116.1
18.03, 1.803, 118.6
18.04, 1.804, 120.0
18.05, 1.805, 120.4
18.06, 1.806, 120.3
18.07, 1.807, 123.3
18.08, 1.808, 121.8
18.09, 1.809, 122.4
18.10, 1.810, 122.6
18.11, 1.811, 123.7
18.12, 1.812, 125.5
18.13, 1.813, 127.1
18.14, 1.814, 124.2
18.15, 1.815, 124.0
18.16, 1.816, 126.4
18.17, 1.817, 128.0
18.18, 1.818, 129.7
18.19, 1.819, 127.9
18.20, 1.820, 127.1
18.21, 1.821, 131.6
18.22, 1.822, 133.9
18.23, 1.823, 133.4
18.24, 1.824, 134.6
18.25, 1.825, 134.4
18.26, 1.826, 138.1
18.27, 1.827, 136.8
18.28, 1.828, 137.6
18.29, 1.829, 140.5
18.30, 1.830, 141.6
18.31, 1.831, 140.2
18.32, 1.832, 143.3
18.33, 1.833, 143.2
18.34, 1.834, 143.8
18.35, 1.835, 143.8
18.36, 1.836, 147.7
18.37, 1.837, 146.7
18.38, 1.838, 149.5
18.39, 1.839, 149.7
18.40, 1.840, 152.3
18.41, 1.841, 152.1
18.42, 1.842, 153.4
18.43, 1.843, 155.2
18.44, 1.844, 151.5
18.45, 1.845, 155.8
18.46, 1.846, 156.4
18.47, 1.847, 156.5
18.48, 1.848, 158.3
18.49, 1.849, 160.6
18.50, 1.850, 159.2
18.51, 1.851, 163.7
18.52, 1.852, 164.7
18.53, 1.853, 163.2
18.54, 1.854, 166.1
18.55, 1.855, 166.1
18.56, 1.856, 171.7
18.57, 1.857, 169.1
18.58, 1.858, 171.0
18.59, 1.859, 170.1
18.60, 1.860, 174.4
18.61, 1.861, 171.4
18.62, 1.862, 173.3
18.63, 1.863, 175.7
18.64, 1.864, 177.6
18.65, 1.865, 176.3
18.66, 1.866, 181.8
18.67, 1.867, 178.4
18.68, 1.868, 182.1
18.69, 1.869, 181.9
18.70, 1.870, 186.1
18.71, 1.871, 184.9
18.72, 1.872, 187.5
18.73, 1.873, 187.2
18.74, 1.874, 190.1
18.75, 1.875, 191.8
18.76, 1.876, 193.1
18.77, 1.877, 193.5
18.78, 1.878, 195.2
18.79, 1.879, 198.7
18.80, 1.880, 198.1
18.81, 1.881, 200.5
18.82, 1.882, 200.1
18.83, 1.883, 205.4
18.84, 1.884, 202.2
18.85, 1.885, 206.8
18.86, 1.886, 206.4
18.87, 1.887, 209.2
18.88, 1.888, 206.7
18.89, 1.889, 212.4
18.90, 1.890, 212.7
18.91, 1.891, 214.3
18.92, 1.892, 215.4
18.93, 1.893, 215.2
18.94, 1.894, 216.8
18.95, 1.895, 218.5
18.96, 1.896, 220.6
18.97, 1.897, 218.3
18.98, 1.898, 224.7
18.99, 1.899, 223.5
19.00, 1.900, 227.0
19.01, 1.901, 227.2
19.02, 1.902, 230.2
19.03, 1.903, 229.9
19.04, 1.904, 232.3
19.05, 1.905, 232.7
19.06, 1.906, 235.1
19.07, 1.907, 234.9
19.08, 1.908, 236.2
19.09, 1.909, 239.9
19.10, 1.910, 239.2
19.11, 1.911, 242.5
19.12, 1.912, 241.7
19.13, 1.913, 247.1
19.14, 1.914, 246.1
19.15, 1.915, 252.6
19.16, 1.916, 249.2
19.17, 1.917, 254.8
19.18, 1.918, 254.5
19.19, 1.919, 258.4
19.20, 1.920, 260.4
19.21, 1.921, 262.5
19.22, 1.922, 263.9
19.23, 1.923, 264.1
19.24, 1.924, 265.5
19.25, 1.925, 267.8
19.26, 1.926, 269.7
19.27, 1.927, 270.1
19.28, 1.928, 273.9
19.29, 1.929, 274.5
19.30, 1.930, 278.3
19.31, 1.931, 277.4
19.32, 1.932, 282.1
19.33, 1.933, 281.6
19.34, 1.934, 285.8
19.35, 1.935, 284.8
19.36, 1.936, 289.3
19.37, 1.937, 286.8
19.38, 1.938, 290.3
19.39, 1.939, 290.0
19.40, 1.940, 291.6
19.41, 1.941, 294.1
19.42, 1.942, 295.2
19.43, 1.943, 299.9
19.44, 1.944, 298.5
19.45, 1.945, 304.1
19.46, 1.946, 303.1
19.47, 1.947, 308.6
19.48, 1.948, 306.0
19.49, 1.949, 308.9
19.50, 1.950, 311.0
19.51, 1.951, 313.8
19.52, 1.952, 314.3
19.53, 1.953, 316.8
19.54, 1.954, 320.6
19.55, 1.955, 320.9
19.56, 1.956, 323.3
19.57, 1.957, 322.8
19.58, 1.958, 327.4
19.59, 1.959, 325.7
19.60, 1.960, 331.3
19.61, 1.961, 334.4
19.62, 1.962, 337.4
19.63, 1.963, 341.6
19.64, 1.964, 340.5
19.65, 1.965, 345.0
19.66, 1.966, 343.8
19.67, 1.967, 349.5
19.68, 1.968, 350.1
19.69, 1.969, 352.6
19.70, 1.970, 352.5
19.71, 1.971, 354.5
19.72, 1.972, 360.2
19.73, 1.973, 356.1
19.74, 1.974, 360.1
19.75, 1.975, 360.8
19.76, 1.976, 365.0
19.77, 1.977, 367.3
19.78, 1.978, 368.7
19.79, 1.979, 371.3
19.80, 1.980, 370.9
19.81, 1.981, 373.5
19.82, 1.982, 374.0
19.83, 1.983, 375.7
19.84, 1.984, 373.1
19.85, 1.985, 373.3
19.86, 1.986, 372.3
19.87, 1.987, 372.4
19.88, 1.988, 371.9
19.89, 1.989, 370.8
19.90, 1.990, 370.1
19.91, 1.991, 369.4
19.92, 1.992, 369.6
19.93, 1.993, 367.5
19.94, 1.994, 368.0
19.95, 1.995, 366.4
19.96, 1.996, 365.6
19.97, 1.997, 365.4
19.98, 1.998, 366.7
19.99, 1.999, 365.1
20.00, 2.000, 363.9
20.01, 1.999, 363.2
20.02, 1.998, 361.9
20.03, 1.997, 361.7
20.04, 1.996, 361.0
20.05, 1.995, 361.5
20.06, 1.994, 359.5
20.07, 1.993, 359.8
20.08, 1.992, 359.6
20.09, 1.991, 358.1
20.10, 1.990, 357.1
20.11, 1.989, 357.4
20.12, 1.988, 358.8
20.13, 1.987, 356.2
20.14, 1.986, 356.0
20.15, 1.985, 355.4
20.16, 1.984, 354.8
20.17, 1.983, 353.4
20.18, 1.982, 352.6
20.19, 1.981, 351.2
20.20, 1.980, 348.2
20.21, 1.979, 346.5
20.22, 1.978, 341.8
20.23, 1.977, 340.1
20.24, 1.976, 336.0
20.25, 1.975, 333.4
20.26, 1.974, 331.6
20.27, 1.973, 327.4
20.28, 1.972, 323.1
20.29, 1.971, 322.0
20.30, 1.970, 318.2
20.31, 1.969, 316.1
20.32, 1.968, 314.6
20.33, 1.967, 310.0
20.34, 1.966, 307.9
20.35, 1.965, 304.7
20.36, 1.964, 304.0
20.37, 1.963, 299.2
20.38, 1.962, 297.6
20.39, 1.961, 294.1
20.40, 1.960, 293.5
20.41, 1.959, 286.9
20.42, 1.958, 285.4
20.43, 1.957, 282.0
20.44, 1.956, 279.5
20.45, 1.955, 275.4
20.46, 1.954, 274.2
20.47, 1.953, 272.7
20.48, 1.952, 270.4
20.49, 1.951, 267.3
20.50, 1.950, 263.9
20.51, 1.949, 262.0
20.52, 1.948, 256.5
20.53, 1.947, 254.8
20.54, 1.946, 254.9
20.55, 1.945, 251.3
20.56, 1.944, 248.3
20.57, 1.943, 246.2
20.58, 1.942, 243.8
20.59, 1.941, 240.7
20.60, 1.940, 239.0
20.61, 1.939, 236.1
20.62, 1.938, 237.6
20.63, 1.937, 231.7
20.64, 1.936, 232.0
20.65, 1.935, 229.8
20.66, 1.934, 226.1
20.67, 1.933, 224.1
20.68, 1.932, 225.4
20.69, 1.931, 221.0
20.70, 1.930, 217.5
20.71, 1.929, 216.6
20.72, 1.928, 214.0
20.73, 1.927, 213.5
20.74, 1.926, 210.4
20.75, 1.925, 209.3
20.76, 1.924, 207.0
20.77, 1.923, 207.0
20.78, 1.922, 202.5
20.79, 1.921, 201.3
20.80, 1.920, 195.6
20.81, 1.919, 198.9
20.82, 1.918, 193.7
20.83, 1.917, 192.8
20.84, 1.916, 187.9
20.85, 1.915, 186.5
20.86, 1.914, 184.5
20.87, 1.913, 186.2
20.88, 1.912, 183.3
20.89, 1.911, 180.4
20.90, 1.910, 179.3
20.91, 1.909, 175.5
20.92, 1.908, 171.9
20.93, 1.907, 173.3
20.94, 1.906, 170.9
20.95, 1.905, 168.8
20.96, 1.904, 168.4
20.97, 1.903, 166.7
20.98, 1.902, 164.0
20.99, 1.901, 166.4
21.00, 1.900, 162.1
21.01, 1.899, 162.1
21.02, 1.898, 155.5
21.03, 1.897, 158.4
21.04, 1.896, 155.1
21.05, 1.895, 153.7
21.06, 1.894, 149.8
21.07, 1.893, 152.1
21.08, 1.892, 148.5
21.09, 1.891, 148.7
21.10, 1.890, 148.1
21.11, 1.889, 145.0
21.12, 1.888, 143.8
21.13, 1.887, 142.6
21.14, 1.886, 142.1
21.15, 1.885, 138.1
21.16, 1.884, 138.3
21.17, 1.883, 132.8
21.18, 1.882, 136.2
21.19, 1.881, 134.0
21.20, 1.880, 133.0
21.21, 1.879, 130.1
21.22, 1.878, 131.4
21.23, 1.877, 129.6
21.24, 1.876, 126.1
21.25, 1.875, 128.3
21.26, 1.874, 124.2
21.27, 1.873, 125.9
21.28, 1.872, 122.4
21.29, 1.871, 121.2
21.30, 1.870, 118.6
21.31, 1.869, 121.1
21.32, 1.868, 115.1
21.33, 1.867, 114.5
21.34, 1.866, 111.2
21.35, 1.865, 113.7
21.36, 1.864, 110.7
21.37, 1.863, 109.8
21.38, 1.862, 109.1
21.39, 1.861, 108.9
21.40, 1.860, 106.3
21.41, 1.859, 107.0
21.42, 1.858, 107.9
21.43, 1.857, 102.4
21.44, 1.856, 105.2
21.45, 1.855, 101.8
21.46, 1.854, 102.4
21.47, 1.853, 100.1
21.48, 1.852, 99.32
21.49, 1.851, 97.09
21.50, 1.850, 98.46
21.51, 1.849, 94.87
21.52, 1.848, 95.47
21.53, 1.847, 91.23
21.54, 1.846, 94.68
21.55, 1.845, 89.91
21.56, 1.844, 92.37
21.57, 1.843, 90.82
21.58, 1.842, 90.41
21.59, 1.841, 90.14
21.60, 1.840, 86.81
21.61, 1.839, 88.83
21.62, 1.838, 86.98
21.63, 1.837, 85.66
21.64, 1.836, 82.93
21.65, 1.835, 82.88
21.66, 1.834, 81.23
21.67, 1.833, 80.62
21.68, 1.832, 78.77
21.69, 1.831, 81.14
21.70, 1.830, 77.98
21.71, 1.829, 77.87
21.72, 1.828, 77.89
21.73, 1.827, 76.23
21.74, 1.826, 77.24
21.75, 1.825, 72.21
21.76, 1.824, 75.60
21.77, 1.823, 73.14
21.78, 1.822, 73.42
21.79, 1.821, 71.07
21.80, 1.820, 72.95
21.81, 1.819, 71.86
21.82, 1.818, 69.50
21.83, 1.817, 70.35
21.84, 1.816, 69.01
21.85, 1.815, 69.46
21.86, 1.814, 66.75
21.87, 1.813, 68.58
21.88, 1.812, 65.03
21.89, 1.811, 65.46
21.90, 1.810, 65.04
21.91, 1.809, 65.12
21.92, 1.808, 64.61
21.93, 1.807, 61.96
21.94, 1.806, 62.79
21.95, 1.805, 63.29
21.96, 1.804, 63.51
21.97, 1.803, 61.49
21.98, 1.802, 62.67
21.99, 1.801, 58.67
22.00, 1.800, 59.45
22.01, 1.799, 58.32
22.02, 1.798, 57.07
22.03, 1.797, 56.42
22.04, 1.796, 57.21
22.05, 1.795, 55.55
22.06, 1.794, 54.68
22.07, 1.793, 54.03
22.08, 1.792, 56.20
22.09, 1.791, 55.17
22.10, 1.790, 50.50
22.11, 1.789, 55.48
22.12, 1.788, 52.13
22.13, 1.787, 52.37
22.14, 1.786, 47.76
22.15, 1.785, 50.32
22.16, 1.784, 48.33
22.17, 1.783, 49.10
22.18, 1.782, 48.69
22.19, 1.781, 48.24
22.20, 1.780, 49.57
22.21, 1.779, 47.36
22.22, 1.778, 48.93
22.23, 1.777, 47.15
22.24, 1.776, 48.00
22.25, 1.775, 44.23
22.26, 1.774, 46.85
22.27, 1.773, 43.70
22.28, 1.772, 45.91
22.29, 1.771, 43.65
22.30, 1.770, 45.82
22.31, 1.769, 43.80
22.32, 1.768, 43.99
22.33, 1.767, 45.78
22.34, 1.766, 43.16
22.35, 1.765, 43.35
22.36, 1.764, 40.62
22.37, 1.763, 44.62
22.38, 1.762, 41.32
22.39, 1.761, 41.81
22.40, 1.760, 39.88
22.41, 1.759, 43.12
22.42, 1.758, 38.57
22.43, 1.757, 40.95
22.44, 1.756, 39.45
22.45, 1.755, 39.80
22.46, 1.754, 38.63
22.47, 1.753, 38.70
22.48, 1.752, 36.55
22.49, 1.751, 39.19
22.50, 1.750, 40.59
22.51, 1.749, 38.85
22.52, 1.748, 39.40
22.53, 1.747, 36.71
22.54, 1.746, 37.96
22.55, 1.745, 36.52
22.56, 1.744, 36.45
22.57, 1.743, 35.19
22.58, 1.742, 36.48
22.59, 1.741, 31.84
22.60, 1.740, 35.58
22.61, 1.739, 34.80
22.62, 1.738, 33.56
22.63, 1.737, 35.26
22.64, 1.736, 33.84
22.65, 1.735, 36.32
22.66, 1.734, 33.30
22.67, 1.733, 33.75
22.68, 1.732, 32.82
22.69, 1.731, 33.98
22.70, 1.730, 33.76
22.71, 1.729, 32.16
22.72, 1.728, 32.11
22.73, 1.727, 31.11
22.74, 1.726, 33.14
22.75, 1.725, 31.26
22.76, 1.724, 33.10
22.77, 1.723, 30.86
22.78, 1.722, 31.11
22.79, 1.721, 28.74
22.80, 1.720, 31.85
22.81, 1.719, 28.87
22.82, 1.718, 29.89
22.83, 1.717, 29.51
22.84, 1.716, 31.32
22.85, 1.715, 28.92
22.86, 1.714, 29.72
22.87, 1.713, 29.98
22.88, 1.712, 28.10
22.89, 1.711, 30.17
22.90, 1.710, 27.93
22.91, 1.709, 31.07
22.92, 1.708, 26.60
22.93, 1.707, 28.02
22.94, 1.706, 26.53
22.95, 1.705, 29.27
22.96, 1.704, 28.77
22.97, 1.703, 27.21
22.98, 1.702, 28.28
22.99, 1.701, 25.78
23.00, 1.700, 27.01
23.01, 1.699, 25.73
23.02, 1.698, 25.08
23.03, 1.697, 24.72
23.04, 1.696, 25.66
23.05, 1.695, 23.96
23.06, 1.694, 26.06
23.07, 1.693, 23.06
23.08, 1.692, 25.20
23.09, 1.691, 21.43
23.10, 1.690, 25.55
23.11, 1.689, 26.04
23.12, 1.688, 24.75
23.13, 1.687, 24.19
23.14, 1.686, 26.24
23.15, 1.685, 26.52
23.16, 1.684, 24.66
23.17, 1.683, 27.18
23.18, 1.682, 25.05
23.19, 1.681, 26.34
23.20, 1.680, 23.89
23.21, 1.679, 24.22
23.22, 1.678, 22.99
23.23, 1.677, 23.96
23.24, 1.676, 23.36
23.25, 1.675, 23.56
23.26, 1.674, 23.33
23.27, 1.673, 21.64
23.28, 1.672, 22.47
23.29, 1.671, 22.73
23.30, 1.670, 20.48
23.31, 1.669, 22.03
23.32, 1.668, 21.53
23.33, 1.667, 23.08
23.34, 1.666, 20.74
23.35, 1.665, 21.21
23.36, 1.664, 23.05
23.37, 1.663, 21.81
23.38, 1.662, 22.95
23.39, 1.661, 21.54
23.40, 1.660, 20.83
23.41, 1.659, 21.37
23.42, 1.658, 21.18
23.43, 1.657, 20.17
23.44, 1.656, 19.13
23.45, 1.655, 22.51
23.46, 1.654, 19.49
23.47, 1.653, 19.60
23.48, 1.652, 21.14
23.49, 1.651, 19.96
23.50, 1.650, 21.15
23.51, 1.649, 19.63
23.52, 1.648, 21.14
23.53, 1.647, 19.72
23.54, 1.646, 22.29
23.55, 1.645, 19.25
23.56, 1.644, 21.34
23.57, 1.643, 19.59
23.58, 1.642, 20.46
23.59, 1.641, 18.43
23.60, 1.640, 22.65
23.61, 1.639, 18.03
23.62, 1.638, 19.91
23.63, 1.637, 18.90
23.64, 1.636, 22.76
23.65, 1.635, 18.73
23.66, 1.634, 21.69
23.67, 1.633, 18.01
23.68, 1.632, 18.85
23.69, 1.631, 19.63
23.70, 1.630, 19.18
23.71, 1.629, 19.61
23.72, 1.628, 17.54
23.73, 1.627, 19.71
23.74, 1.626, 17.71
23.75, 1.625, 21.80
23.76, 1.624, 16.70
23.77, 1.623, 18.91
23.78, 1.622, 18.70
23.79, 1.621, 19.59
23.80, 1.620, 18.64
23.81, 1.619, 17.80
23.82, 1.618, 18.18
23.83, 1.617, 16.65
23.84, 1.616, 16.99
23.85, 1.615, 14.56
23.86, 1.614, 16.94
23.87, 1.613, 14.39
23.88, 1.612, 16.59
23.89, 1.611, 18.26
23.90, 1.610, 16.43
23.91, 1.609, 16.19
23.92, 1.608, 18.43
23.93, 1.607, 20.26
23.94, 1.606, 17.51
23.95, 1.605, 17.75
23.96, 1.604, 16.08
23.97, 1.603, 17.14
23.98, 1.602, 14.54
23.99, 1.601, 17.45
24.00, 1.600, 16.76
24.01, 1.599, 18.34
24.02, 1.598, 18.21
24.03, 1.597, 18.47
24.04, 1.596, 18.70
24.05, 1.595, 18.14
24.06, 1.594, 17.33
24.07, 1.593, 16.99
24.08, 1.592, 19.31
24.09, 1.591, 15.15
24.10, 1.590, 15.60
24.11, 1.589, 15.61
24.12, 1.588, 17.42
24.13, 1.587, 14.97
24.14, 1.586, 17.83
24.15, 1.585, 15.04
24.16, 1.584, 16.40
24.17, 1.583, 15.92
24.18, 1.582, 17.44
24.19, 1.581, 17.20
24.20, 1.580, 14.55
24.21, 1.579, 17.64
24.22, 1.578, 16.79
24.23, 1.577, 17.14
24.24, 1.576, 14.13
24.25, 1.575, 15.63
24.26, 1.574, 14.52
24.27, 1.573, 15.26
24.28, 1.572, 15.03
24.29, 1.571, 14.58
24.30, 1.570, 12.78
24.31, 1.569, 16.55
24.32, 1.568, 12.23
24.33, 1.567, 16.58
24.34, 1.566, 14.59
24.35, 1.565, 14.81
24.36, 1.564, 15.17
24.37, 1.563, 15.61
24.38, 1.562, 13.55
24.39, 1.561, 15.76
24.40, 1.560, 15.57
24.41, 1.559, 15.26
24.42, 1.558, 15.79
24.43, 1.557, 14.98
24.44, 1.556, 18.49
24.45, 1.555, 12.16
24.46, 1.554, 16.31
24.47, 1.553, 13.55
24.48, 1.552, 14.00
24.49, 1.551, 13.91
24.50, 1.550, 17.95
24.51, 1.549, 14.47
24.52, 1.548, 15.14
24.53, 1.547, 14.01
24.54, 1.546, 16.35
24.55, 1.545, 13.63
24.56, 1.544, 14.39
24.57, 1.543, 14.42
24.58, 1.542, 14.32
24.59, 1.541, 13.78
24.60, 1.540, 13.94
24.61, 1.539, 16.66
24.62, 1.538, 14.14
24.63, 1.537, 16.68
24.64, 1.536, 12.12
24.65, 1.535, 14.91
24.66, 1.534, 12.19
24.67, 1.533, 13.28
24.68, 1.532, 13.09
24.69, 1.531, 13.60
24.70, 1.530, 11.07
24.71, 1.529, 13.81
24.72, 1.528, 14.54
24.73, 1.527, 11.96
24.74, 1.526, 14.06
24.75, 1.525, 12.49
24.76, 1.524, 14.66
24.77, 1.523, 12.87
24.78, 1.522, 15.31
24.79, 1.521, 11.28
24.80, 1.520, 14.83
24.81, 1.519, 14.20
24.82, 1.518, 11.92
24.83, 1.517, 16.05
24.84, 1.516, 14.26
24.85, 1.515, 16.08
24.86, 1.514, 12.44
24.87, 1.513, 14.68
24.88, 1.512, 12.35
24.89, 1.511, 14.02
24.90, 1.510, 12.18
24.91, 1.509, 12.15
24.92, 1.508, 14.13
24.93, 1.507, 14.56
24.94, 1.506, 12.85
24.95, 1.505, 12.64
24.96, 1.504, 15.45
24.97, 1.503, 10.74
24.98, 1.502, 16.84
24.99, 1.501, 13.25
25.00, 1.500, 13.73
25.01, 1.499, 14.49
25.02, 1.498, 12.81
25.03, 1.497, 12.53
25.04, 1.496, 14.74
25.05, 1.495, 15.81
25.06, 1.494, 12.98
25.07, 1.493, 12.76
25.08, 1.492, 13.59
25.09, 1.491, 14.56
25.10, 1.490, 12.47
25.11, 1.489, 12.38
25.12, 1.488, 10.36
25.13, 1.487, 13.96
25.14, 1.486, 10.85
25.15, 1.485, 14.26
25.16, 1.484, 10.71
25.17, 1.483, 12.92
25.18, 1.482, 12.69
25.19, 1.481, 13.88
25.20, 1.480, 13.62
25.21, 1.479, 13.69
25.22, 1.478, 12.50
25.23, 1.477, 11.01
25.24, 1.476, 14.26
25.25, 1.475, 10.59
25.26, 1.474, 14.68
25.27, 1.473, 12.68
25.28, 1.472, 11.91
25.29, 1.471, 14.22
25.30, 1.470, 13.04
25.31, 1.469, 12.45
25.32, 1.468, 14.36
25.33, 1.467, 11.36
25.34, 1.466, 11.62
25.35, 1.465, 13.93
25.36, 1.464, 12.11
25.37, 1.463, 13.38
25.38, 1.462, 11.59
25.39, 1.461, 14.37
25.40, 1.460, 10.64
25.41, 1.459, 11.48
25.42, 1.458, 10.87
25.43, 1.457, 11.71
25.44, 1.456, 11.13
25.45, 1.455, 11.77
25.46, 1.454, 13.21
25.47, 1.453, 11.86
25.48, 1.452, 13.49
25.49, 1.451, 12.27
25.50, 1.450, 12.73
25.51, 1.449, 7.865
25.52, 1.448, 11.36
25.53, 1.447, 8.063
25.54, 1.446, 11.42
25.55, 1.445, 6.311
25.56, 1.444, 9.675
25.57, 1.443, 8.505
25.58, 1.442, 11.28
25.59, 1.441, 9.492
25.60, 1.440, 10.44
25.61, 1.439, 10.74
25.62, 1.438, 10.10
25.63, 1.437, 11.16
25.64, 1.436, 8.211
25.65, 1.435, 10.94
25.66, 1.434, 8.816
25.67, 1.433, 10.54
25.68, 1.432, 8.714
25.69, 1.431, 10.21
25.70, 1.430, 8.401
25.71, 1.429, 11.06
25.72, 1.428, 8.506
25.73, 1.427, 8.552
25.74, 1.426, 9.640
25.75, 1.425, 10.27
25.76, 1.424, 11.68
25.77, 1.423, 8.035
25.78, 1.422, 11.10
25.79, 1.421, 11.14
25.80, 1.420, 11.58
25.81, 1.419, 8.794
25.82, 1.418, 10.38
25.83, 1.417, 8.336
25.84, 1.416, 9.665
25.85, 1.415, 11.89
25.86, 1.414, 9.515
25.87, 1.413, 10.94
25.88, 1.412, 9.975
25.89, 1.411, 11.15
25.90, 1.410, 8.221
25.91, 1.409, 12.09
25.92, 1.408, 8.795
25.93, 1.407, 9.980
25.94, 1.406, 6.084
25.95, 1.405, 6.789
25.96, 1.404, 4.524
25.97, 1.403, 6.628
25.98, 1.402, 3.480
25.99, 1.401, 6.434
26.00, 1.400, 6.752
26.01, 1.399, 7.683
26.02, 1.398, 7.102
26.03, 1.397, 9.110
26.04, 1.396, 6.464
26.05, 1.395, 7.379
26.06, 1.394, 6.569
26.07, 1.393, 7.612
26.08, 1.392, 8.480
26.09, 1.391, 5.313
26.10, 1.390, 10.15
26.11, 1.389, 7.235
26.12, 1.388, 7.625
26.13, 1.387, 4.831
26.14, 1.386, 8.078
26.15, 1.385, 7.971
26.16, 1.384, 5.622
26.17, 1.383, 6.484
26.18, 1.382, 6.838
26.19, 1.381, 3.413
26.20, 1.380, 6.480
26.21, 1.379, 5.128
26.22, 1.378, 7.117
26.23, 1.377, 7.003
26.24, 1.376, 4.525
26.25, 1.375, 4.620
26.26, 1.374, 7.924
26.27, 1.373, 5.188
26.28, 1.372, 6.697
26.29, 1.371, 6.746
26.30, 1.370, 4.566
26.31, 1.369, 6.795
26.32, 1.368, 4.912
26.33, 1.367, 5.546
26.34, 1.366, 2.127
26.35, 1.365, 3.277
26.36, 1.364, 2.191
26.37, 1.363, 1.779
26.38, 1.362, 3.689
26.39, 1.361, 1.172
26.40, 1.360, 4.187
26.41, 1.359, 0.1852
26.42, 1.358, 2.844
26.43, 1.357, -0.1544
26.44, 1.356, 2.500
26.45, 1.355, 0.03515
26.46, 1.354, 3.367
26.47, 1.353, 0.3209
26.48, 1.352, 1.204
26.49, 1.351, 3.519
26.50, 1.350, 2.801
26.51, 1.349, 4.629
26.52, 1.348, 3.622
26.53, 1.347, 4.178
26.54, 1.346, 0.5497
26.55, 1.345, 1.803
26.56, 1.344, -1.759
26.57, 1.343, 3.027
26.58, 1.342, -1.481
26.59, 1.341, 1.774
26.60, 1.340, 3.067
26.61, 1.339, 2.389
26.62, 1.338, 1.528
26.63, 1.337, 1.806
26.64, 1.336, 1.980
26.65, 1.335, -0.2896
26.66, 1.334, 0.4415
26.67, 1.333, -0.3330
26.68, 1.332, -0.09059
26.69, 1.331, 1.185
26.70, 1.330, -0.1171
26.71, 1.329, 1.246
26.72, 1.328, 0.2479
26.73, 1.327, 2.235
26.74, 1.326, -1.802
26.75, 1.325, 0.09832
26.76, 1.324, -1.731
26.77, 1.323, 0.1555
26.78, 1.322, -3.834
26.79, 1.321, -1.252
26.80, 1.320, -1.646
26.81, 1.319, -4.924
26.82, 1.318, -1.417
26.83, 1.317, -2.223
26.84, 1.316, -2.281
26.85, 1.315, -0.06412
26.86, 1.314, -2.125
26.87, 1.313, 0.9018
26.88, 1.312, -2.269
26.89, 1.311, -0.1141
26.90, 1.310, -3.585
26.91, 1.309, -0.6891
26.92, 1.308, 0.8427
26.93, 1.307, -1.005
26.94, 1.306, 0.1536
26.95, 1.305, -2.417
26.96, 1.304, -0.9958
26.97, 1.303, -1.777
26.98, 1.302, -0.3463
26.99, 1.301, -2.482
27.00, 1.300, -1.534
27.01, 1.299, -0.9741
27.02, 1.298, -1.993
27.03, 1.297, -1.411
27.04, 1.296, -1.427
27.05, 1.295, 0.3584
27.06, 1.294, -3.145
27.07, 1.293, -0.5772
27.08, 1.292, -1.534
27.09, 1.291, -5.685
27.10, 1.290, -0.9982
27.11, 1.289, -3.838
27.12, 1.288, -0.4136
27.13, 1.287, -4.592
27.14, 1.286, -1.258
27.15, 1.285, -2.304
27.16, 1.284, -2.070
27.17, 1.283, -0.9938
27.18, 1.282, -2.910
27.19, 1.281, 0.5945
27.20, 1.280, -5.026
27.21, 1.279, -3.763
27.22, 1.278, -8.253
27.23, 1.277, -4.929
27.24, 1.276, -2.457
27.25, 1.275, -5.390
27.26, 1.274, -3.247
27.27, 1.273, -3.840
27.28, 1.272, -1.665
27.29, 1.271, -4.112
27.30, 1.270, -3.487
27.31, 1.269, -2.935
27.32, 1.268, -3.045
27.33, 1.267, -2.729
27.34, 1.266, -3.954
27.35, 1.265, -4.991
27.36, 1.264, -3.538
27.37, 1.263, -1.075
27.38, 1.262, -3.125
27.39, 1.261, -4.001
27.40, 1.260, -4.973
27.41, 1.259, -3.324
27.42, 1.258, -5.016
27.43, 1.257, -3.611
27.44, 1.256, -4.491
27.45, 1.255, -4.911
27.46, 1.254, -0.2970
27.47, 1.253, -3.982
27.48, 1.252, -3.825
27.49, 1.251, -4.304
27.50, 1.250, -3.473
27.51, 1.249, -4.416
27.52, 1.248, -5.533
27.53, 1.247, -4.826
27.54, 1.246, -3.832
27.55, 1.245, -6.012
27.56, 1.244, -5.041
27.57, 1.243, -1.765
27.58, 1.242, -6.374
27.59, 1.241, -1.611
27.60, 1.240, -6.244
27.61, 1.239, -3.479
27.62, 1.238, -6.040
27.63, 1.237, -3.917
27.64, 1.236, -5.743
27.65, 1.235, -6.191
27.66, 1.234, -4.898
27.67, 1.233, -7.816
27.68, 1.232, -3.151
27.69, 1.231, -6.039
27.70, 1.230, -4.859
27.71, 1.229, -5.349
27.72, 1.228, -4.592
27.73, 1.227, -4.387
27.74, 1.226, -5.284
27.75, 1.225, -2.447
27.76, 1.224, -6.958
27.77, 1.223, -4.251
27.78, 1.222, -7.298
27.79, 1.221, -4.763
27.80, 1.220, -3.928
27.81, 1.219, -5.187
27.82, 1.218, -5.187
27.83, 1.217, -6.214
27.84, 1.216, -5.252
27.85, 1.215, -2.918
27.86, 1.214, -5.506
27.87, 1.213, -5.097
27.88, 1.212, -5.934
27.89, 1.211, -5.494
27.90, 1.210, -5.147
27.91, 1.209, -5.415
27.92, 1.208, -2.297
27.93, 1.207, -5.565
27.94, 1.206, -5.952
27.95, 1.205, -3.121
27.96, 1.204, -2.995
27.97, 1.203, -5.484
27.98, 1.202, -4.035
27.99, 1.201, -4.517
28.00, 1.200, -4.161
28.01, 1.199, -6.384
28.02, 1.198, -4.497
28.03, 1.197, -4.856
28.04, 1.196, -7.242
28.05, 1.195, -5.477
28.06, 1.194, -8.410
28.07, 1.193, -5.755
28.08, 1.192, -7.124
28.09, 1.191, -7.191
28.10, 1.190, -4.849
28.11, 1.189, -4.183
28.12, 1.188, -1.551
28.13, 1.187, -8.003
28.14, 1.186, -3.680
28.15, 1.185, -7.544
28.16, 1.184, -5.114
28.17, 1.183, -5.937
28.18, 1.182, -3.418
28.19, 1.181, -4.952
28.20, 1.180, -4.527
28.21, 1.179, -3.565
28.22, 1.178, -6.149
28.23, 1.177, -3.256
28.24, 1.176, -5.539
28.25, 1.175, -6.213
28.26, 1.174, -6.282
28.27, 1.173, -4.168
28.28, 1.172, -4.934
28.29, 1.171, -5.788
28.30, 1.170, -2.645
28.31, 1.169, -4.105
28.32, 1.168, -1.666
28.33, 1.167, -5.236
28.34, 1.166, -5.275
28.35, 1.165, -7.128
28.36, 1.164, -3.706
28.37, 1.163, -3.176
28.38, 1.162, -7.179
28.39, 1.161, -3.319
28.40, 1.160, -4.762
28.41, 1.159, -5.226
28.42, 1.158, -6.634
28.43, 1.157, -4.497
28.44, 1.156, -4.791
28.45, 1.155, -6.049
28.46, 1.154, -6.447
28.47, 1.153, -4.881
28.48, 1.152, -5.657
28.49, 1.151, -7.398
28.50, 1.150, -5.887
28.51, 1.149, -9.894
28.52, 1.148, -6.105
28.53, 1.147, -4.860
28.54, 1.146, -6.079
28.55, 1.145, -5.586
28.56, 1.144, -6.000
28.57, 1.143, -4.349
28.58, 1.142, -5.155
28.59, 1.141, -3.389
28.60, 1.140, -6.464
28.61, 1.139, -5.952
28.62, 1.138, -6.482
28.63, 1.137, -5.170
28.64, 1.136, -2.622
28.65, 1.135, -4.367
28.66, 1.134, -5.437
28.67, 1.133, -6.747
28.68, 1.132, -5.956
28.69, 1.131, -4.009
28.70, 1.130, -4.525
28.71, 1.129, -4.435
28.72, 1.128, -6.779
28.73, 1.127, -2.410
28.74, 1.126, -6.777
28.75, 1.125, -8.247
28.76, 1.124, -6.382
28.77, 1.123, -6.181
28.78, 1.122, -3.398
28.79, 1.121, -6.376
28.80, 1.120, -5.044
28.81, 1.119, -8.585
28.82, 1.118, -5.094
28.83, 1.117, -4.495
28.84, 1.116, -6.628
28.85, 1.115, -3.399
28.86, 1.114, -6.542
28.87, 1.113, -4.282
28.88, 1.112, -6.872
28.89, 1.111, -5.028
28.90, 1.110, -7.742
28.91, 1.109, -8.073
28.92, 1.108, -4.492
28.93, 1.107, -7.863
28.94, 1.106, -4.464
28.95, 1.105, -8.152
28.96, 1.104, -4.551
28.97, 1.103, -6.834
28.98, 1.102, -7.065
28.99, 1.101, -4.938
29.00, 1.100, -5.756
29.01, 1.099, -4.433
29.02, 1.098, -7.875
29.03, 1.097, -5.976
29.04, 1.096, -5.439
29.05, 1.095, -4.044
29.06, 1.094, -4.000
29.07, 1.093, -5.533
29.08, 1.092, -5.198
29.09, 1.091, -4.413
29.10, 1.090, -4.144
29.11, 1.089, -5.364
29.12, 1.088, -4.000
29.13, 1.087, -6.104
29.14, 1.086, -5.546
29.15, 1.085, -8.128
29.16, 1.084, -4.578
29.17, 1.083, -4.133
29.18, 1.082, -5.107
29.19, 1.081, -4.938
29.20, 1.080, -6.039
29.21, 1.079, -4.728
29.22, 1.078, -6.720
29.23, 1.077, -6.687
29.24, 1.076, -5.780
29.25, 1.075, -7.400
29.26, 1.074, -3.596
29.27, 1.073, -5.865
29.28, 1.072, -4.096
29.29, 1.071, -8.052
29.30, 1.070, -6.126
29.31, 1.069, -3.984
29.32, 1.068, -7.117
29.33, 1.067, -7.140
29.34, 1.066, -7.047
29.35, 1.065, -5.938
29.36, 1.064, -7.433
29.37, 1.063, -6.528
29.38, 1.062, -4.743
29.39, 1.061, -9.187
29.40, 1.060, -5.364
29.41, 1.059, -8.898
29.42, 1.058, -7.336
29.43, 1.057, -6.441
29.44, 1.056, -5.691
29.45, 1.055, -5.190
29.46, 1.054, -5.742
29.47, 1.053, -4.936
29.48, 1.052, -5.941
29.49, 1.051, -7.075
29.50, 1.050, -6.964
29.51, 1.049, -3.678
29.52, 1.048, -5.915
29.53, 1.047, -5.509
29.54, 1.046, -2.906
29.55, 1.045, -4.218
29.56, 1.044, -3.421
29.57, 1.043, -6.568
29.58, 1.042, -4.980
29.59, 1.041, -3.421
29.60, 1.040, -6.334
29.61, 1.039, -3.693
29.62, 1.038, -8.107
29.63, 1.037, -5.460
29.64, 1.036, -7.686
29.65, 1.035, -1.498
29.66, 1.034, -3.942
29.67, 1.033, -5.619
29.68, 1.032, -5.282
29.69, 1.031, -5.839
29.70, 1.030, -5.037
29.71, 1.029, -7.093
29.72, 1.028, -4.996
29.73, 1.027, -9.260
29.74, 1.026, -6.796
29.75, 1.025, -6.758
29.76, 1.024, -6.879
29.77, 1.023, -7.669
29.78, 1.022, -8.019
29.79, 1.021, -6.322
29.80, 1.020, -7.263
29.81, 1.019, -5.423
29.82, 1.018, -7.903
29.83, 1.017, -7.560
29.84, 1.016, -6.948
29.85, 1.015, -5.964
29.86, 1.014, -6.110
29.87, 1.013, -5.595
29.88, 1.012, -5.395
29.89, 1.011, -6.621
29.90, 1.010, -4.446
29.91, 1.009, -6.144
29.92, 1.008, -5.051
29.93, 1.007, -5.488
29.94, 1.006, -6.743
29.95, 1.005, -5.661
29.96, 1.004, -5.924
29.97, 1.003, -5.905
29.98, 1.002, -5.899
29.99, 1.001, -4.924
30.00, 1.000, -4.688
30.01, 0.9990, -2.858
30.02, 0.9980, -4.994
30.03, 0.9970, -3.436
30.04, 0.9960, -6.739
30.05, 0.9950, -4.131
30.06, 0.9940, -6.983
30.07, 0.9930, -6.749
30.08, 0.9920, -4.143
30.09, 0.9910, -5.458
30.10, 0.9900, -6.125
30.11, 0.9890, -7.715
30.12, 0.9880, -3.344
30.13, 0.9870, -7.805
30.14, 0.9860, -6.847
30.15, 0.9850, -5.656
30.16, 0.9840, -7.176
30.17, 0.9830, -5.854
30.18, 0.9820, -8.860
30.19, 0.9810, -6.978
30.20, 0.9800, -8.118
30.21, 0.9790, -5.728
30.22, 0.9780, -4.465
30.23, 0.9770, -6.987
30.24, 0.9760, -4.859
30.25, 0.9750, -6.083
30.26, 0.9740, -4.592
30.27, 0.9730, -7.782
30.28, 0.9720, -5.697
30.29, 0.9710, -4.764
30.30, 0.9700, -5.584
30.31, 0.9690, -7.486
30.32, 0.9680, -4.382
30.33, 0.9670, -4.220
30.34, 0.9660, -7.041
30.35, 0.9650, -6.401
30.36, 0.9640, -8.228
30.37, 0.9630, -5.541
30.38, 0.9620, -4.903
30.39, 0.9610, -4.841
30.40, 0.9600, -4.137
30.41, 0.9590, -6.211
30.42, 0.9580, -4.709
30.43, 0.9570, -5.448
30.44, 0.9560, -4.847
30.45, 0.9550, -6.661
30.46, 0.9540, -5.136
30.47, 0.9530, -5.737
30.48, 0.9520, -5.783
30.49, 0.9510, -4.808
30.50, 0.9500, -6.571
30.51, 0.9490, -4.893
30.52, 0.9480, -8.365
30.53, 0.9470, -5.265
30.54, 0.9460, -8.082
30.55, 0.9450, -5.589
30.56, 0.9440, -8.069
30.57, 0.9430, -10.05
30.58, 0.9420, -7.817
30.59, 0.9410, -7.404
30.60, 0.9400, -7.946
30.61, 0.9390, -6.099
30.62, 0.9380, -5.598
30.63, 0.9370, -6.494
30.64, 0.9360, -4.517
30.65, 0.9350, -6.225
30.66, 0.9340, -7.797
30.67, 0.9330, -6.651
30.68, 0.9320, -6.781
30.69, 0.9310, -4.864
30.70, 0.9300, -6.038
30.71, 0.9290, -4.079
30.72, 0.9280, -6.944
30.73, 0.9270, -3.748
30.74, 0.9260, -6.939
30.75, 0.9250, -4.539
30.76, 0.9240, -6.135
30.77, 0.9230, -6.804
30.78, 0.9220, -4.260
30.79, 0.9210, -6.249
30.80, 0.9200, -5.807
30.81, 0.9190, -6.155
30.82, 0.9180, -5.772
30.83, 0.9170, -6.315
30.84, 0.9160, -4.051
30.85, 0.9150, -7.615
30.86, 0.9140, -6.435
30.87, 0.9130, -7.751
30.88, 0.9120, -5.819
30.89, 0.9110, -4.206
30.90, 0.9100, -5.236
30.91, 0.9090, -6.865
30.92, 0.9080, -7.185
30.93, 0.9070, -4.935
30.94, 0.9060, -7.684
30.95, 0.9050, -6.879
30.96, 0.9040, -6.628
30.97, 0.9030, -6.556
30.98, 0.9020, -6.110
30.99, 0.9010, -7.888
31.00, 0.9000, -5.610
31.01, 0.8990, -5.806
31.02, 0.8980, -4.408
31.03, 0.8970, -7.472
31.04, 0.8960, -9.131
31.05, 0.8950, -7.177
31.06, 0.8940, -6.461
31.07, 0.8930, -8.212
31.08, 0.8920, -7.982
31.09, 0.8910, -3.356
31.10, 0.8900, -8.280
31.11, 0.8890, -6.134
31.12, 0.8880, -6.716
31.13, 0.8870, -5.515
31.14, 0.8860, -7.809
31.15, 0.8850, -7.278
31.16, 0.8840, -5.157
31.17, 0.8830, -6.354
31.18, 0.8820, -6.761
31.19, 0.8810, -7.986
31.20, 0.8800, -6.412
31.21, 0.8790, -8.009
31.22, 0.8780, -5.151
31.23, 0.8770, -6.908
31.24, 0.8760, -7.081
31.25, 0.8750, -7.736
31.26, 0.8740, -6.867
31.27, 0.8730, -5.970
31.28, 0.8720, -6.480
31.29, 0.8710, -4.837
31.30, 0.8700, -5.030
31.31, 0.8690, -5.503
31.32, 0.8680, -6.309
31.33, 0.8670, -3.880
31.34, 0.8660, -8.141
31.35, 0.8650, -5.170
31.36, 0.8640, -8.079
31.37, 0.8630, -5.248
31.38, 0.8620, -8.315
31.39, 0.8610, -6.484
31.40, 0.8600, -7.849
31.41, 0.8590, -5.707
31.42, 0.8580, -8.329
31.43, 0.8570, -6.885
31.44, 0.8560, -7.028
31.45, 0.8550, -8.287
31.46, 0.8540, -7.286
31.47, 0.8530, -6.531
31.48, 0.8520, -5.941
31.49, 0.8510, -7.560
31.50, 0.8500, -4.683
31.51, 0.8490, -6.781
31.52, 0.8480, -5.687
31.53, 0.8470, -7.596
31.54, 0.8460, -4.946
31.55, 0.8450, -6.676
31.56, 0.8440, -7.567
31.57, 0.8430, -6.301
31.58, 0.8420, -7.258
31.59, 0.8410, -6.149
31.60, 0.8400, -5.333
31.61, 0.8390, -6.159
31.62, 0.8380, -7.205
31.63, 0.8370, -5.057
31.64, 0.8360, -6.099
31.65, 0.8350, -5.301
31.66, 0.8340, -7.337
31.67, 0.8330, -5.514
31.68, 0.8320, -6.090
31.69, 0.8310, -7.527
31.70, 0.8300, -6.960
31.71, 0.8290, -7.554
31.72, 0.8280, -4.716
31.73, 0.8270, -4.396
31.74, 0.8260, -5.527
31.75, 0.8250, -6.850
31.76, 0.8240, -6.128
31.77, 0.8230, -4.863
31.78, 0.8220, -7.211
31.79, 0.8210, -5.722
31.80, 0.8200, -6.620
31.81, 0.8190, -3.889
31.82, 0.8180, -8.997
31.83, 0.8170, -9.084
31.84, 0.8160, -8.932
31.85, 0.8150, -6.198
31.86, 0.8140, -8.228
31.87, 0.8130, -6.727
31.88, 0.8120, -6.160
31.89, 0.8110, -8.185
31.90, 0.8100, -4.829
31.91, 0.8090, -8.433
31.92, 0.8080, -4.924
31.93, 0.8070, -8.410
31.94, 0.8060, -4.240
31.95, 0.8050, -7.957
31.96, 0.8040, -3.871
31.97, 0.8030, -8.283
31.98, 0.8020, -7.065
31.99, 0.8010, -4.717
32.00, 0.8000, -4.670
32.01, 0.7990, -5.875
32.02, 0.7980, -7.056
32.03, 0.7970, -4.975
32.04, 0.7960, -7.601
32.05, 0.7950, -4.396
32.06, 0.7940, -7.994
32.07, 0.7930, -5.206
32.08, 0.7920, -8.810
32.09, 0.7910, -6.646
32.10, 0.7900, -6.362
32.11, 0.7890, -6.991
32.12, 0.7880, -6.411
32.13, 0.7870, -5.155
32.14, 0.7860, -7.529
32.15, 0.7850, -5.309
32.16, 0.7840, -5.213
32.17, 0.7830, -5.670
32.18, 0.7820, -5.369
32.19, 0.7810, -6.265
32.20, 0.7800, -7.214
32.21, 0.7790, -9.086
32.22, 0.7780, -5.010
32.23, 0.7770, -7.555
32.24, 0.7760, -5.639
32.25, 0.7750, -9.626
32.26, 0.7740, -8.184
32.27, 0.7730, -6.330
32.28, 0.7720, -8.195
32.29, 0.7710, -5.826
32.30, 0.7700, -8.936
32.31, 0.7690, -6.355
32.32, 0.7680, -8.971
32.33, 0.7670, -7.571
32.34, 0.7660, -8.727
32.35, 0.7650, -6.100
32.36, 0.7640, -7.563
32.37, 0.7630, -7.456
32.38, 0.7620, -7.653
32.39, 0.7610, -6.772
32.40, 0.7600, -7.058
32.41, 0.7590, -7.131
32.42, 0.7580, -5.207
32.43, 0.7570, -8.779
32.44, 0.7560, -6.182
32.45, 0.7550, -6.322
32.46, 0.7540, -4.831
32.47, 0.7530, -6.410
32.48, 0.7520, -5.631
32.49, 0.7510, -6.463
32.50, 0.7500, -6.083
32.51, 0.7490, -6.123
32.52, 0.7480, -7.301
32.53, 0.7470, -4.783
32.54, 0.7460, -7.873
32.55, 0.7450, -6.199
32.56, 0.7440, -6.027
32.57, 0.7430, -5.744
32.58, 0.7420, -6.414
32.59, 0.7410, -7.675
32.60, 0.7400, -5.891
32.61, 0.7390, -7.928
32.62, 0.7380, -6.370
32.63, 0.7370, -6.890
32.64, 0.7360, -4.569
32.65, 0.7350, -7.242
32.66, 0.7340, -4.737
32.67, 0.7330, -8.262
32.68, 0.7320, -8.942
32.69, 0.7310, -9.255
32.70, 0.7300, -6.076
32.71, 0.7290, -7.947
32.72, 0.7280, -9.596
32.73, 0.7270, -7.347
32.74, 0.7260, -7.158
32.75, 0.7250, -6.543
32.76, 0.7240, -8.329
32.77, 0.7230, -6.994
32.78, 0.7220, -8.961
32.79, 0.7210, -6.334
32.80, 0.7200, -6.886
32.81, 0.7190, -7.252
32.82, 0.7180, -8.636
32.83, 0.7170, -7.522
32.84, 0.7160, -7.759
32.85, 0.7150, -6.432
32.86, 0.7140, -10.27
32.87, 0.7130, -6.672
32.88, 0.7120, -4.771
32.89, 0.7110, -8.245
32.90, 0.7100, -5.774
32.91, 0.7090, -8.010
32.92, 0.7080, -3.958
32.93, 0.7070, -6.593
32.94, 0.7060, -5.822
32.95, 0.7050, -8.267
32.96, 0.7040, -6.436
32.97, 0.7030, -8.393
32.98, 0.7020, -7.486
32.99, 0.7010, -8.609
33.00, 0.7000, -6.294
33.01, 0.6990, -7.291
33.02, 0.6980, -6.972
33.03, 0.6970, -8.062
33.04, 0.6960, -6.458
33.05, 0.6950, -6.352
33.06, 0.6940, -9.993
33.07, 0.6930, -6.292
33.08, 0.6920, -10.30
33.09, 0.6910, -8.441
33.10, 0.6900, -9.827
33.11, 0.6890, -8.495
33.12, 0.6880, -4.706
33.13, 0.6870, -8.120
33.14, 0.6860, -7.579
33.15, 0.6850, -6.978
33.16, 0.6840, -6.777
33.17, 0.6830, -9.360
33.18, 0.6820, -6.462
33.19, 0.6810, -7.834
33.20, 0.6800, -6.197
33.21, 0.6790, -7.484
33.22, 0.6780, -6.665
33.23, 0.6770, -7.958
33.24, 0.6760, -7.740
33.25, 0.6750, -7.329
33.26, 0.6740, -8.773
33.27, 0.6730, -6.449
33.28, 0.6720, -8.735
33.29, 0.6710, -7.525
33.30, 0.6700, -9.048
33.31, 0.6690, -7.163
33.32, 0.6680, -8.626
33.33, 0.6670, -7.921
33.34, 0.6660, -4.096
33.35, 0.6650, -8.731
33.36, 0.6640, -5.633
33.37, 0.6630, -8.361
33.38, 0.6620, -6.681
33.39, 0.6610, -7.876
33.40, 0.6600, -6.298
33.41, 0.6590, -7.692
33.42, 0.6580, -7.776
33.43, 0.6570, -8.606
33.44, 0.6560, -5.451
33.45, 0.6550, -7.853
33.46, 0.6540, -7.960
33.47, 0.6530, -6.917
33.48, 0.6520, -6.789
33.49, 0.6510, -6.553
33.50, 0.6500, -10.82
33.51, 0.6490, -7.624
33.52, 0.6480, -10.71
33.53, 0.6470, -7.306
33.54, 0.6460, -10.45
33.55, 0.6450, -8.231
33.56, 0.6440, -9.805
33.57, 0.6430, -9.007
33.58, 0.6420, -6.760
33.59, 0.6410, -7.064
33.60, 0.6400, -8.812
33.61, 0.6390, -5.143
33.62, 0.6380, -5.835
33.63, 0.6370, -10.07
33.64, 0.6360, -6.968
33.65, 0.6350, -9.479
33.66, 0.6340, -6.404
33.67, 0.6330, -8.849
33.68, 0.6320, -6.800
33.69, 0.6310, -8.171
33.70, 0.6300, -6.603
33.71, 0.6290, -8.843
33.72, 0.6280, -7.727
33.73, 0.6270, -9.689
33.74, 0.6260, -7.048
33.75, 0.6250, -6.325
33.76, 0.6240, -6.715
33.77, 0.6230, -7.622
33.78, 0.6220, -7.032
33.79, 0.6210, -7.251
33.80, 0.6200, -7.952
33.81, 0.6190, -5.891
33.82, 0.6180, -8.422
33.83, 0.6170, -7.410
33.84, 0.6160, -7.320
33.85, 0.6150, -7.300
33.86, 0.6140, -6.195
33.87, 0.6130, -5.980
33.88, 0.6120, -9.195
33.89, 0.6110, -6.961
33.90, 0.6100, -8.512
33.91, 0.6090, -7.714
33.92, 0.6080, -9.756
33.93, 0.6070, -9.126
33.94, 0.6060, -10.87
33.95, 0.6050, -7.050
33.96, 0.6040, -10.43
33.97, 0.6030, -8.432
33.98, 0.6020, -9.110
33.99, 0.6010, -8.930
34.00, 0.6000, -8.711
34.01, 0.5990, -8.971
34.02, 0.5980, -8.549
34.03, 0.5970, -8.424
34.04, 0.5960, -7.678
34.05, 0.5950, -8.706
34.06, 0.5940, -8.975
34.07, 0.5930, -8.911
34.08, 0.5920, -6.373
34.09, 0.5910, -7.959
34.10, 0.5900, -6.699
34.11, 0.5890, -6.764
34.12, 0.5880, -7.649
34.13, 0.5870, -7.995
34.14, 0.5860, -8.714
34.15, 0.5850, -7.801
34.16, 0.5840, -6.962
34.17, 0.5830, -8.901
34.18, 0.5820, -7.425
34.19, 0.5810, -7.807
34.20, 0.5800, -7.861
34.21, 0.5790, -9.542
34.22, 0.5780, -7.389
34.23, 0.5770, -9.055
34.24, 0.5760, -6.288
34.25, 0.5750, -8.517
34.26, 0.5740, -8.228
34.27, 0.5730, -9.072
34.28, 0.5720, -7.263
34.29, 0.5710, -8.780
34.30, 0.5700, -8.473
34.31, 0.5690, -7.944
34.32, 0.5680, -7.942
34.33, 0.5670, -5.701
34.34, 0.5660, -8.819
34.35, 0.5650, -8.031
34.36, 0.5640, -9.363
34.37, 0.5630, -8.738
34.38, 0.5620, -10.42
34.39, 0.5610, -7.817
34.40, 0.5600, -8.558
34.41, 0.5590, -9.039
34.42, 0.5580, -8.305
34.43, 0.5570, -6.756
34.44, 0.5560, -9.657
34.45, 0.5550, -7.433
34.46, 0.5540, -8.202
34.47, 0.5530, -7.670
34.48, 0.5520, -8.973
34.49, 0.5510, -8.261
34.50, 0.5500, -9.053
34.51, 0.5490, -6.431
34.52, 0.5480, -9.249
34.53, 0.5470, -6.850
34.54, 0.5460, -8.622
34.55, 0.5450, -7.736
34.56, 0.5440, -7.610
34.57, 0.5430, -8.382
34.58, 0.5420, -8.649
34.59, 0.5410, -6.682
34.60, 0.5400, -9.144
34.61, 0.5390, -7.443
34.62, 0.5380, -11.53
34.63, 0.5370, -7.826
34.64, 0.5360, -10.48
34.65, 0.5350, -8.229
34.66, 0.5340, -10.85
34.67, 0.5330, -7.581
34.68, 0.5320, -10.04
34.69, 0.5310, -7.378
34.70, 0.5300, -10.70
34.71, 0.5290, -9.301
34.72, 0.5280, -8.782
34.73, 0.5270, -7.445
34.74, 0.5260, -10.05
34.75, 0.5250, -7.856
34.76, 0.5240, -10.18
34.77, 0.5230, -8.595
34.78, 0.5220, -9.423
34.79, 0.5210, -9.479
34.80, 0.5200, -9.007
34.81, 0.5190, -9.109
34.82, 0.5180, -10.87
34.83, 0.5170, -10.13
34.84, 0.5160, -10.95
34.85, 0.5150, -8.273
34.86, 0.5140, -9.713
34.87, 0.5130, -9.904
34.88, 0.5120, -7.235
34.89, 0.5110, -10.08
34.90, 0.5100, -10.20
34.91, 0.5090, -9.767
34.92, 0.5080, -9.601
34.93, 0.5070, -9.099
34.94, 0.5060, -8.151
34.95, 0.5050, -9.786
34.96, 0.5040, -9.009
34.97, 0.5030, -9.756
34.98, 0.5020, -9.202
34.99, 0.5010, -9.123
35.00, 0.5000, -7.957
35.01, 0.4990, -9.308
35.02, 0.4980, -7.335
35.03, 0.4970, -9.721
35.04, 0.4960, -7.949
35.05, 0.4950, -9.179
35.06, 0.4940, -8.046
35.07, 0.4930, -8.521
35.08, 0.4920, -7.415
35.09, 0.4910, -9.266
35.10, 0.4900, -8.200
35.11, 0.4890, -8.912
35.12, 0.4880, -9.003
35.13, 0.4870, -8.837
35.14, 0.4860, -9.125
35.15, 0.4850, -10.66
35.16, 0.4840, -6.430
35.17, 0.4830, -10.17
35.18, 0.4820, -8.323
35.19, 0.4810, -10.12
35.20, 0.4800, -8.529
35.21, 0.4790, -11.43
35.22, 0.4780, -8.800
35.23, 0.4770, -9.839
35.24, 0.4760, -9.691
35.25, 0.4750, -8.931
35.26, 0.4740, -10.19
35.27, 0.4730, -9.583
35.28, 0.4720, -9.360
35.29, 0.4710, -9.833
35.30, 0.4700, -9.806
35.31, 0.4690, -9.386
35.32, 0.4680, -7.610
35.33, 0.4670, -8.555
35.34, 0.4660, -9.495
35.35, 0.4650, -6.506
35.36, 0.4640, -9.713
35.37, 0.4630, -8.906
35.38, 0.4620, -9.834
35.39, 0.4610, -8.873
35.40, 0.4600, -8.507
35.41, 0.4590, -9.330
35.42, 0.4580, -9.030
35.43, 0.4570, -8.854
35.44, 0.4560, -8.291
35.45, 0.4550, -7.706
35.46, 0.4540, -7.762
35.47, 0.4530, -10.88
35.48, 0.4520, -7.363
35.49, 0.4510, -10.49
35.50, 0.4500, -9.264
35.51, 0.4490, -9.841
35.52, 0.4480, -10.71
35.53, 0.4470, -10.03
35.54, 0.4460, -10.50
35.55, 0.4450, -7.450
35.56, 0.4440, -8.504
35.57, 0.4430, -8.852
35.58, 0.4420, -10.57
35.59, 0.4410, -7.114
35.60, 0.4400, -8.948
35.61, 0.4390, -9.500
35.62, 0.4380, -9.333
35.63, 0.4370, -9.342
35.64, 0.4360, -12.86
35.65, 0.4350, -10.96
35.66, 0.4340, -10.67
35.67, 0.4330, -9.973
35.68, 0.4320, -9.039
35.69, 0.4310, -9.329
35.70, 0.4300, -7.712
35.71, 0.4290, -9.952
35.72, 0.4280, -8.334
35.73, 0.4270, -11.18
35.74, 0.4260, -9.781
35.75, 0.4250, -7.617
35.76, 0.4240, -9.120
35.77, 0.4230, -8.273
35.78, 0.4220, -10.21
35.79, 0.4210, -8.024
35.80, 0.4200, -10.26
35.81, 0.4190, -7.985
35.82, 0.4180, -7.251
35.83, 0.4170, -8.280
35.84, 0.4160, -9.105
35.85, 0.4150, -10.01
35.86, 0.4140, -8.031
35.87, 0.4130, -8.645
35.88, 0.4120, -9.070
35.89, 0.4110, -10.50
35.90, 0.4100, -8.504
35.91, 0.4090, -8.027
35.92, 0.4080, -9.726
35.93, 0.4070, -9.214
35.94, 0.4060, -9.604
35.95, 0.4050, -9.952
35.96, 0.4040, -11.47
35.97, 0.4030, -9.107
35.98, 0.4020, -8.326
35.99, 0.4010, -8.748
36.00, 0.4000, -9.410
36.01, 0.3990, -10.67
36.02, 0.3980, -8.131
36.03, 0.3970, -10.16
36.04, 0.3960, -9.200
36.05, 0.3950, -11.18
36.06, 0.3940, -9.101
36.07, 0.3930, -12.29
36.08, 0.3920, -9.917
36.09, 0.3910, -10.90
36.10, 0.3900, -10.83
36.11, 0.3890, -13.31
36.12, 0.3880, -10.19
36.13, 0.3870, -11.86
36.14, 0.3860, -10.55
36.15, 0.3850, -10.81
36.16, 0.3840, -9.938
36.17, 0.3830, -9.935
36.18, 0.3820, -11.25
36.19, 0.3810, -8.857
36.20, 0.3800, -10.04
36.21, 0.3790, -8.903
36.22, 0.3780, -8.461
36.23, 0.3770, -9.528
36.24, 0.3760, -9.471
36.25, 0.3750, -9.606
36.26, 0.3740, -9.303
36.27, 0.3730, -10.56
36.28, 0.3720, -9.007
36.29, 0.3710, -10.35
36.30, 0.3700, -9.923
36.31, 0.3690, -11.62
36.32, 0.3680, -10.21
36.33, 0.3670, -8.912
36.34, 0.3660, -9.522
36.35, 0.3650, -10.28
36.36, 0.3640, -9.379
36.37, 0.3630, -9.453
36.38, 0.3620, -10.43
36.39, 0.3610, -8.952
36.40, 0.3600, -9.559
36.41, 0.3590, -8.271
36.42, 0.3580, -8.806
36.43, 0.3570, -9.760
36.44, 0.3560, -9.245
36.45, 0.3550, -11.31
36.46, 0.3540, -10.72
36.47, 0.3530, -9.710
36.48, 0.3520, -12.69
36.49, 0.3510, -12.96
36.50, 0.3500, -11.54
36.51, 0.3490, -9.201
36.52, 0.3480, -10.92
36.53, 0.3470, -10.37
36.54, 0.3460, -11.21
36.55, 0.3450, -10.51
36.56, 0.3440, -10.11
36.57, 0.3430, -8.859
36.58, 0.3420, -10.14
36.59, 0.3410, -11.47
36.60, 0.3400, -8.969
36.61, 0.3390, -11.67
36.62, 0.3380, -8.944
36.63, 0.3370, -9.962
36.64, 0.3360, -9.339
36.65, 0.3350, -8.451
36.66, 0.3340, -9.653
36.67, 0.3330, -10.37
36.68, 0.3320, -10.69
36.69, 0.3310, -7.343
36.70, 0.3300, -10.44
36.71, 0.3290, -8.953
36.72, 0.3280, -12.52
36.73, 0.3270, -10.21
36.74, 0.3260, -9.506
36.75, 0.3250, -9.783
36.76, 0.3240, -8.308
36.77, 0.3230, -10.09
36.78, 0.3220, -9.407
36.79, 0.3210, -10.59
36.80, 0.3200, -9.322
36.81, 0.3190, -10.87
36.82, 0.3180, -9.840
36.83, 0.3170, -10.73
36.84, 0.3160, -9.434
36.85, 0.3150, -9.776
36.86, 0.3140, -11.66
36.87, 0.3130, -10.38
36.88, 0.3120, -10.66
36.89, 0.3110, -11.48
36.90, 0.3100, -11.99
36.91, 0.3090, -10.55
36.92, 0.3080, -12.51
36.93, 0.3070, -10.82
36.94, 0.3060, -11.93
36.95, 0.3050, -10.62
36.96, 0.3040, -11.54
36.97, 0.3030, -11.21
36.98, 0.3020, -10.61
36.99, 0.3010, -10.22
37.00, 0.3000, -8.465
37.01, 0.2990, -11.44
37.02, 0.2980, -9.017
37.03, 0.2970, -12.43
37.04, 0.2960, -10.31
37.05, 0.2950, -11.67
37.06, 0.2940, -9.495
37.07, 0.2930, -10.75
37.08, 0.2920, -10.12
37.09, 0.2910, -10.64
37.10, 0.2900, -10.78
37.11, 0.2890, -8.946
37.12, 0.2880, -10.91
37.13, 0.2870, -9.337
37.14, 0.2860, -11.03
37.15, 0.2850, -8.454
37.16, 0.2840, -9.957
37.17, 0.2830, -10.41
37.18, 0.2820, -10.17
37.19, 0.2810, -10.68
37.20, 0.2800, -10.32
37.21, 0.2790, -9.361
37.22, 0.2780, -10.28
37.23, 0.2770, -11.33
37.24, 0.2760, -9.168
37.25, 0.2750, -11.82
37.26, 0.2740, -8.761
37.27, 0.2730, -12.65
37.28, 0.2720, -11.26
37.29, 0.2710, -13.03
37.30, 0.2700, -12.91
37.31, 0.2690, -10.69
37.32, 0.2680, -13.11
37.33, 0.2670, -10.59
37.34, 0.2660, -12.98
37.35, 0.2650, -12.61
37.36, 0.2640, -10.57
37.37, 0.2630, -11.84
37.38, 0.2620, -10.15
37.39, 0.2610, -9.186
37.40, 0.2600, -9.440
37.41, 0.2590, -11.57
37.42, 0.2580, -8.894
37.43, 0.2570, -10.17
37.44, 0.2560, -11.11
37.45, 0.2550, -9.601
37.46, 0.2540, -10.55
37.47, 0.2530, -10.14
37.48, 0.2520, -11.20
37.49, 0.2510, -10.08
37.50, 0.2500, -11.49
37.51, 0.2490, -10.65
37.52, 0.2480, -9.759
37.53, 0.2470, -11.57
37.54, 0.2460, -11.74
37.55, 0.2450, -11.52
37.56, 0.2440, -10.33
37.57, 0.2430, -10.57
37.58, 0.2420, -11.16
37.59, 0.2410, -11.13
37.60, 0.2400, -11.47
37.61, 0.2390, -11.57
37.62, 0.2380, -10.57
37.63, 0.2370, -10.03
37.64, 0.2360, -10.29
37.65, 0.2350, -11.60
37.66, 0.2340, -7.993
37.67, 0.2330, -11.58
37.68, 0.2320, -8.256
37.69, 0.2310, -12.20
37.70, 0.2300, -9.730
37.71, 0.2290, -12.70
37.72, 0.2280, -12.60
37.73, 0.2270, -12.06
37.74, 0.2260, -13.04
37.75, 0.2250, -11.00
37.76, 0.2240, -13.01
37.77, 0.2230, -12.14
37.78, 0.2220, -12.90
37.79, 0.2210, -12.39
37.80, 0.2200, -13.60
37.81, 0.2190, -11.49
37.82, 0.2180, -11.76
37.83, 0.2170, -11.93
37.84, 0.2160, -11.13
37.85, 0.2150, -10.98
37.86, 0.2140, -10.36
37.87, 0.2130, -12.19
37.88, 0.2120, -11.83
37.89, 0.2110, -11.33
37.90, 0.2100, -12.10
37.91, 0.2090, -11.19
37.92, 0.2080, -12.65
37.93, 0.2070, -9.487
37.94, 0.2060, -12.24
37.95, 0.2050, -9.860
37.96, 0.2040, -11.23
37.97, 0.2030, -10.77
37.98, 0.2020, -11.21
37.99, 0.2010, -11.93
38.00, 0.2000, -12.27
38.01, 0.1990, -11.51
38.02, 0.1980, -10.48
38.03, 0.1970, -11.25
38.04, 0.1960, -9.927
38.05, 0.1950, -13.20
38.06, 0.1940, -10.20
38.07, 0.1930, -11.37
38.08, 0.1920, -12.42
38.09, 0.1910, -12.90
38.10, 0.1900, -10.93
38.11, 0.1890, -10.77
38.12, 0.1880, -12.20
38.13, 0.1870, -10.87
38.14, 0.1860, -14.57
38.15, 0.1850, -11.77
38.16, 0.1840, -14.61
38.17, 0.1830, -14.18
38.18, 0.1820, -13.95
38.19, 0.1810, -13.97
38.20, 0.1800, -12.70
38.21, 0.1790, -13.69
38.22, 0.1780, -10.65
38.23, 0.1770, -13.42
38.24, 0.1760, -12.19
38.25, 0.1750, -12.78
38.26, 0.1740, -12.18
38.27, 0.1730, -11.25
38.28, 0.1720, -11.04
38.29, 0.1710, -10.82
38.30, 0.1700, -13.31
38.31, 0.1690, -12.62
38.32, 0.1680, -10.67
38.33, 0.1670, -12.17
38.34, 0.1660, -11.20
38.35, 0.1650, -13.74
38.36, 0.1640, -12.74
38.37, 0.1630, -11.74
38.38, 0.1620, -11.50
38.39, 0.1610, -13.39
38.40, 0.1600, -11.31
38.41, 0.1590, -11.83
38.42, 0.1580, -11.65
38.43, 0.1570, -11.32
38.44, 0.1560, -12.73
38.45, 0.1550, -11.28
38.46, 0.1540, -13.34
38.47, 0.1530, -12.83
38.48, 0.1520, -13.96
38.49, 0.1510, -10.32
38.50, 0.1500, -10.02
38.51, 0.1490, -12.80
38.52, 0.1480, -13.09
38.53, 0.1470, -13.45
38.54, 0.1460, -10.11
38.55, 0.1450, -13.70
38.56, 0.1440, -13.20
38.57, 0.1430, -14.41
38.58, 0.1420, -13.87
38.59, 0.1410, -12.48
38.60, 0.1400, -14.66
38.61, 0.1390, -12.78
38.62, 0.1380, -14.58
38.63, 0.1370, -13.86
38.64, 0.1360, -13.10
38.65, 0.1350, -14.92
38.66, 0.1340, -13.79
38.67, 0.1330, -13.13
38.68, 0.1320, -12.86
38.69, 0.1310, -14.23
38.70, 0.1300, -13.08
38.71, 0.1290, -11.38
38.72, 0.1280, -13.59
38.73, 0.1270, -12.40
38.74, 0.1260, -12.26
38.75, 0.1250, -13.90
38.76, 0.1240, -10.60
38.77, 0.1230, -12.69
38.78, 0.1220, -13.37
38.79, 0.1210, -12.56
38.80, 0.1200, -12.91
38.81, 0.1190, -12.05
38.82, 0.1180, -14.04
38.83, 0.1170, -12.74
38.84, 0.1160, -15.25
38.85, 0.1150, -12.05
38.86, 0.1140, -10.93
38.87, 0.1130, -13.13
38.88, 0.1120, -12.85
38.89, 0.1110, -14.70
38.90, 0.1100, -12.34
38.91, 0.1090, -13.40
38.92, 0.1080, -12.88
38.93, 0.1070, -13.02
38.94, 0.1060, -14.78
38.95, 0.1050, -13.82
38.96, 0.1040, -13.87
38.97, 0.1030, -13.10
38.98, 0.1020, -13.74
38.99, 0.1010, -12.45
39.00, 0.1000, -15.85
39.01, 0.09900, -15.33
39.02, 0.09800, -14.14
39.03, 0.09700, -15.27
39.04, 0.09600, -14.75
39.05, 0.09500, -14.76
39.06, 0.09400, -11.95
39.07, 0.09300, -16.40
39.08, 0.09200, -14.73
39.09, 0.09100, -14.49
39.10, 0.09000, -13.23
39.11, 0.08900, -15.81
39.12, 0.08800, -15.22
39.13, 0.08700, -14.14
39.14, 0.08600, -16.77
39.15, 0.08500, -13.60
39.16, 0.08400, -15.67
39.17, 0.08300, -14.83
39.18, 0.08200, -14.76
39.19, 0.08100, -13.70
39.20, 0.08000, -15.72
39.21, 0.07900, -14.08
39.22, 0.07800, -13.41
39.23, 0.07700, -14.14
39.24, 0.07600, -13.78
39.25, 0.07500, -14.52
39.26, 0.07400, -13.53
39.27, 0.07300, -13.69
39.28, 0.07200, -13.91
39.29, 0.07100, -12.13
39.30, 0.07000, -15.43
39.31, 0.06900, -15.44
39.32, 0.06800, -14.92
39.33, 0.06700, -14.29
39.34, 0.06600, -14.58
39.35, 0.06500, -14.97
39.36, 0.06400, -12.72
39.37, 0.06300, -15.37
39.38, 0.06200, -12.25
39.39, 0.06100, -16.10
39.40, 0.06000, -16.45
39.41, 0.05900, -16.58
39.42, 0.05800, -17.19
39.43, 0.05700, -16.21
39.44, 0.05600, -15.94
39.45, 0.05500, -15.01
39.46, 0.05400, -17.30
39.47, 0.05300, -15.42
39.48, 0.05200, -16.01
39.49, 0.05100, -14.67
39.50, 0.05000, -14.68
39.51, 0.04900, -16.17
39.52, 0.04800, -14.40
39.53, 0.04700, -16.14
39.54, 0.04600, -13.27
39.55, 0.04500, -14.86
39.56, 0.04400, -12.21
39.57, 0.04300, -17.04
39.58, 0.04200, -15.29
39.59, 0.04100, -14.89
39.60, 0.04000, -16.93
39.61, 0.03900, -14.37
39.62, 0.03800, -16.57
39.63, 0.03700, -14.60
39.64, 0.03600, -16.77
39.65, 0.03500, -15.26
39.66, 0.03400, -14.42
39.67, 0.03300, -15.84
39.68, 0.03200, -15.30
39.69, 0.03100, -16.42
39.70, 0.03000, -14.84
39.71, 0.02900, -15.83
39.72, 0.02800, -15.34
39.73, 0.02700, -15.58
39.74, 0.02600, -15.85
39.75, 0.02500, -17.27
39.76, 0.02400, -16.32
39.77, 0.02300, -17.40
39.78, 0.02200, -16.04
39.79, 0.02100, -15.69
39.80, 0.02000, -17.38
39.81, 0.01900, -16.19
39.82, 0.01800, -17.56
39.83, 0.01700, -16.72
39.84, 0.01600, -17.33
39.85, 0.01500, -16.91
39.86, 0.01400, -18.64
39.87, 0.01300, -16.11
39.88, 0.01200, -18.83
39.89, 0.01100, -17.14
39.90, 0.01000, -18.41
39.91, 0.009000, -17.75
39.92, 0.008000, -16.70
39.93, 0.007000, -17.70
39.94, 0.006000, -17.69
39.95, 0.005000, -19.50
39.96, 0.004000, -18.43
39.97, 0.003000, -18.69
39.98, 0.002000, -16.35
39.99, 0.001000, -18.63
40.00, 0.000, -13.69
