0.01000, 0.001000, -99.99
0.02000, 0.002000, -100.0
0.03000, 0.003000, -100.0
0.04000, 0.004000, -99.37
0.05000, 0.005000, -81.14
0.06000, 0.006000, -67.68
0.07000, 0.007000, -57.78
0.08000, 0.008000, -51.47
0.09000, 0.009000, -46.09
0.1000, 0.01000, -42.28
0.1100, 0.01100, -36.44
0.1200, 0.01200, -32.59
0.1300, 0.01300, -31.11
0.1400, 0.01400, -29.41
0.1500, 0.01500, -26.78
0.1600, 0.01600, -25.11
0.1700, 0.01700, -25.14
0.1800, 0.01800, -24.05
0.1900, 0.01900, -22.66
0.2000, 0.02000, -21.35
0.2100, 0.02100, -18.68
0.2200, 0.02200, -17.50
0.2300, 0.02300, -17.02
0.2400, 0.02400, -16.65
0.2500, 0.02500, -14.73
0.2600, 0.02600, -13.95
0.2700, 0.02700, -13.63
0.2800, 0.02800, -13.97
0.2900, 0.02900, -13.65
0.3000, 0.03000, -12.64
0.3100, 0.03100, -10.57
0.3200, 0.03200, -10.42
0.3300, 0.03300, -10.90
0.3400, 0.03400, -10.24
0.3500, 0.03500, -10.53
0.3600, 0.03600, -10.39
0.3700, 0.03700, -10.72
0.3800, 0.03800, -11.08
0.3900, 0.03900, -9.207
0.4000, 0.04000, -8.829
0.4100, 0.04100, -9.027
0.4200, 0.04200, -9.019
0.4300, 0.04300, -8.649
0.4400, 0.04400, -8.708
0.4500, 0.04500, -9.033
0.4600, 0.04600, -8.754
0.4700, 0.04700, -8.744
0.4800, 0.04800, -7.869
0.4900, 0.04900, -8.003
0.5000, 0.05000, -8.086
0.5100, 0.05100, -6.106
0.5200, 0.05200, -8.209
0.5300, 0.05300, -8.387
0.5400, 0.05400, -7.942
0.5500, 0.05500, -6.513
0.5600, 0.05600, -6.330
0.5700, 0.05700, -5.125
0.5800, 0.05800, -5.643
0.5900, 0.05900, -6.158
0.6000, 0.06000, -6.051
0.6100, 0.06100, -6.424
0.6200, 0.06200, -6.306
0.6300, 0.06300, -5.876
0.6400, 0.06400, -4.871
0.6500, 0.06500, -4.958
0.6600, 0.06600, -5.300
0.6700, 0.06700, -4.073
0.6800, 0.06800, -4.296
0.6900, 0.06900, -4.141
0.7000, 0.07000, -4.255
0.7100, 0.07100, -3.717
0.7200, 0.07200, -2.975
0.7300, 0.07300, -3.343
0.7400, 0.07400, -3.626
0.7500, 0.07500, -3.141
0.7600, 0.07600, -2.892
0.7700, 0.07700, -3.938
0.7800, 0.07800, -4.972
0.7900, 0.07900, -5.181
0.8000, 0.08000, -3.728
0.8100, 0.08100, -2.679
0.8200, 0.08200, -3.550
0.8300, 0.08300, -4.454
0.8400, 0.08400, -2.860
0.8500, 0.08500, -3.736
0.8600, 0.08600, -4.093
0.8700, 0.08700, -5.268
0.8800, 0.08800, -5.443
0.8900, 0.08900, -3.658
0.9000, 0.09000, -3.498
0.9100, 0.09100, -2.589
0.9200, 0.09200, -2.509
0.9300, 0.09300, -2.447
0.9400, 0.09400, -3.373
0.9500, 0.09500, -3.694
0.9600, 0.09600, -3.224
0.9700, 0.09700, -3.681
0.9800, 0.09800, -4.135
0.9900, 0.09900, -3.210
1.000, 0.1000, -3.665
1.010, 0.1010, -2.576
1.020, 0.1020, -3.085
1.030, 0.1030, -2.773
1.040, 0.1040, -3.040
1.050, 0.1050, -2.279
1.060, 0.1060, -2.364
1.070, 0.1070, -2.610
1.080, 0.1080, -2.680
1.090, 0.1090, -3.219
1.100, 0.1100, -2.518
1.110, 0.1110, -0.07045
1.120, 0.1120, -0.8809
1.130, 0.1130, -1.013
1.140, 0.1140, -1.513
1.150, 0.1150, -1.366
1.160, 0.1160, -2.231
1.170, 0.1170, -2.597
1.180, 0.1180, -3.600
1.190, 0.1190, -2.500
1.200, 0.1200, -0.7415
1.210, 0.1210, -0.7224
1.220, 0.1220, -1.770
1.230, 0.1230, -1.009
1.240, 0.1240, -1.795
1.250, 0.1250, -3.470
1.260, 0.1260, -3.833
1.270, 0.1270, -3.162
1.280, 0.1280, -1.817
1.290, 0.1290, -0.4747
1.300, 0.1300, -1.029
1.310, 0.1310, -0.8979
1.320, 0.1320, -1.816
1.330, 0.1330, -2.333
1.340, 0.1340, -3.586
1.350, 0.1350, -2.746
1.360, 0.1360, -1.638
1.370, 0.1370, -0.7443
1.380, 0.1380, -1.195
1.390, 0.1390, -1.845
1.400, 0.1400, -1.898
1.410, 0.1410, -1.979
1.420, 0.1420, -2.926
1.430, 0.1430, -3.161
1.440, 0.1440, -2.540
1.450, 0.1450, -1.142
1.460, 0.1460, -1.709
1.470, 0.1470, -1.295
1.480, 0.1480, -0.9381
1.490, 0.1490, -1.682
1.500, 0.1500, -1.169
1.510, 0.1510, -1.336
1.520, 0.1520, -1.414
1.530, 0.1530, -1.657
1.540, 0.1540, -0.6708
1.550, 0.1550, 0.1815
1.560, 0.1560, 1.130
1.570, 0.1570, 0.2139
1.580, 0.1580, 0.01998
1.590, 0.1590, -0.6465
1.600, 0.1600, -1.055
1.610, 0.1610, -2.084
1.620, 0.1620, -0.5587
1.630, 0.1630, -0.8005
1.640, 0.1640, -0.5148
1.650, 0.1650, -0.2655
1.660, 0.1660, -0.8342
1.670, 0.1670, -1.023
1.680, 0.1680, -1.265
1.690, 0.1690, -2.415
1.700, 0.1700, -3.089
1.710, 0.1710, -1.779
1.720, 0.1720, -0.4041
1.730, 0.1730, -0.3232
1.740, 0.1740, 0.01802
1.750, 0.1750, -1.197
1.760, 0.1760, -1.124
1.770, 0.1770, -1.604
1.780, 0.1780, -3.007
1.790, 0.1790, -3.818
1.800, 0.1800, -1.951
1.810, 0.1810, -0.6973
1.820, 0.1820, -0.2581
1.830, 0.1830, -0.9418
1.840, 0.1840, -1.418
1.850, 0.1850, -1.171
1.860, 0.1860, -2.552
1.870, 0.1870, -2.105
1.880, 0.1880, -2.602
1.890, 0.1890, -0.9235
1.900, 0.1900, 0.01951
1.910, 0.1910, -0.2972
1.920, 0.1920, -0.04161
1.930, 0.1930, 0.3302
1.940, 0.1940, 0.1368
1.950, 0.1950, 0.2582
1.960, 0.1960, -0.3645
1.970, 0.1970, 0.4425
1.980, 0.1980, 1.356
1.990, 0.1990, 0.8764
2.000, 0.2000, -0.4132
2.010, 0.2010, 0.3749
2.020, 0.2020, -0.03429
2.030, 0.2030, -0.7391
2.040, 0.2040, -1.833
2.050, 0.2050, -1.347
2.060, 0.2060, 0.2745
2.070, 0.2070, 0.7379
2.080, 0.2080, -0.1952
2.090, 0.2090, -0.4292
2.100, 0.2100, -1.576
2.110, 0.2110, -1.954
2.120, 0.2120, -2.338
2.130, 0.2130, -0.9356
2.140, 0.2140, -0.2234
2.150, 0.2150, -1.060
2.160, 0.2160, -0.2159
2.170, 0.2170, -0.6675
2.180, 0.2180, -0.6583
2.190, 0.2190, -0.2503
2.200, 0.2200, -1.356
2.210, 0.2210, -1.658
2.220, 0.2220, 0.6903
2.230, 0.2230, 0.8336
2.240, 0.2240, -0.2953
2.250, 0.2250, 0.2631
2.260, 0.2260, -0.4069
2.270, 0.2270, -0.8650
2.280, 0.2280, -2.509
2.290, 0.2290, -2.794
2.300, 0.2300, -1.902
2.310, 0.2310, -0.5507
2.320, 0.2320, -0.2033
2.330, 0.2330, -0.07977
2.340, 0.2340, -0.04803
2.350, 0.2350, -0.9795
2.360, 0.2360, -1.328
2.370, 0.2370, -0.5763
2.380, 0.2380, -0.6081
2.390, 0.2390, 1.409
2.400, 0.2400, 2.143
2.410, 0.2410, 1.841
2.420, 0.2420, 1.358
2.430, 0.2430, 0.04743
2.440, 0.2440, -1.701
2.450, 0.2450, -2.172
2.460, 0.2460, -0.1695
2.470, 0.2470, -0.3839
2.480, 0.2480, -0.3839
2.490, 0.2490, 1.072
2.500, 0.2500, -0.3637
2.510, 0.2510, -2.616
2.520, 0.2520, -2.560
2.530, 0.2530, -0.9976
2.540, 0.2540, 0.4284
2.550, 0.2550, -0.4275
2.560, 0.2560, 0.5399
2.570, 0.2570, -0.3418
2.580, 0.2580, -0.9871
2.590, 0.2590, -1.734
2.600, 0.2600, -1.804
2.610, 0.2610, 0.5456
2.620, 0.2620, -0.5564
2.630, 0.2630, 0.5777
2.640, 0.2640, -0.2008
2.650, 0.2650, -1.558
2.660, 0.2660, -2.874
2.670, 0.2670, -1.808
2.680, 0.2680, 0.002763
2.690, 0.2690, -0.04306
2.700, 0.2700, -0.6010
2.710, 0.2710, -0.7379
2.720, 0.2720, -1.092
2.730, 0.2730, -1.869
2.740, 0.2740, -2.292
2.750, 0.2750, -2.471
2.760, 0.2760, -0.2513
2.770, 0.2770, 0.3820
2.780, 0.2780, 0.7163
2.790, 0.2790, 1.568
2.800, 0.2800, 1.529
2.810, 0.2810, 1.098
2.820, 0.2820, -0.7323
2.830, 0.2830, 0.2651
2.840, 0.2840, 0.4367
2.850, 0.2850, 1.393
2.860, 0.2860, 1.033
2.870, 0.2870, 0.3242
2.880, 0.2880, 1.058
2.890, 0.2890, 1.042
2.900, 0.2900, -0.2883
2.910, 0.2910, -1.911
2.920, 0.2920, -2.375
2.930, 0.2930, 0.1863
2.940, 0.2940, 2.215
2.950, 0.2950, 1.549
2.960, 0.2960, 0.7848
2.970, 0.2970, 1.019
2.980, 0.2980, 0.6502
2.990, 0.2990, -0.4318
3.000, 0.3000, -1.186
3.010, 0.3010, -2.025
3.020, 0.3020, -0.3511
3.030, 0.3030, 0.3060
3.040, 0.3040, 0.2461
3.050, 0.3050, -0.5423
3.060, 0.3060, -0.4199
3.070, 0.3070, -0.2959
3.080, 0.3080, -0.6870
3.090, 0.3090, -1.526
3.100, 0.3100, -1.363
3.110, 0.3110, -1.138
3.120, 0.3120, 0.05996
3.130, 0.3130, -0.6056
3.140, 0.3140, 0.04630
3.150, 0.3150, -0.3700
3.160, 0.3160, 0.1374
3.170, 0.3170, -1.531
3.180, 0.3180, -2.838
3.190, 0.3190, -0.9777
3.200, 0.3200, 1.017
3.210, 0.3210, 1.063
3.220, 0.3220, 2.531
3.230, 0.3230, 2.213
3.240, 0.3240, 1.554
3.250, 0.3250, -0.7151
3.260, 0.3260, 0.1027
3.270, 0.3270, 0.3096
3.280, 0.3280, 1.880
3.290, 0.3290, 2.386
3.300, 0.3300, 2.674
3.310, 0.3310, 2.078
3.320, 0.3320, 0.8882
3.330, 0.3330, 0.1310
3.340, 0.3340, -0.8137
3.350, 0.3350, -1.346
3.360, 0.3360, -0.9488
3.370, 0.3370, 1.175
3.380, 0.3380, 0.4358
3.390, 0.3390, -0.7955
3.400, 0.3400, -0.2877
3.410, 0.3410, -0.4500
3.420, 0.3420, -0.8536
3.430, 0.3430, -1.792
3.440, 0.3440, -2.565
3.450, 0.3450, -2.437
3.460, 0.3460, 0.04355
3.470, 0.3470, 0.5179
3.480, 0.3480, -0.9227
3.490, 0.3490, -0.1118
3.500, 0.3500, 0.8008
3.510, 0.3510, -1.375
3.520, 0.3520, -2.080
3.530, 0.3530, -0.6004
3.540, 0.3540, 1.222
3.550, 0.3550, 1.690
3.560, 0.3560, 1.272
3.570, 0.3570, 0.3377
3.580, 0.3580, -0.3675
3.590, 0.3590, -0.7835
3.600, 0.3600, -2.433
3.610, 0.3610, -1.916
3.620, 0.3620, 0.6485
3.630, 0.3630, 2.238
3.640, 0.3640, 1.017
3.650, 0.3650, 1.400
3.660, 0.3660, 1.506
3.670, 0.3670, 1.186
3.680, 0.3680, -0.5472
3.690, 0.3690, -0.4870
3.700, 0.3700, 0.9997
3.710, 0.3710, 0.7958
3.720, 0.3720, 0.4159
3.730, 0.3730, 1.729
3.740, 0.3740, 1.150
3.750, 0.3750, 0.1222
3.760, 0.3760, -1.848
3.770, 0.3770, -1.459
3.780, 0.3780, 0.2333
3.790, 0.3790, 0.6997
3.800, 0.3800, -0.3631
3.810, 0.3810, -0.4790
3.820, 0.3820, 0.01628
3.830, 0.3830, -1.332
3.840, 0.3840, -2.153
3.850, 0.3850, -1.834
3.860, 0.3860, -0.2332
3.870, 0.3870, 0.4056
3.880, 0.3880, 0.03008
3.890, 0.3890, -1.213
3.900, 0.3900, 0.3987
3.910, 0.3910, -1.797
3.920, 0.3920, -2.202
3.930, 0.3930, -2.559
3.940, 0.3940, 0.2878
3.950, 0.3950, -0.4055
3.960, 0.3960, 0.06012
3.970, 0.3970, 1.268
3.980, 0.3980, 0.7173
3.990, 0.3990, -1.378
4.000, 0.4000, -1.839
4.010, 0.4010, -1.431
4.020, 0.4020, 0.4958
4.030, 0.4030, 2.172
4.040, 0.4040, 1.627
4.050, 0.4050, 2.599
4.060, 0.4060, 2.225
4.070, 0.4070, 0.9704
4.080, 0.4080, 0.3427
4.090, 0.4090, -1.159
4.100, 0.4100, -0.2855
4.110, 0.4110, 1.882
4.120, 0.4120, 1.128
4.130, 0.4130, 1.047
4.140, 0.4140, 0.9063
4.150, 0.4150, 0.6739
4.160, 0.4160, -0.9234
4.170, 0.4170, -0.7427
4.180, 0.4180, -0.6504
4.190, 0.4190, -0.9091
4.200, 0.4200, 0.8128
4.210, 0.4210, 0.8718
4.220, 0.4220, 0.01692
4.230, 0.4230, 0.1135
4.240, 0.4240, -0.4037
4.250, 0.4250, -0.9241
4.260, 0.4260, -1.462
4.270, 0.4270, -1.840
4.280, 0.4280, 0.9126
4.290, 0.4290, 0.6529
4.300, 0.4300, 1.274
4.310, 0.4310, 1.145
4.320, 0.4320, 0.8101
4.330, 0.4330, -0.1415
4.340, 0.4340, 0.1168
4.350, 0.4350, -1.383
4.360, 0.4360, -1.980
4.370, 0.4370, -2.749
4.380, 0.4380, 0.1406
4.390, 0.4390, 0.6739
4.400, 0.4400, 1.206
4.410, 0.4410, 0.3507
4.420, 0.4420, -0.9251
4.430, 0.4430, -0.4136
4.440, 0.4440, -0.8323
4.450, 0.4450, -1.136
4.460, 0.4460, 0.3005
4.470, 0.4470, 1.196
4.480, 0.4480, 2.541
4.490, 0.4490, 1.395
4.500, 0.4500, 1.077
4.510, 0.4510, 2.239
4.520, 0.4520, 1.450
4.530, 0.4530, 0.5584
4.540, 0.4540, -1.738
4.550, 0.4550, -0.3084
4.560, 0.4560, 0.7865
4.570, 0.4570, 0.3400
4.580, 0.4580, 1.208
4.590, 0.4590, 1.484
4.600, 0.4600, 1.548
4.610, 0.4610, 1.318
4.620, 0.4620, 0.3396
4.630, 0.4630, 1.118
4.640, 0.4640, 0.6012
4.650, 0.4650, -1.092
4.660, 0.4660, -1.528
4.670, 0.4670, -0.4775
4.680, 0.4680, 1.271
4.690, 0.4690, 1.350
4.700, 0.4700, 0.8493
4.710, 0.4710, 1.148
4.720, 0.4720, 0.9750
4.730, 0.4730, -0.5477
4.740, 0.4740, -0.8725
4.750, 0.4750, -0.7134
4.760, 0.4760, -2.079
4.770, 0.4770, -2.474
4.780, 0.4780, -0.5679
4.790, 0.4790, 1.087
4.800, 0.4800, 0.9391
4.810, 0.4810, 0.7314
4.820, 0.4820, -0.4201
4.830, 0.4830, -0.4637
4.840, 0.4840, 1.497
4.850, 0.4850, -0.8763
4.860, 0.4860, -1.641
4.870, 0.4870, -1.157
4.880, 0.4880, 0.05387
4.890, 0.4890, 2.986
4.900, 0.4900, 2.912
4.910, 0.4910, 4.009
4.920, 0.4920, 2.369
4.930, 0.4930, 0.7099
4.940, 0.4940, 1.155
4.950, 0.4950, -0.04608
4.960, 0.4960, -0.1253
4.970, 0.4970, -1.441
4.980, 0.4980, -0.6892
4.990, 0.4990, 1.611
5.000, 0.5000, 1.935
5.010, 0.5010, 1.805
5.020, 0.5020, 2.074
5.030, 0.5030, 1.110
5.040, 0.5040, 1.668
5.050, 0.5050, 1.077
5.060, 0.5060, -1.139
5.070, 0.5070, -0.6390
5.080, 0.5080, -1.668
5.090, 0.5090, -0.9668
5.100, 0.5100, 0.07695
5.110, 0.5110, 1.251
5.120, 0.5120, -0.7223
5.130, 0.5130, 0.5804
5.140, 0.5140, -0.1310
5.150, 0.5150, 1.674
5.160, 0.5160, 0.8896
5.170, 0.5170, 0.6587
5.180, 0.5180, -0.3210
5.190, 0.5190, -1.781
5.200, 0.5200, -2.252
5.210, 0.5210, -0.7950
5.220, 0.5220, 0.8811
5.230, 0.5230, 0.8791
5.240, 0.5240, -0.006115
5.250, 0.5250, 0.2697
5.260, 0.5260, 0.2537
5.270, 0.5270, 1.008
5.280, 0.5280, -0.7891
5.290, 0.5290, 0.06809
5.300, 0.5300, 0.1943
5.310, 0.5310, 0.7732
5.320, 0.5320, -0.04062
5.330, 0.5330, 1.596
5.340, 0.5340, 2.117
5.350, 0.5350, 2.693
5.360, 0.5360, 1.196
5.370, 0.5370, 1.034
5.380, 0.5380, 1.905
5.390, 0.5390, 1.031
5.400, 0.5400, -0.1920
5.410, 0.5410, -0.1213
5.420, 0.5420, -0.9165
5.430, 0.5430, 0.6920
5.440, 0.5440, 0.9337
5.450, 0.5450, 1.546
5.460, 0.5460, 1.900
5.470, 0.5470, 0.6190
5.480, 0.5480, 1.249
5.490, 0.5490, 2.013
5.500, 0.5500, 0.3983
5.510, 0.5510, 0.4978
5.520, 0.5520, -1.569
5.530, 0.5530, -0.7807
5.540, 0.5540, -0.2000
5.550, 0.5550, 0.2866
5.560, 0.5560, 0.6546
5.570, 0.5570, 0.4827
5.580, 0.5580, 1.843
5.590, 0.5590, 1.514
5.600, 0.5600, -1.187
5.610, 0.5610, -1.957
5.620, 0.5620, -1.514
5.630, 0.5630, -1.664
5.640, 0.5640, 0.1505
5.650, 0.5650, 0.9809
5.660, 0.5660, 1.557
5.670, 0.5670, 0.6330
5.680, 0.5680, 0.1894
5.690, 0.5690, 0.7695
5.700, 0.5700, -0.2216
5.710, 0.5710, 0.3511
5.720, 0.5720, -0.5314
5.730, 0.5730, -0.8503
5.740, 0.5740, 0.01227
5.750, 0.5750, 2.494
5.760, 0.5760, 2.629
5.770, 0.5770, 2.862
5.780, 0.5780, 1.652
5.790, 0.5790, 1.468
5.800, 0.5800, 1.464
5.810, 0.5810, 1.178
5.820, 0.5820, -0.3446
5.830, 0.5830, -0.7888
5.840, 0.5840, 0.4619
5.850, 0.5850, 1.664
5.860, 0.5860, 1.858
5.870, 0.5870, 2.009
5.880, 0.5880, 0.4898
5.890, 0.5890, 0.8481
5.900, 0.5900, 0.8649
5.910, 0.5910, 0.8280
5.920, 0.5920, -0.5446
5.930, 0.5930, -0.6680
5.940, 0.5940, -2.362
5.950, 0.5950, -1.254
5.960, 0.5960, 1.172
5.970, 0.5970, 1.430
5.980, 0.5980, 0.7355
5.990, 0.5990, 0.2297
6.000, 0.6000, 0.8509
6.010, 0.6010, -0.5311
6.020, 0.6020, -1.193
6.030, 0.6030, -1.103
6.040, 0.6040, -1.647
6.050, 0.6050, -0.9258
6.060, 0.6060, 1.200
6.070, 0.6070, 0.8736
6.080, 0.6080, -1.035
6.090, 0.6090, 0.1810
6.100, 0.6100, 0.4011
6.110, 0.6110, -0.2182
6.120, 0.6120, -1.133
6.130, 0.6130, -2.065
6.140, 0.6140, -0.1400
6.150, 0.6150, 1.412
6.160, 0.6160, 2.580
6.170, 0.6170, 3.004
6.180, 0.6180, 1.127
6.190, 0.6190, 1.819
6.200, 0.6200, 2.108
6.210, 0.6210, 1.813
6.220, 0.6220, -0.8209
6.230, 0.6230, -1.277
6.240, 0.6240, -0.9432
6.250, 0.6250, 0.2896
6.260, 0.6260, -0.1965
6.270, 0.6270, 1.983
6.280, 0.6280, -0.03739
6.290, 0.6290, 0.8443
6.300, 0.6300, 0.1332
6.310, 0.6310, 1.379
6.320, 0.6320, 0.5806
6.330, 0.6330, -1.306
6.340, 0.6340, -2.197
6.350, 0.6350, -0.4552
6.360, 0.6360, 1.138
6.370, 0.6370, 2.605
6.380, 0.6380, 2.059
6.390, 0.6390, -0.05719
6.400, 0.6400, 0.3132
6.410, 0.6410, 0.5804
6.420, 0.6420, 0.2848
6.430, 0.6430, 0.8710
6.440, 0.6440, -0.1699
6.450, 0.6450, -0.4862
6.460, 0.6460, -1.596
6.470, 0.6470, -0.1987
6.480, 0.6480, 0.9020
6.490, 0.6490, 1.720
6.500, 0.6500, 0.3096
6.510, 0.6510, -0.1843
6.520, 0.6520, 0.5950
6.530, 0.6530, -0.4700
6.540, 0.6540, -0.5886
6.550, 0.6550, -0.5690
6.560, 0.6560, 0.8891
6.570, 0.6570, 0.5225
6.580, 0.6580, 2.255
6.590, 0.6590, 2.100
6.600, 0.6600, 2.781
6.610, 0.6610, 1.408
6.620, 0.6620, 1.378
6.630, 0.6630, 0.6371
6.640, 0.6640, -0.03542
6.650, 0.6650, -0.7102
6.660, 0.6660, -0.7171
6.670, 0.6670, 0.9843
6.680, 0.6680, 1.027
6.690, 0.6690, 1.451
6.700, 0.6700, 0.8956
6.710, 0.6710, 0.9762
6.720, 0.6720, 0.5548
6.730, 0.6730, 0.4100
6.740, 0.6740, 0.5709
6.750, 0.6750, -0.3478
6.760, 0.6760, -1.151
6.770, 0.6770, -0.4582
6.780, 0.6780, 0.8169
6.790, 0.6790, 0.7636
6.800, 0.6800, 1.803
6.810, 0.6810, 1.420
6.820, 0.6820, 1.122
6.830, 0.6830, 1.084
6.840, 0.6840, 1.026
6.850, 0.6850, 0.7393
6.860, 0.6860, 0.3420
6.870, 0.6870, -0.7175
6.880, 0.6880, -1.866
6.890, 0.6890, -0.7723
6.900, 0.6900, 1.419
6.910, 0.6910, 1.247
6.920, 0.6920, 0.9825
6.930, 0.6930, 1.199
6.940, 0.6940, 1.381
6.950, 0.6950, -0.7514
6.960, 0.6960, -1.906
6.970, 0.6970, 0.09353
6.980, 0.6980, 0.9693
6.990, 0.6990, 2.215
7.000, 0.7000, 2.458
7.010, 0.7010, 2.378
7.020, 0.7020, 2.073
7.030, 0.7030, 1.935
7.040, 0.7040, 1.419
7.050, 0.7050, 0.6696
7.060, 0.7060, -0.1207
7.070, 0.7070, 0.2861
7.080, 0.7080, 1.224
7.090, 0.7090, 2.950
7.100, 0.7100, 2.172
7.110, 0.7110, 1.078
7.120, 0.7120, 1.717
7.130, 0.7130, 1.199
7.140, 0.7140, -0.2387
7.150, 0.7150, -0.5927
7.160, 0.7160, -1.866
7.170, 0.7170, -1.138
7.180, 0.7180, 0.09075
7.190, 0.7190, 2.648
7.200, 0.7200, 2.105
7.210, 0.7210, 0.8984
7.220, 0.7220, 0.7016
7.230, 0.7230, 0.6763
7.240, 0.7240, -0.3123
7.250, 0.7250, -0.9834
7.260, 0.7260, -0.8143
7.270, 0.7270, 0.6160
7.280, 0.7280, 0.1738
7.290, 0.7290, 1.414
7.300, 0.7300, 2.450
7.310, 0.7310, 0.7698
7.320, 0.7320, 1.406
7.330, 0.7330, 1.509
7.340, 0.7340, -0.2700
7.350, 0.7350, -0.5466
7.360, 0.7360, -0.2871
7.370, 0.7370, -0.8012
7.380, 0.7380, -0.6866
7.390, 0.7390, 1.978
7.400, 0.7400, 2.049
7.410, 0.7410, 1.975
7.420, 0.7420, 1.968
7.430, 0.7430, 1.590
7.440, 0.7440, 1.644
7.450, 0.7450, 0.4724
7.460, 0.7460, 0.1202
7.470, 0.7470, 0.5645
7.480, 0.7480, 0.02845
7.490, 0.7490, 1.312
7.500, 0.7500, 2.168
7.510, 0.7510, 1.454
7.520, 0.7520, 1.246
7.530, 0.7530, 1.726
7.540, 0.7540, 1.312
7.550, 0.7550, 0.04148
7.560, 0.7560, -0.2014
7.570, 0.7570, -0.7267
7.580, 0.7580, -0.7302
7.590, 0.7590, -0.1752
7.600, 0.7600, 0.004633
7.610, 0.7610, 1.823
7.620, 0.7620, 1.662
7.630, 0.7630, 0.4531
7.640, 0.7640, 0.6678
7.650, 0.7650, 0.01440
7.660, 0.7660, 1.169
7.670, 0.7670, -0.3840
7.680, 0.7680, -0.9625
7.690, 0.7690, -0.2832
7.700, 0.7700, -0.5123
7.710, 0.7710, -0.3349
7.720, 0.7720, 1.901
7.730, 0.7730, 1.069
7.740, 0.7740, 1.920
7.750, 0.7750, 1.131
7.760, 0.7760, 1.077
7.770, 0.7770, 0.2796
7.780, 0.7780, 0.5298
7.790, 0.7790, -0.07958
7.800, 0.7800, -0.2585
7.810, 0.7810, -0.7874
7.820, 0.7820, 0.9747
7.830, 0.7830, 3.489
7.840, 0.7840, 3.663
7.850, 0.7850, 2.301
7.860, 0.7860, 2.462
7.870, 0.7870, 2.374
7.880, 0.7880, 2.093
7.890, 0.7890, 0.5317
7.900, 0.7900, -0.06927
7.910, 0.7910, 1.073
7.920, 0.7920, 2.658
7.930, 0.7930, 0.9944
7.940, 0.7940, 1.181
7.950, 0.7950, 0.7262
7.960, 0.7960, 1.108
7.970, 0.7970, 2.382
7.980, 0.7980, 0.8973
7.990, 0.7990, -1.091
8.000, 0.8000, -1.579
8.010, 0.8010, -0.02141
8.020, 0.8020, -0.1445
8.030, 0.8030, 2.029
8.040, 0.8040, 1.266
8.050, 0.8050, 0.02798
8.060, 0.8060, 0.3934
8.070, 0.8070, 2.096
8.080, 0.8080, 0.3877
8.090, 0.8090, 0.04639
8.100, 0.8100, -0.6775
8.110, 0.8110, -1.142
8.120, 0.8120, -1.735
8.130, 0.8130, 1.016
8.140, 0.8140, 1.193
8.150, 0.8150, 1.837
8.160, 0.8160, 1.129
8.170, 0.8170, 0.9008
8.180, 0.8180, 1.835
8.190, 0.8190, 1.526
8.200, 0.8200, 0.9611
8.210, 0.8210, -0.5655
8.220, 0.8220, -1.333
8.230, 0.8230, -1.667
8.240, 0.8240, -0.05501
8.250, 0.8250, 3.314
8.260, 0.8260, 3.886
8.270, 0.8270, 2.453
8.280, 0.8280, 2.119
8.290, 0.8290, 2.019
8.300, 0.8300, 3.004
8.310, 0.8310, 1.274
8.320, 0.8320, 0.2711
8.330, 0.8330, 0.1114
8.340, 0.8340, 0.4706
8.350, 0.8350, 0.7937
8.360, 0.8360, 2.792
8.370, 0.8370, 2.548
8.380, 0.8380, 3.438
8.390, 0.8390, 2.585
8.400, 0.8400, 1.728
8.410, 0.8410, 2.226
8.420, 0.8420, 0.2692
8.430, 0.8430, -0.2486
8.440, 0.8440, -1.375
8.450, 0.8450, -0.1544
8.460, 0.8460, -1.368
8.470, 0.8470, -1.283
8.480, 0.8480, 0.7486
8.490, 0.8490, 2.255
8.500, 0.8500, 3.309
8.510, 0.8510, 1.612
8.520, 0.8520, 1.300
8.530, 0.8530, 2.583
8.540, 0.8540, 0.7253
8.550, 0.8550, -0.5485
8.560, 0.8560, -0.5888
8.570, 0.8570, -0.4858
8.580, 0.8580, -1.062
8.590, 0.8590, -0.1823
8.600, 0.8600, 1.237
8.610, 0.8610, 1.435
8.620, 0.8620, 1.195
8.630, 0.8630, 1.589
8.640, 0.8640, 0.2005
8.650, 0.8650, 1.383
8.660, 0.8660, 2.509
8.670, 0.8670, 2.240
8.680, 0.8680, 1.690
8.690, 0.8690, 0.9914
8.700, 0.8700, 1.185
8.710, 0.8710, 2.115
8.720, 0.8720, 1.879
8.730, 0.8730, 3.842
8.740, 0.8740, 2.796
8.750, 0.8750, 1.582
8.760, 0.8760, 0.2486
8.770, 0.8770, 2.099
8.780, 0.8780, 2.764
8.790, 0.8790, 2.496
8.800, 0.8800, -0.2776
8.810, 0.8810, -0.04821
8.820, 0.8820, -0.9457
8.830, 0.8830, -0.1945
8.840, 0.8840, 2.734
8.850, 0.8850, 2.902
8.860, 0.8860, 1.710
8.870, 0.8870, 2.957
8.880, 0.8880, 1.419
8.890, 0.8890, -1.201
8.900, 0.8900, -0.1116
8.910, 0.8910, -0.8038
8.920, 0.8920, -0.004203
8.930, 0.8930, 2.068
8.940, 0.8940, 2.063
8.950, 0.8950, 1.904
8.960, 0.8960, 2.132
8.970, 0.8970, 1.156
8.980, 0.8980, 0.9660
8.990, 0.8990, 1.214
9.000, 0.9000, 2.112
9.010, 0.9010, -0.3624
9.020, 0.9020, -1.141
9.030, 0.9030, -1.440
9.040, 0.9040, -1.514
9.050, 0.9050, 0.4976
9.060, 0.9060, 2.442
9.070, 0.9070, 2.674
9.080, 0.9080, 4.076
9.090, 0.9090, 3.465
9.100, 0.9100, 3.846
9.110, 0.9110, 3.166
9.120, 0.9120, 3.343
9.130, 0.9130, 1.096
9.140, 0.9140, -0.2450
9.150, 0.9150, 0.01298
9.160, 0.9160, 1.410
9.170, 0.9170, 2.478
9.180, 0.9180, 2.329
9.190, 0.9190, 1.993
9.200, 0.9200, 2.846
9.210, 0.9210, 3.175
9.220, 0.9220, 2.459
9.230, 0.9230, 2.112
9.240, 0.9240, 0.8876
9.250, 0.9250, 0.2303
9.260, 0.9260, -1.084
9.270, 0.9270, -1.282
9.280, 0.9280, 1.125
9.290, 0.9290, 2.119
9.300, 0.9300, 2.077
9.310, 0.9310, 2.956
9.320, 0.9320, 3.193
9.330, 0.9330, 2.739
9.340, 0.9340, 2.505
9.350, 0.9350, 0.2685
9.360, 0.9360, -0.6673
9.370, 0.9370, -0.4792
9.380, 0.9380, 1.205
9.390, 0.9390, 2.089
9.400, 0.9400, 2.248
9.410, 0.9410, 2.933
9.420, 0.9420, 0.8632
9.430, 0.9430, 1.787
9.440, 0.9440, 0.8617
9.450, 0.9450, 2.178
9.460, 0.9460, 0.6691
9.470, 0.9470, 0.7291
9.480, 0.9480, -1.090
9.490, 0.9490, -0.5381
9.500, 0.9500, 0.9643
9.510, 0.9510, 3.145
9.520, 0.9520, 2.443
9.530, 0.9530, 3.479
9.540, 0.9540, 3.251
9.550, 0.9550, 4.054
9.560, 0.9560, 3.580
9.570, 0.9570, 3.544
9.580, 0.9580, 1.009
9.590, 0.9590, 1.014
9.600, 0.9600, 0.8875
9.610, 0.9610, -0.1376
9.620, 0.9620, 0.9259
9.630, 0.9630, 1.550
9.640, 0.9640, 1.631
9.650, 0.9650, 3.672
9.660, 0.9660, 2.880
9.670, 0.9670, 2.177
9.680, 0.9680, 2.325
9.690, 0.9690, 1.910
9.700, 0.9700, 1.274
9.710, 0.9710, 0.9454
9.720, 0.9720, -0.8396
9.730, 0.9730, -0.7391
9.740, 0.9740, 1.607
9.750, 0.9750, 3.502
9.760, 0.9760, 4.207
9.770, 0.9770, 2.264
9.780, 0.9780, 1.991
9.790, 0.9790, 0.8813
9.800, 0.9800, 1.387
9.810, 0.9810, 1.890
9.820, 0.9820, 0.2106
9.830, 0.9830, -0.04639
9.840, 0.9840, -0.7859
9.850, 0.9850, 0.5722
9.860, 0.9860, 1.187
9.870, 0.9870, 2.327
9.880, 0.9880, 3.304
9.890, 0.9890, 2.093
9.900, 0.9900, 1.603
9.910, 0.9910, 2.261
9.920, 0.9920, 1.815
9.930, 0.9930, 1.792
9.940, 0.9940, 1.291
9.950, 0.9950, 1.640
9.960, 0.9960, 2.140
9.970, 0.9970, 1.274
9.980, 0.9980, 1.761
9.990, 0.9990, 2.626
10.00, 1.000, 1.629
10.01, 1.001, 0.7245
10.02, 1.002, 4.105
10.03, 1.003, 3.034
10.04, 1.004, 3.528
10.05, 1.005, 3.116
10.06, 1.006, 2.622
10.07, 1.007, 1.380
10.08, 1.008, 0.9055
10.09, 1.009, 0.1853
10.10, 1.010, 0.8273
10.11, 1.011, 0.9646
10.12, 1.012, 4.935
10.13, 1.013, 3.927
10.14, 1.014, 2.895
10.15, 1.015, 2.195
10.16, 1.016, 0.6339
10.17, 1.017, 1.992
10.18, 1.018, -0.5250
10.19, 1.019, 1.036
10.20, 1.020, 1.167
10.21, 1.021, 2.867
10.22, 1.022, 1.592
10.23, 1.023, 2.205
10.24, 1.024, 2.769
10.25, 1.025, 0.6322
10.26, 1.026, 1.406
10.27, 1.027, 1.134
10.28, 1.028, 0.9180
10.29, 1.029, 1.162
10.30, 1.030, 4.193
10.31, 1.031, 1.709
10.32, 1.032, 3.168
10.33, 1.033, 2.738
10.34, 1.034, 3.566
10.35, 1.035, 3.055
10.36, 1.036, 1.718
10.37, 1.037, 1.200
10.38, 1.038, 2.008
10.39, 1.039, 4.445
10.40, 1.040, 3.902
10.41, 1.041, 3.819
10.42, 1.042, 3.283
10.43, 1.043, 2.379
10.44, 1.044, 2.880
10.45, 1.045, 2.815
10.46, 1.046, 2.750
10.47, 1.047, 1.516
10.48, 1.048, -0.5718
10.49, 1.049, 0.6802
10.50, 1.050, 1.466
10.51, 1.051, 1.547
10.52, 1.052, 3.560
10.53, 1.053, 4.986
10.54, 1.054, 3.709
10.55, 1.055, 1.864
10.56, 1.056, 3.133
10.57, 1.057, 2.235
10.58, 1.058, 2.013
10.59, 1.059, 1.507
10.60, 1.060, 0.5118
10.61, 1.061, 0.7168
10.62, 1.062, 0.4644
10.63, 1.063, 2.291
10.64, 1.064, 3.985
10.65, 1.065, 4.761
10.66, 1.066, 4.181
10.67, 1.067, 2.446
10.68, 1.068, 2.174
10.69, 1.069, 2.076
10.70, 1.070, 2.825
10.71, 1.071, 2.299
10.72, 1.072, 1.740
10.73, 1.073, 0.3284
10.74, 1.074, 1.029
10.75, 1.075, 0.8432
10.76, 1.076, 2.041
10.77, 1.077, 5.728
10.78, 1.078, 5.890
10.79, 1.079, 4.797
10.80, 1.080, 3.237
10.81, 1.081, 3.929
10.82, 1.082, 4.245
10.83, 1.083, 3.307
10.84, 1.084, 2.748
10.85, 1.085, 0.1094
10.86, 1.086, 1.116
10.87, 1.087, 0.9253
10.88, 1.088, 4.626
10.89, 1.089, 4.682
10.90, 1.090, 3.445
10.91, 1.091, 2.814
10.92, 1.092, 3.557
10.93, 1.093, 3.094
10.94, 1.094, 3.612
10.95, 1.095, 2.502
10.96, 1.096, 0.6375
10.97, 1.097, 0.8694
10.98, 1.098, 1.003
10.99, 1.099, 1.358
11.00, 1.100, 2.296
11.01, 1.101, 4.450
11.02, 1.102, 2.648
11.03, 1.103, 3.119
11.04, 1.104, 4.576
11.05, 1.105, 3.092
11.06, 1.106, 3.035
11.07, 1.107, 2.153
11.08, 1.108, 4.527
11.09, 1.109, 1.043
11.10, 1.110, 1.894
11.11, 1.111, 1.929
11.12, 1.112, 0.5923
11.13, 1.113, 2.391
11.14, 1.114, 3.542
11.15, 1.115, 2.917
11.16, 1.116, 4.744
11.17, 1.117, 3.637
11.18, 1.118, 2.890
11.19, 1.119, 3.687
11.20, 1.120, 3.995
11.21, 1.121, 4.246
11.22, 1.122, 3.825
11.23, 1.123, 3.404
11.24, 1.124, 2.976
11.25, 1.125, 3.065
11.26, 1.126, 0.4445
11.27, 1.127, 3.980
11.28, 1.128, 5.346
11.29, 1.129, 4.939
11.30, 1.130, 2.727
11.31, 1.131, 2.849
11.32, 1.132, 2.678
11.33, 1.133, 4.122
11.34, 1.134, 4.320
11.35, 1.135, 2.485
11.36, 1.136, 2.304
11.37, 1.137, 2.170
11.38, 1.138, 0.9037
11.39, 1.139, 2.432
11.40, 1.140, 3.675
11.41, 1.141, 3.902
11.42, 1.142, 4.137
11.43, 1.143, 5.530
11.44, 1.144, 3.822
11.45, 1.145, 3.540
11.46, 1.146, 2.977
11.47, 1.147, 4.314
11.48, 1.148, 1.757
11.49, 1.149, 0.1141
11.50, 1.150, 1.402
11.51, 1.151, 4.244
11.52, 1.152, 4.216
11.53, 1.153, 3.135
11.54, 1.154, 5.163
11.55, 1.155, 5.555
11.56, 1.156, 2.973
11.57, 1.157, 3.007
11.58, 1.158, 1.730
11.59, 1.159, 1.734
11.60, 1.160, 3.092
11.61, 1.161, 3.864
11.62, 1.162, 4.780
11.63, 1.163, 5.774
11.64, 1.164, 5.807
11.65, 1.165, 5.338
11.66, 1.166, 4.927
11.67, 1.167, 4.599
11.68, 1.168, 4.975
11.69, 1.169, 5.170
11.70, 1.170, 6.541
11.71, 1.171, 5.502
11.72, 1.172, 4.565
11.73, 1.173, 4.699
11.74, 1.174, 4.972
11.75, 1.175, 3.754
11.76, 1.176, 2.742
11.77, 1.177, 2.561
11.78, 1.178, 5.067
11.79, 1.179, 4.606
11.80, 1.180, 4.514
11.81, 1.181, 4.892
11.82, 1.182, 4.407
11.83, 1.183, 5.329
11.84, 1.184, 3.736
11.85, 1.185, 2.800
11.86, 1.186, 2.758
11.87, 1.187, 3.463
11.88, 1.188, 3.191
11.89, 1.189, 5.095
11.90, 1.190, 4.927
11.91, 1.191, 5.764
11.92, 1.192, 4.918
11.93, 1.193, 5.206
11.94, 1.194, 3.058
11.95, 1.195, 1.718
11.96, 1.196, 1.820
11.97, 1.197, 3.937
11.98, 1.198, 6.903
11.99, 1.199, 5.930
12.00, 1.200, 4.243
12.01, 1.201, 4.392
12.02, 1.202, 4.614
12.03, 1.203, 4.971
12.04, 1.204, 3.632
12.05, 1.205, 4.173
12.06, 1.206, 4.100
12.07, 1.207, 5.636
12.08, 1.208, 7.043
12.09, 1.209, 7.473
12.10, 1.210, 7.401
12.11, 1.211, 7.834
12.12, 1.212, 6.030
12.13, 1.213, 5.212
12.14, 1.214, 4.548
12.15, 1.215, 3.964
12.16, 1.216, 4.142
12.17, 1.217, 4.559
12.18, 1.218, 7.118
12.19, 1.219, 6.483
12.20, 1.220, 6.575
12.21, 1.221, 6.718
12.22, 1.222, 6.392
12.23, 1.223, 7.400
12.24, 1.224, 7.229
12.25, 1.225, 4.842
12.26, 1.226, 4.820
12.27, 1.227, 4.190
12.28, 1.228, 2.840
12.29, 1.229, 4.122
12.30, 1.230, 4.554
12.31, 1.231, 5.660
12.32, 1.232, 8.234
12.33, 1.233, 8.351
12.34, 1.234, 7.281
12.35, 1.235, 6.184
12.36, 1.236, 6.097
12.37, 1.237, 6.530
12.38, 1.238, 6.107
12.39, 1.239, 3.596
12.40, 1.240, 4.236
12.41, 1.241, 4.490
12.42, 1.242, 7.274
12.43, 1.243, 8.885
12.44, 1.244, 8.974
12.45, 1.245, 6.365
12.46, 1.246, 7.560
12.47, 1.247, 8.298
12.48, 1.248, 8.153
12.49, 1.249, 6.416
12.50, 1.250, 6.239
12.51, 1.251, 4.343
12.52, 1.252, 7.527
12.53, 1.253, 10.59
12.54, 1.254, 9.069
12.55, 1.255, 8.442
12.56, 1.256, 9.315
12.57, 1.257, 8.968
12.58, 1.258, 7.708
12.59, 1.259, 6.736
12.60, 1.260, 6.889
12.61, 1.261, 6.489
12.62, 1.262, 8.614
12.63, 1.263, 9.995
12.64, 1.264, 10.40
12.65, 1.265, 9.618
12.66, 1.266, 9.081
12.67, 1.267, 6.928
12.68, 1.268, 7.099
12.69, 1.269, 6.827
12.70, 1.270, 6.933
12.71, 1.271, 6.542
12.72, 1.272, 10.37
12.73, 1.273, 11.39
12.74, 1.274, 9.135
12.75, 1.275, 8.832
12.76, 1.276, 9.739
12.77, 1.277, 9.226
12.78, 1.278, 10.41
12.79, 1.279, 8.324
12.80, 1.280, 7.330
12.81, 1.281, 9.495
12.82, 1.282, 9.199
12.83, 1.283, 11.30
12.84, 1.284, 12.36
12.85, 1.285, 11.88
12.86, 1.286, 12.26
12.87, 1.287, 12.48
12.88, 1.288, 12.10
12.89, 1.289, 13.34
12.90, 1.290, 11.78
12.91, 1.291, 12.03
12.92, 1.292, 11.41
12.93, 1.293, 15.56
12.94, 1.294, 14.37
12.95, 1.295, 13.37
12.96, 1.296, 14.52
12.97, 1.297, 15.99
12.98, 1.298, 12.25
12.99, 1.299, 12.38
13.00, 1.300, 11.40
13.01, 1.301, 11.92
13.02, 1.302, 14.54
13.03, 1.303, 16.36
13.04, 1.304, 16.16
13.05, 1.305, 14.38
13.06, 1.306, 15.42
13.07, 1.307, 15.26
13.08, 1.308, 14.08
13.09, 1.309, 14.58
13.10, 1.310, 13.76
13.11, 1.311, 13.40
13.12, 1.312, 15.46
13.13, 1.313, 17.67
13.14, 1.314, 16.04
13.15, 1.315, 17.36
13.16, 1.316, 18.17
13.17, 1.317, 17.10
13.18, 1.318, 15.75
13.19, 1.319, 17.71
13.20, 1.320, 18.93
13.21, 1.321, 18.07
13.22, 1.322, 18.21
13.23, 1.323, 16.76
13.24, 1.324, 16.84
13.25, 1.325, 17.61
13.26, 1.326, 18.53
13.27, 1.327, 20.12
13.28, 1.328, 19.23
13.29, 1.329, 21.04
13.30, 1.330, 20.95
13.31, 1.331, 21.90
13.32, 1.332, 21.39
13.33, 1.333, 20.86
13.34, 1.334, 20.91
13.35, 1.335, 21.65
13.36, 1.336, 20.81
13.37, 1.337, 20.50
13.38, 1.338, 21.92
13.39, 1.339, 23.10
13.40, 1.340, 24.51
13.41, 1.341, 24.26
13.42, 1.342, 23.22
13.43, 1.343, 24.22
13.44, 1.344, 23.82
13.45, 1.345, 23.94
13.46, 1.346, 23.53
13.47, 1.347, 23.82
13.48, 1.348, 22.24
13.49, 1.349, 22.70
13.50, 1.350, 25.81
13.51, 1.351, 25.05
13.52, 1.352, 24.76
13.53, 1.353, 26.41
13.54, 1.354, 24.76
13.55, 1.355, 23.84
13.56, 1.356, 25.34
13.57, 1.357, 24.53
13.58, 1.358, 25.13
13.59, 1.359, 23.66
13.60, 1.360, 24.86
13.61, 1.361, 23.87
13.62, 1.362, 25.43
13.63, 1.363, 27.73
13.64, 1.364, 25.96
13.65, 1.365, 26.56
13.66, 1.366, 25.96
13.67, 1.367, 25.39
13.68, 1.368, 24.96
13.69, 1.369, 23.60
13.70, 1.370, 22.54
13.71, 1.371, 24.67
13.72, 1.372, 26.03
13.73, 1.373, 27.80
13.74, 1.374, 29.60
13.75, 1.375, 27.80
13.76, 1.376, 26.39
13.77, 1.377, 25.76
13.78, 1.378, 26.04
13.79, 1.379, 25.87
13.80, 1.380, 24.32
13.81, 1.381, 23.84
13.82, 1.382, 23.87
13.83, 1.383, 23.89
13.84, 1.384, 23.71
13.85, 1.385, 25.67
13.86, 1.386, 26.84
13.87, 1.387, 26.32
13.88, 1.388, 23.73
13.89, 1.389, 24.80
13.90, 1.390, 24.11
13.91, 1.391, 24.13
13.92, 1.392, 21.28
13.93, 1.393, 22.44
13.94, 1.394, 21.19
13.95, 1.395, 23.15
13.96, 1.396, 25.35
13.97, 1.397, 22.89
13.98, 1.398, 23.82
13.99, 1.399, 22.80
14.00, 1.400, 22.28
14.01, 1.401, 20.68
14.02, 1.402, 19.60
14.03, 1.403, 19.23
14.04, 1.404, 22.68
14.05, 1.405, 22.51
14.06, 1.406, 21.51
14.07, 1.407, 24.17
14.08, 1.408, 21.85
14.09, 1.409, 22.13
14.10, 1.410, 21.86
14.11, 1.411, 19.87
14.12, 1.412, 19.51
14.13, 1.413, 19.30
14.14, 1.414, 19.42
14.15, 1.415, 20.15
14.16, 1.416, 23.94
14.17, 1.417, 22.16
14.18, 1.418, 21.73
14.19, 1.419, 22.03
14.20, 1.420, 22.56
14.21, 1.421, 21.65
14.22, 1.422, 21.45
14.23, 1.423, 20.48
14.24, 1.424, 18.04
14.25, 1.425, 19.15
14.26, 1.426, 17.63
14.27, 1.427, 19.62
14.28, 1.428, 20.75
14.29, 1.429, 20.66
14.30, 1.430, 20.15
14.31, 1.431, 20.06
14.32, 1.432, 19.37
14.33, 1.433, 18.39
14.34, 1.434, 18.20
14.35, 1.435, 17.50
14.36, 1.436, 17.99
14.37, 1.437, 18.84
14.38, 1.438, 19.35
14.39, 1.439, 19.28
14.40, 1.440, 20.23
14.41, 1.441, 20.07
14.42, 1.442, 18.52
14.43, 1.443, 18.37
14.44, 1.444, 16.45
14.45, 1.445, 16.56
14.46, 1.446, 18.99
14.47, 1.447, 19.41
14.48, 1.448, 19.07
14.49, 1.449, 19.51
14.50, 1.450, 19.25
14.51, 1.451, 18.59
14.52, 1.452, 17.69
14.53, 1.453, 16.81
14.54, 1.454, 18.84
14.55, 1.455, 20.17
14.56, 1.456, 20.65
14.57, 1.457, 21.70
14.58, 1.458, 19.74
14.59, 1.459, 19.29
14.60, 1.460, 19.20
14.61, 1.461, 19.60
14.62, 1.462, 19.15
14.63, 1.463, 19.07
14.64, 1.464, 17.98
14.65, 1.465, 20.18
14.66, 1.466, 20.80
14.67, 1.467, 21.58
14.68, 1.468, 20.61
14.69, 1.469, 19.41
14.70, 1.470, 19.73
14.71, 1.471, 19.99
14.72, 1.472, 20.09
14.73, 1.473, 19.87
14.74, 1.474, 19.39
14.75, 1.475, 19.48
14.76, 1.476, 18.41
14.77, 1.477, 17.83
14.78, 1.478, 17.66
14.79, 1.479, 17.13
14.80, 1.480, 17.95
14.81, 1.481, 17.58
14.82, 1.482, 19.86
14.83, 1.483, 20.44
14.84, 1.484, 20.32
14.85, 1.485, 21.75
14.86, 1.486, 21.34
14.87, 1.487, 20.17
14.88, 1.488, 19.55
14.89, 1.489, 18.00
14.90, 1.490, 18.52
14.91, 1.491, 18.41
14.92, 1.492, 17.60
14.93, 1.493, 18.34
14.94, 1.494, 17.39
14.95, 1.495, 19.61
14.96, 1.496, 21.61
14.97, 1.497, 21.49
14.98, 1.498, 20.16
14.99, 1.499, 21.91
15.00, 1.500, 22.12
15.01, 1.501, 16.60
15.02, 1.502, 20.74
15.03, 1.503, 19.00
15.04, 1.504, 18.88
15.05, 1.505, 19.93
15.06, 1.506, 19.10
15.07, 1.507, 18.02
15.08, 1.508, 20.76
15.09, 1.509, 21.67
15.10, 1.510, 20.95
15.11, 1.511, 20.67
15.12, 1.512, 21.90
15.13, 1.513, 20.64
15.14, 1.514, 19.87
15.15, 1.515, 20.47
15.16, 1.516, 20.50
15.17, 1.517, 18.74
15.18, 1.518, 18.86
15.19, 1.519, 18.08
15.20, 1.520, 19.76
15.21, 1.521, 20.69
15.22, 1.522, 22.19
15.23, 1.523, 20.90
15.24, 1.524, 22.43
15.25, 1.525, 20.90
15.26, 1.526, 22.07
15.27, 1.527, 20.69
15.28, 1.528, 20.76
15.29, 1.529, 19.51
15.30, 1.530, 18.87
15.31, 1.531, 18.95
15.32, 1.532, 21.06
15.33, 1.533, 21.95
15.34, 1.534, 23.09
15.35, 1.535, 22.52
15.36, 1.536, 21.19
15.37, 1.537, 21.89
15.38, 1.538, 21.30
15.39, 1.539, 21.89
15.40, 1.540, 21.86
15.41, 1.541, 20.76
15.42, 1.542, 21.01
15.43, 1.543, 21.44
15.44, 1.544, 20.10
15.45, 1.545, 23.52
15.46, 1.546, 22.62
15.47, 1.547, 25.03
15.48, 1.548, 24.62
15.49, 1.549, 23.66
15.50, 1.550, 21.80
15.51, 1.551, 23.89
15.52, 1.552, 23.45
15.53, 1.553, 22.85
15.54, 1.554, 22.79
15.55, 1.555, 20.52
15.56, 1.556, 22.14
15.57, 1.557, 19.55
15.58, 1.558, 21.08
15.59, 1.559, 22.83
15.60, 1.560, 22.22
15.61, 1.561, 23.45
15.62, 1.562, 24.62
15.63, 1.563, 25.48
15.64, 1.564, 23.49
15.65, 1.565, 23.34
15.66, 1.566, 24.55
15.67, 1.567, 24.15
15.68, 1.568, 23.72
15.69, 1.569, 22.83
15.70, 1.570, 21.29
15.71, 1.571, 22.20
15.72, 1.572, 20.88
15.73, 1.573, 22.56
15.74, 1.574, 24.73
15.75, 1.575, 26.33
15.76, 1.576, 25.23
15.77, 1.577, 24.62
15.78, 1.578, 25.01
15.79, 1.579, 24.95
15.80, 1.580, 24.10
15.81, 1.581, 23.89
15.82, 1.582, 24.29
15.83, 1.583, 22.35
15.84, 1.584, 24.04
15.85, 1.585, 25.10
15.86, 1.586, 24.85
15.87, 1.587, 26.85
15.88, 1.588, 27.97
15.89, 1.589, 28.35
15.90, 1.590, 29.00
15.91, 1.591, 26.51
15.92, 1.592, 25.97
15.93, 1.593, 27.02
15.94, 1.594, 27.23
15.95, 1.595, 26.63
15.96, 1.596, 27.25
15.97, 1.597, 26.68
15.98, 1.598, 26.42
15.99, 1.599, 26.41
16.00, 1.600, 25.92
16.01, 1.601, 25.22
16.02, 1.602, 25.01
16.03, 1.603, 25.69
16.04, 1.604, 26.15
16.05, 1.605, 27.93
16.06, 1.606, 28.83
16.07, 1.607, 28.44
16.08, 1.608, 28.19
16.09, 1.609, 27.37
16.10, 1.610, 28.57
16.11, 1.611, 29.40
16.12, 1.612, 26.80
16.13, 1.613, 26.71
16.14, 1.614, 25.52
16.15, 1.615, 25.70
16.16, 1.616, 26.17
16.17, 1.617, 29.56
16.18, 1.618, 30.73
16.19, 1.619, 29.19
16.20, 1.620, 30.79
16.21, 1.621, 30.54
16.22, 1.622, 29.55
16.23, 1.623, 28.24
16.24, 1.624, 29.26
16.25, 1.625, 28.68
16.26, 1.626, 28.97
16.27, 1.627, 31.40
16.28, 1.628, 33.02
16.29, 1.629, 33.50
16.30, 1.630, 30.94
16.31, 1.631, 29.58
16.32, 1.632, 31.86
16.33, 1.633, 31.22
16.34, 1.634, 29.98
16.35, 1.635, 30.43
16.36, 1.636, 29.03
16.37, 1.637, 29.79
16.38, 1.638, 31.68
16.39, 1.639, 32.37
16.40, 1.640, 32.65
16.41, 1.641, 33.20
16.42, 1.642, 32.34
16.43, 1.643, 32.62
16.44, 1.644, 31.80
16.45, 1.645, 33.52
16.46, 1.646, 32.50
16.47, 1.647, 30.98
16.48, 1.648, 31.25
16.49, 1.649, 30.95
16.50, 1.650, 32.35
16.51, 1.651, 32.80
16.52, 1.652, 35.12
16.53, 1.653, 34.76
16.54, 1.654, 34.38
16.55, 1.655, 34.63
16.56, 1.656, 33.84
16.57, 1.657, 35.32
16.58, 1.658, 32.97
16.59, 1.659, 32.48
16.60, 1.660, 31.59
16.61, 1.661, 34.50
16.62, 1.662, 36.83
16.63, 1.663, 36.49
16.64, 1.664, 35.49
16.65, 1.665, 36.49
16.66, 1.666, 36.59
16.67, 1.667, 36.86
16.68, 1.668, 36.13
16.69, 1.669, 36.63
16.70, 1.670, 36.06
16.71, 1.671, 36.43
16.72, 1.672, 37.59
16.73, 1.673, 39.24
16.74, 1.674, 39.10
16.75, 1.675, 39.10
16.76, 1.676, 37.75
16.77, 1.677, 39.06
16.78, 1.678, 38.23
16.79, 1.679, 37.24
16.80, 1.680, 37.79
16.81, 1.681, 37.38
16.82, 1.682, 38.67
16.83, 1.683, 39.78
16.84, 1.684, 40.62
16.85, 1.685, 40.36
16.86, 1.686, 40.34
16.87, 1.687, 40.53
16.88, 1.688, 39.38
16.89, 1.689, 39.13
16.90, 1.690, 38.86
16.91, 1.691, 37.86
16.92, 1.692, 38.31
16.93, 1.693, 41.93
16.94, 1.694, 42.52
16.95, 1.695, 42.05
16.96, 1.696, 42.91
16.97, 1.697, 42.84
16.98, 1.698, 42.37
16.99, 1.699, 42.25
17.00, 1.700, 42.42
17.01, 1.701, 41.91
17.02, 1.702, 41.57
17.03, 1.703, 42.58
17.04, 1.704, 43.75
17.05, 1.705, 43.32
17.06, 1.706, 45.97
17.07, 1.707, 47.04
17.08, 1.708, 45.26
17.09, 1.709, 45.78
17.10, 1.710, 47.04
17.11, 1.711, 48.04
17.12, 1.712, 46.50
17.13, 1.713, 46.24
17.14, 1.714, 46.28
17.15, 1.715, 46.44
17.16, 1.716, 49.00
17.17, 1.717, 51.33
17.18, 1.718, 51.01
17.19, 1.719, 49.08
17.20, 1.720, 50.40
17.21, 1.721, 50.48
17.22, 1.722, 50.00
17.23, 1.723, 50.33
17.24, 1.724, 48.21
17.25, 1.725, 47.39
17.26, 1.726, 50.85
17.27, 1.727, 50.05
17.28, 1.728, 50.54
17.29, 1.729, 53.18
17.30, 1.730, 54.61
17.31, 1.731, 53.57
17.32, 1.732, 52.40
17.33, 1.733, 53.90
17.34, 1.734, 54.18
17.35, 1.735, 54.90
17.36, 1.736, 54.15
17.37, 1.737, 53.73
17.38, 1.738, 54.46
17.39, 1.739, 52.87
17.40, 1.740, 54.28
17.41, 1.741, 55.50
17.42, 1.742, 57.62
17.43, 1.743, 58.73
17.44, 1.744, 57.61
17.45, 1.745, 57.68
17.46, 1.746, 58.83
17.47, 1.747, 59.18
17.48, 1.748, 58.34
17.49, 1.749, 58.60
17.50, 1.750, 58.74
17.51, 1.751, 57.27
17.52, 1.752, 59.22
17.53, 1.753, 61.74
17.54, 1.754, 62.93
17.55, 1.755, 64.28
17.56, 1.756, 64.59
17.57, 1.757, 62.64
17.58, 1.758, 64.17
17.59, 1.759, 64.13
17.60, 1.760, 63.11
17.61, 1.761, 64.78
17.62, 1.762, 63.42
17.63, 1.763, 63.85
17.64, 1.764, 64.13
17.65, 1.765, 63.62
17.66, 1.766, 66.25
17.67, 1.767, 67.62
17.68, 1.768, 69.22
17.69, 1.769, 68.17
17.70, 1.770, 69.50
17.71, 1.771, 70.69
17.72, 1.772, 70.02
17.73, 1.773, 70.05
17.74, 1.774, 70.88
17.75, 1.775, 69.88
17.76, 1.776, 69.39
17.77, 1.777, 70.66
17.78, 1.778, 72.56
17.79, 1.779, 70.50
17.80, 1.780, 74.33
17.81, 1.781, 76.50
17.82, 1.782, 77.34
17.83, 1.783, 74.89
17.84, 1.784, 76.10
17.85, 1.785, 77.05
17.86, 1.786, 77.44
17.87, 1.787, 78.56
17.88, 1.788, 77.34
17.89, 1.789, 78.07
17.90, 1.790, 77.85
17.91, 1.791, 78.69
17.92, 1.792, 80.34
17.93, 1.793, 82.44
17.94, 1.794, 82.78
17.95, 1.795, 86.72
17.96, 1.796, 85.13
17.97, 1.797, 87.79
17.98, 1.798, 86.85
17.99, 1.799, 86.57
18.00, 1.800, 87.61
18.01, 1.801, 87.74
18.02, 1.802, 89.13
18.03, 1.803, 88.52
18.04, 1.804, 88.67
18.05, 1.805, 88.63
18.06, 1.806, 91.06
18.07, 1.807, 90.82
18.08, 1.808, 93.33
18.09, 1.809, 95.82
18.10, 1.810, 95.08
18.11, 1.811, 94.40
18.12, 1.812, 95.81
18.13, 1.813, 96.56
18.14, 1.814, 95.59
18.15, 1.815, 95.48
18.16, 1.816, 96.34
18.17, 1.817, 97.45
18.18, 1.818, 98.82
18.19, 1.819, 99.55
18.20, 1.820, 99.97
18.21, 1.821, 99.97
18.22, 1.822, 99.99
18.23, 1.823, 99.86
18.24, 1.824, 99.95
18.25, 1.825, 100.0
18.26, 1.826, 100.0
18.27, 1.827, 100.0
18.28, 1.828, 100.0
18.29, 1.829, 100.0
18.30, 1.830, 100.0
18.31, 1.831, 100.0
18.32, 1.832, 100.0
18.33, 1.833, 100.0
18.34, 1.834, 100.0
18.35, 1.835, 100.0
18.36, 1.836, 100.0
18.37, 1.837, 100.0
18.38, 1.838, 100.0
18.39, 1.839, 100.0
18.40, 1.840, 100.0
18.41, 1.841, 100.0
18.42, 1.842, 100.0
18.43, 1.843, 100.0
18.44, 1.844, 100.0
18.45, 1.845, 100.0
18.46, 1.846, 100.0
18.47, 1.847, 100.0
18.48, 1.848, 100.0
18.49, 1.849, 100.0
18.50, 1.850, 100.0
18.51, 1.851, 100.0
18.52, 1.852, 100.0
18.53, 1.853, 100.0
18.54, 1.854, 100.0
18.55, 1.855, 100.0
18.56, 1.856, 100.0
18.57, 1.857, 100.0
18.58, 1.858, 100.0
18.59, 1.859, 100.0
18.60, 1.860, 100.0
18.61, 1.861, 100.0
18.62, 1.862, 100.0
18.63, 1.863, 100.0
18.64, 1.864, 100.0
18.65, 1.865, 100.0
18.66, 1.866, 100.0
18.67, 1.867, 100.0
18.68, 1.868, 100.0
18.69, 1.869, 100.0
18.70, 1.870, 100.0
18.71, 1.871, 100.0
18.72, 1.872, 100.0
18.73, 1.873, 100.0
18.74, 1.874, 100.0
18.75, 1.875, 100.0
18.76, 1.876, 100.0
18.77, 1.877, 100.0
18.78, 1.878, 100.0
18.79, 1.879, 100.0
18.80, 1.880, 100.0
18.81, 1.881, 100.0
18.82, 1.882, 100.0
18.83, 1.883, 100.0
18.84, 1.884, 100.0
18.85, 1.885, 100.0
18.86, 1.886, 100.0
18.87, 1.887, 100.0
18.88, 1.888, 100.0
18.89, 1.889, 100.0
18.90, 1.890, 100.0
18.91, 1.891, 100.0
18.92, 1.892, 100.0
18.93, 1.893, 100.0
18.94, 1.894, 100.0
18.95, 1.895, 100.0
18.96, 1.896, 100.0
18.97, 1.897, 100.0
18.98, 1.898, 100.0
18.99, 1.899, 100.0
19.00, 1.900, 100.0
19.01, 1.901, 100.0
19.02, 1.902, 100.0
19.03, 1.903, 100.0
19.04, 1.904, 100.0
19.05, 1.905, 100.0
19.06, 1.906, 100.0
19.07, 1.907, 100.0
19.08, 1.908, 100.0
19.09, 1.909, 100.0
19.10, 1.910, 100.0
19.11, 1.911, 100.0
19.12, 1.912, 100.0
19.13, 1.913, 100.0
19.14, 1.914, 100.0
19.15, 1.915, 100.0
19.16, 1.916, 100.0
19.17, 1.917, 100.0
19.18, 1.918, 100.0
19.19, 1.919, 100.0
19.20, 1.920, 100.0
19.21, 1.921, 100.0
19.22, 1.922, 100.0
19.23, 1.923, 100.0
19.24, 1.924, 100.0
19.25, 1.925, 100.0
19.26, 1.926, 100.0
19.27, 1.927, 100.0
19.28, 1.928, 100.0
19.29, 1.929, 100.0
19.30, 1.930, 100.0
19.31, 1.931, 100.0
19.32, 1.932, 100.0
19.33, 1.933, 100.0
19.34, 1.934, 100.0
19.35, 1.935, 100.0
19.36, 1.936, 100.0
19.37, 1.937, 100.0
19.38, 1.938, 100.0
19.39, 1.939, 100.0
19.40, 1.940, 100.0
19.41, 1.941, 100.0
19.42, 1.942, 100.0
19.43, 1.943, 100.0
19.44, 1.944, 100.0
19.45, 1.945, 100.0
19.46, 1.946, 100.0
19.47, 1.947, 100.0
19.48, 1.948, 100.0
19.49, 1.949, 100.0
19.50, 1.950, 100.0
19.51, 1.951, 100.0
19.52, 1.952, 100.0
19.53, 1.953, 100.0
19.54, 1.954, 100.0
19.55, 1.955, 100.0
19.56, 1.956, 100.0
19.57, 1.957, 100.0
19.58, 1.958, 100.0
19.59, 1.959, 100.0
19.60, 1.960, 100.0
19.61, 1.961, 100.0
19.62, 1.962, 100.0
19.63, 1.963, 100.0
19.64, 1.964, 100.0
19.65, 1.965, 100.0
19.66, 1.966, 100.0
19.67, 1.967, 100.0
19.68, 1.968, 100.0
19.69, 1.969, 100.0
19.70, 1.970, 100.0
19.71, 1.971, 100.0
19.72, 1.972, 100.0
19.73, 1.973, 100.0
19.74, 1.974, 100.0
19.75, 1.975, 100.0
19.76, 1.976, 100.0
19.77, 1.977, 100.0
19.78, 1.978, 100.0
19.79, 1.979, 100.0
19.80, 1.980, 100.0
19.81, 1.981, 100.0
19.82, 1.982, 100.0
19.83, 1.983, 100.0
19.84, 1.984, 100.0
19.85, 1.985, 100.0
19.86, 1.986, 100.0
19.87, 1.987, 100.0
19.88, 1.988, 100.0
19.89, 1.989, 100.0
19.90, 1.990, 100.0
19.91, 1.991, 100.0
19.92, 1.992, 100.0
19.93, 1.993, 100.0
19.94, 1.994, 100.0
19.95, 1.995, 100.0
19.96, 1.996, 100.0
19.97, 1.997, 100.0
19.98, 1.998, 100.0
19.99, 1.999, 100.0
20.00, 2.000, 100.0
20.01, 1.999, 100.0
20.02, 1.998, 100.0
20.03, 1.997, 100.0
20.04, 1.996, 100.0
20.05, 1.995, 100.0
20.06, 1.994, 100.0
20.07, 1.993, 100.0
20.08, 1.992, 100.0
20.09, 1.991, 100.0
20.10, 1.990, 100.0
20.11, 1.989, 100.0
20.12, 1.988, 100.0
20.13, 1.987, 100.0
20.14, 1.986, 100.0
20.15, 1.985, 100.0
20.16, 1.984, 100.0
20.17, 1.983, 100.0
20.18, 1.982, 100.0
20.19, 1.981, 100.0
20.20, 1.980, 100.0
20.21, 1.979, 100.0
20.22, 1.978, 100.0
20.23, 1.977, 100.0
20.24, 1.976, 100.0
20.25, 1.975, 100.0
20.26, 1.974, 100.0
20.27, 1.973, 100.0
20.28, 1.972, 100.0
20.29, 1.971, 100.0
20.30, 1.970, 100.0
20.31, 1.969, 100.0
20.32, 1.968, 100.0
20.33, 1.967, 100.0
20.34, 1.966, 100.0
20.35, 1.965, 100.0
20.36, 1.964, 100.0
20.37, 1.963, 100.0
20.38, 1.962, 100.0
20.39, 1.961, 100.0
20.40, 1.960, 100.0
20.41, 1.959, 100.0
20.42, 1.958, 100.0
20.43, 1.957, 100.0
20.44, 1.956, 100.0
20.45, 1.955, 100.0
20.46, 1.954, 100.0
20.47, 1.953, 100.0
20.48, 1.952, 100.0
20.49, 1.951, 100.0
20.50, 1.950, 100.0
20.51, 1.949, 100.0
20.52, 1.948, 100.0
20.53, 1.947, 100.0
20.54, 1.946, 100.0
20.55, 1.945, 100.0
20.56, 1.944, 100.0
20.57, 1.943, 100.0
20.58, 1.942, 100.0
20.59, 1.941, 100.0
20.60, 1.940, 100.0
20.61, 1.939, 100.0
20.62, 1.938, 100.0
20.63, 1.937, 100.0
20.64, 1.936, 100.0
20.65, 1.935, 100.0
20.66, 1.934, 100.0
20.67, 1.933, 100.0
20.68, 1.932, 100.0
20.69, 1.931, 100.0
20.70, 1.930, 100.0
20.71, 1.929, 100.0
20.72, 1.928, 100.0
20.73, 1.927, 100.0
20.74, 1.926, 100.0
20.75, 1.925, 100.0
20.76, 1.924, 100.0
20.77, 1.923, 100.0
20.78, 1.922, 100.0
20.79, 1.921, 100.0
20.80, 1.920, 100.0
20.81, 1.919, 100.0
20.82, 1.918, 100.0
20.83, 1.917, 100.0
20.84, 1.916, 100.0
20.85, 1.915, 100.0
20.86, 1.914, 100.0
20.87, 1.913, 100.0
20.88, 1.912, 100.0
20.89, 1.911, 100.0
20.90, 1.910, 100.0
20.91, 1.909, 100.0
20.92, 1.908, 100.0
20.93, 1.907, 100.0
20.94, 1.906, 100.0
20.95, 1.905, 100.0
20.96, 1.904, 100.0
20.97, 1.903, 100.0
20.98, 1.902, 100.0
20.99, 1.901, 100.0
21.00, 1.900, 100.0
21.01, 1.899, 100.0
21.02, 1.898, 100.0
21.03, 1.897, 100.0
21.04, 1.896, 100.0
21.05, 1.895, 100.0
21.06, 1.894, 100.0
21.07, 1.893, 100.0
21.08, 1.892, 100.0
21.09, 1.891, 100.0
21.10, 1.890, 100.0
21.11, 1.889, 100.0
21.12, 1.888, 100.0
21.13, 1.887, 100.0
21.14, 1.886, 100.0
21.15, 1.885, 100.0
21.16, 1.884, 100.0
21.17, 1.883, 100.0
21.18, 1.882, 100.0
21.19, 1.881, 100.0
21.20, 1.880, 100.0
21.21, 1.879, 100.0
21.22, 1.878, 100.0
21.23, 1.877, 100.0
21.24, 1.876, 100.0
21.25, 1.875, 99.99
21.26, 1.874, 100.0
21.27, 1.873, 100.0
21.28, 1.872, 99.87
21.29, 1.871, 99.01
21.30, 1.870, 98.44
21.31, 1.869, 97.07
21.32, 1.868, 95.82
21.33, 1.867, 94.40
21.34, 1.866, 93.78
21.35, 1.865, 94.09
21.36, 1.864, 94.53
21.37, 1.863, 92.42
21.38, 1.862, 92.12
21.39, 1.861, 89.05
21.40, 1.860, 89.93
21.41, 1.859, 87.31
21.42, 1.858, 86.13
21.43, 1.857, 84.51
21.44, 1.856, 83.20
21.45, 1.855, 82.14
21.46, 1.854, 81.38
21.47, 1.853, 83.05
21.48, 1.852, 81.83
21.49, 1.851, 81.71
21.50, 1.850, 78.07
21.51, 1.849, 78.46
21.52, 1.848, 77.42
21.53, 1.847, 75.76
21.54, 1.846, 73.86
21.55, 1.845, 72.56
21.56, 1.844, 72.22
21.57, 1.843, 71.37
21.58, 1.842, 72.61
21.59, 1.841, 72.86
21.60, 1.840, 70.00
21.61, 1.839, 70.11
21.62, 1.838, 68.19
21.63, 1.837, 67.60
21.64, 1.836, 66.47
21.65, 1.835, 64.54
21.66, 1.834, 63.35
21.67, 1.833, 62.40
21.68, 1.832, 63.76
21.69, 1.831, 63.85
21.70, 1.830, 63.92
21.71, 1.829, 61.82
21.72, 1.828, 59.91
21.73, 1.827, 59.08
21.74, 1.826, 58.49
21.75, 1.825, 56.21
21.76, 1.824, 55.62
21.77, 1.823, 53.24
21.78, 1.822, 53.71
21.79, 1.821, 51.18
21.80, 1.820, 54.38
21.81, 1.819, 54.18
21.82, 1.818, 52.78
21.83, 1.817, 52.95
21.84, 1.816, 51.93
21.85, 1.815, 51.73
21.86, 1.814, 50.40
21.87, 1.813, 50.98
21.88, 1.812, 49.02
21.89, 1.811, 46.84
21.90, 1.810, 46.37
21.91, 1.809, 45.70
21.92, 1.808, 46.17
21.93, 1.807, 46.69
21.94, 1.806, 46.17
21.95, 1.805, 46.17
21.96, 1.804, 45.97
21.97, 1.803, 43.93
21.98, 1.802, 44.46
21.99, 1.801, 44.03
22.00, 1.800, 42.36
22.01, 1.799, 41.36
22.02, 1.798, 39.54
22.03, 1.797, 39.80
22.04, 1.796, 38.65
22.05, 1.795, 38.19
22.06, 1.794, 39.70
22.07, 1.793, 41.10
22.08, 1.792, 37.50
22.09, 1.791, 38.56
22.10, 1.790, 37.89
22.11, 1.789, 38.17
22.12, 1.788, 36.10
22.13, 1.787, 36.15
22.14, 1.786, 33.90
22.15, 1.785, 33.10
22.16, 1.784, 32.16
22.17, 1.783, 31.15
22.18, 1.782, 33.04
22.19, 1.781, 34.24
22.20, 1.780, 31.94
22.21, 1.779, 32.56
22.22, 1.778, 32.02
22.23, 1.777, 32.77
22.24, 1.776, 30.59
22.25, 1.775, 30.41
22.26, 1.774, 28.58
22.27, 1.773, 28.11
22.28, 1.772, 28.87
22.29, 1.771, 28.99
22.30, 1.770, 29.87
22.31, 1.769, 28.74
22.32, 1.768, 29.64
22.33, 1.767, 29.13
22.34, 1.766, 28.82
22.35, 1.765, 28.22
22.36, 1.764, 26.03
22.37, 1.763, 26.59
22.38, 1.762, 24.97
22.39, 1.761, 26.00
22.40, 1.760, 23.48
22.41, 1.759, 24.20
22.42, 1.758, 23.52
22.43, 1.757, 23.54
22.44, 1.756, 25.48
22.45, 1.755, 25.10
22.46, 1.754, 24.40
22.47, 1.753, 26.29
22.48, 1.752, 24.30
22.49, 1.751, 22.69
22.50, 1.750, 23.81
22.51, 1.749, 24.08
22.52, 1.748, 23.33
22.53, 1.747, 23.00
22.54, 1.746, 22.20
22.55, 1.745, 22.00
22.56, 1.744, 20.28
22.57, 1.743, 19.14
22.58, 1.742, 18.34
22.59, 1.741, 18.27
22.60, 1.740, 17.66
22.61, 1.739, 18.80
22.62, 1.738, 21.89
22.63, 1.737, 19.83
22.64, 1.736, 19.61
22.65, 1.735, 19.45
22.66, 1.734, 19.76
22.67, 1.733, 19.16
22.68, 1.732, 18.47
22.69, 1.731, 19.00
22.70, 1.730, 17.99
22.71, 1.729, 17.63
22.72, 1.728, 16.55
22.73, 1.727, 16.21
22.74, 1.726, 16.02
22.75, 1.725, 15.61
22.76, 1.724, 18.31
22.77, 1.723, 17.81
22.78, 1.722, 17.27
22.79, 1.721, 15.36
22.80, 1.720, 16.53
22.81, 1.719, 15.95
22.82, 1.718, 16.85
22.83, 1.717, 16.76
22.84, 1.716, 14.91
22.85, 1.715, 14.76
22.86, 1.714, 14.91
22.87, 1.713, 12.02
22.88, 1.712, 14.02
22.89, 1.711, 14.83
22.90, 1.710, 15.64
22.91, 1.709, 15.53
22.92, 1.708, 14.10
22.93, 1.707, 14.87
22.94, 1.706, 15.91
22.95, 1.705, 14.58
22.96, 1.704, 13.15
22.97, 1.703, 11.60
22.98, 1.702, 11.37
22.99, 1.701, 10.52
23.00, 1.700, 13.01
23.01, 1.699, 12.42
23.02, 1.698, 13.29
23.03, 1.697, 12.45
23.04, 1.696, 12.42
23.05, 1.695, 10.73
23.06, 1.694, 11.46
23.07, 1.693, 11.19
23.08, 1.692, 10.68
23.09, 1.691, 11.14
23.10, 1.690, 9.595
23.11, 1.689, 11.66
23.12, 1.688, 12.43
23.13, 1.687, 12.65
23.14, 1.686, 10.47
23.15, 1.685, 11.52
23.16, 1.684, 11.31
23.17, 1.683, 11.62
23.18, 1.682, 11.74
23.19, 1.681, 9.727
23.20, 1.680, 10.08
23.21, 1.679, 8.194
23.22, 1.678, 8.172
23.23, 1.677, 9.032
23.24, 1.676, 10.76
23.25, 1.675, 10.85
23.26, 1.674, 12.17
23.27, 1.673, 9.309
23.28, 1.672, 11.05
23.29, 1.671, 10.01
23.30, 1.670, 10.20
23.31, 1.669, 8.145
23.32, 1.668, 8.099
23.33, 1.667, 7.297
23.34, 1.666, 10.53
23.35, 1.665, 10.55
23.36, 1.664, 8.999
23.37, 1.663, 9.599
23.38, 1.662, 9.153
23.39, 1.661, 8.933
23.40, 1.660, 8.892
23.41, 1.659, 7.175
23.42, 1.658, 7.100
23.43, 1.657, 5.735
23.44, 1.656, 5.740
23.45, 1.655, 5.943
23.46, 1.654, 7.715
23.47, 1.653, 8.388
23.48, 1.652, 7.688
23.49, 1.651, 9.746
23.50, 1.650, 8.032
23.51, 1.649, 8.224
23.52, 1.648, 8.815
23.53, 1.647, 9.163
23.54, 1.646, 6.891
23.55, 1.645, 6.784
23.56, 1.644, 5.259
23.57, 1.643, 6.753
23.58, 1.642, 6.430
23.59, 1.641, 9.537
23.60, 1.640, 9.321
23.61, 1.639, 7.841
23.62, 1.638, 8.154
23.63, 1.637, 8.222
23.64, 1.636, 8.388
23.65, 1.635, 6.919
23.66, 1.634, 7.274
23.67, 1.633, 5.328
23.68, 1.632, 5.635
23.69, 1.631, 4.950
23.70, 1.630, 5.821
23.71, 1.629, 6.529
23.72, 1.628, 7.885
23.73, 1.627, 7.212
23.74, 1.626, 7.639
23.75, 1.625, 7.228
23.76, 1.624, 6.087
23.77, 1.623, 6.993
23.78, 1.622, 6.012
23.79, 1.621, 5.638
23.80, 1.620, 6.910
23.81, 1.619, 5.333
23.82, 1.618, 3.950
23.83, 1.617, 3.720
23.84, 1.616, 3.440
23.85, 1.615, 4.517
23.86, 1.614, 3.887
23.87, 1.613, 5.881
23.88, 1.612, 6.053
23.89, 1.611, 4.805
23.90, 1.610, 6.223
23.91, 1.609, 4.517
23.92, 1.608, 5.716
23.93, 1.607, 6.376
23.94, 1.606, 5.512
23.95, 1.605, 5.825
23.96, 1.604, 4.711
23.97, 1.603, 3.451
23.98, 1.602, 3.344
23.99, 1.601, 4.260
24.00, 1.600, 5.995
24.01, 1.599, 6.611
24.02, 1.598, 5.266
24.03, 1.597, 6.505
24.04, 1.596, 6.042
24.05, 1.595, 5.843
24.06, 1.594, 5.678
24.07, 1.593, 4.422
24.08, 1.592, 3.531
24.09, 1.591, 4.162
24.10, 1.590, 3.414
24.11, 1.589, 2.498
24.12, 1.588, 4.230
24.13, 1.587, 4.312
24.14, 1.586, 4.454
24.15, 1.585, 6.573
24.16, 1.584, 6.508
24.17, 1.583, 4.330
24.18, 1.582, 4.069
24.19, 1.581, 5.627
24.20, 1.580, 5.158
24.21, 1.579, 5.314
24.22, 1.578, 5.359
24.23, 1.577, 3.645
24.24, 1.576, 3.212
24.25, 1.575, 2.300
24.26, 1.574, 2.146
24.27, 1.573, 1.564
24.28, 1.572, 3.173
24.29, 1.571, 4.042
24.30, 1.570, 4.158
24.31, 1.569, 4.733
24.32, 1.568, 4.715
24.33, 1.567, 3.934
24.34, 1.566, 4.994
24.35, 1.565, 3.441
24.36, 1.564, 3.339
24.37, 1.563, 4.527
24.38, 1.562, 2.548
24.39, 1.561, 2.564
24.40, 1.560, 2.407
24.41, 1.559, 3.736
24.42, 1.558, 4.938
24.43, 1.557, 5.683
24.44, 1.556, 5.384
24.45, 1.555, 3.562
24.46, 1.554, 5.562
24.47, 1.553, 3.738
24.48, 1.552, 3.775
24.49, 1.551, 4.766
24.50, 1.550, 3.401
24.51, 1.549, 3.573
24.52, 1.548, 1.871
24.53, 1.547, 1.825
24.54, 1.546, 1.976
24.55, 1.545, 3.497
24.56, 1.544, 3.091
24.57, 1.543, 3.944
24.58, 1.542, 5.845
24.59, 1.541, 4.719
24.60, 1.540, 4.375
24.61, 1.539, 4.434
24.62, 1.538, 4.474
24.63, 1.537, 3.481
24.64, 1.536, 3.569
24.65, 1.535, 2.246
24.66, 1.534, 1.911
24.67, 1.533, 1.232
24.68, 1.532, 0.8744
24.69, 1.531, 1.457
24.70, 1.530, 3.078
24.71, 1.529, 3.532
24.72, 1.528, 3.185
24.73, 1.527, 2.374
24.74, 1.526, 3.750
24.75, 1.525, 4.336
24.76, 1.524, 1.591
24.77, 1.523, 2.174
24.78, 1.522, 1.468
24.79, 1.521, 2.063
24.80, 1.520, 1.637
24.81, 1.519, 3.687
24.82, 1.518, 4.565
24.83, 1.517, 3.176
24.84, 1.516, 4.413
24.85, 1.515, 3.287
24.86, 1.514, 3.664
24.87, 1.513, 4.460
24.88, 1.512, 2.734
24.89, 1.511, 2.281
24.90, 1.510, 1.365
24.91, 1.509, 1.298
24.92, 1.508, 0.1557
24.93, 1.507, 1.602
24.94, 1.506, 2.738
24.95, 1.505, 4.141
24.96, 1.504, 4.626
24.97, 1.503, 3.349
24.98, 1.502, 3.760
24.99, 1.501, 3.048
25.00, 1.500, 3.067
25.01, 1.499, 2.463
25.02, 1.498, 1.037
25.03, 1.497, 1.004
25.04, 1.496, 0.6731
25.05, 1.495, 2.353
25.06, 1.494, 3.957
25.07, 1.493, 3.676
25.08, 1.492, 3.107
25.09, 1.491, 3.289
25.10, 1.490, 1.284
25.11, 1.489, 2.759
25.12, 1.488, 3.558
25.13, 1.487, 1.264
25.14, 1.486, 0.9459
25.15, 1.485, 0.03202
25.16, 1.484, -0.2143
25.17, 1.483, 0.8039
25.18, 1.482, 0.8742
25.19, 1.481, 3.557
25.20, 1.480, 2.647
25.21, 1.479, 4.869
25.22, 1.478, 2.223
25.23, 1.477, 3.804
25.24, 1.476, 2.616
25.25, 1.475, 3.424
25.26, 1.474, 2.613
25.27, 1.473, 0.9101
25.28, 1.472, 2.946
25.29, 1.471, 1.457
25.30, 1.470, 1.299
25.31, 1.469, 0.3206
25.32, 1.468, 2.509
25.33, 1.467, 1.581
25.34, 1.466, 4.443
25.35, 1.465, 3.433
25.36, 1.464, 4.531
25.37, 1.463, 2.675
25.38, 1.462, 1.311
25.39, 1.461, 2.928
25.40, 1.460, 3.110
25.41, 1.459, 2.758
25.42, 1.458, 2.324
25.43, 1.457, 0.8737
25.44, 1.456, 0.5106
25.45, 1.455, -0.02615
25.46, 1.454, 0.3595
25.47, 1.453, 0.9092
25.48, 1.452, 1.985
25.49, 1.451, 3.055
25.50, 1.450, 2.767
25.51, 1.449, 1.958
25.52, 1.448, 2.692
25.53, 1.447, 0.9038
25.54, 1.446, 1.478
25.55, 1.445, 1.037
25.56, 1.444, 2.212
25.57, 1.443, 1.988
25.58, 1.442, 1.014
25.59, 1.441, 0.5314
25.60, 1.440, 0.9841
25.61, 1.439, 0.5935
25.62, 1.438, 0.8465
25.63, 1.437, 0.3002
25.64, 1.436, -0.06545
25.65, 1.435, 1.966
25.66, 1.434, 1.659
25.67, 1.433, 3.339
25.68, 1.432, 2.714
25.69, 1.431, 1.616
25.70, 1.430, 2.845
25.71, 1.429, 2.898
25.72, 1.428, 2.832
25.73, 1.427, 1.897
25.74, 1.426, 3.050
25.75, 1.425, 1.473
25.76, 1.424, 0.4824
25.77, 1.423, -0.3982
25.78, 1.422, -0.1162
25.79, 1.421, -1.300
25.80, 1.420, 0.1567
25.81, 1.419, 1.927
25.82, 1.418, 2.699
25.83, 1.417, 2.944
25.84, 1.416, 3.011
25.85, 1.415, 1.715
25.86, 1.414, 3.357
25.87, 1.413, 1.653
25.88, 1.412, 2.919
25.89, 1.411, 1.744
25.90, 1.410, 1.265
25.91, 1.409, 2.039
25.92, 1.408, 0.9619
25.93, 1.407, 1.079
25.94, 1.406, -2.022
25.95, 1.405, -0.9080
25.96, 1.404, -0.9360
25.97, 1.403, -1.316
25.98, 1.402, 0.5889
25.99, 1.401, 1.667
26.00, 1.400, 1.846
26.01, 1.399, 2.558
26.02, 1.398, 3.364
26.03, 1.397, 2.793
26.04, 1.396, 1.220
26.05, 1.395, 2.332
26.06, 1.394, 0.7917
26.07, 1.393, 1.981
26.08, 1.392, 2.519
26.09, 1.391, 1.580
26.10, 1.390, 0.7179
26.11, 1.389, -0.08780
26.12, 1.388, 0.3540
26.13, 1.387, -0.8461
26.14, 1.386, -0.5617
26.15, 1.385, 0.2842
26.16, 1.384, 2.133
26.17, 1.383, 2.993
26.18, 1.382, 2.223
26.19, 1.381, 4.392
26.20, 1.380, 0.08412
26.21, 1.379, 2.534
26.22, 1.378, 0.6813
26.23, 1.377, 2.101
26.24, 1.376, 1.926
26.25, 1.375, 1.240
26.26, 1.374, 1.622
26.27, 1.373, 1.062
26.28, 1.372, 0.8954
26.29, 1.371, 0.7819
26.30, 1.370, -0.2444
26.31, 1.369, -0.5569
26.32, 1.368, -0.02502
26.33, 1.367, -0.5429
26.34, 1.366, -0.2868
26.35, 1.365, 1.005
26.36, 1.364, 0.3676
26.37, 1.363, 1.020
26.38, 1.362, 0.2124
26.39, 1.361, -0.3066
26.40, 1.360, 1.287
26.41, 1.359, 0.5807
26.42, 1.358, 0.2234
26.43, 1.357, 0.2155
26.44, 1.356, -1.290
26.45, 1.355, -1.186
26.46, 1.354, -1.869
26.47, 1.353, -1.959
26.48, 1.352, -0.3535
26.49, 1.351, 1.280
26.50, 1.350, 2.298
26.51, 1.349, 1.831
26.52, 1.348, 2.283
26.53, 1.347, 0.6787
26.54, 1.346, 0.9988
26.55, 1.345, -0.01295
26.56, 1.344, -0.4358
26.57, 1.343, -0.6771
26.58, 1.342, -0.8066
26.59, 1.341, -2.092
26.60, 1.340, 1.194
26.61, 1.339, 1.924
26.62, 1.338, 2.610
26.63, 1.337, 0.4908
26.64, 1.336, 1.906
26.65, 1.335, 1.582
26.66, 1.334, -0.1366
26.67, 1.333, 0.8196
26.68, 1.332, -1.017
26.69, 1.331, -1.739
26.70, 1.330, -0.5827
26.71, 1.329, -1.184
26.72, 1.328, 1.403
26.73, 1.327, 1.316
26.74, 1.326, 0.8999
26.75, 1.325, 0.5538
26.76, 1.324, -0.1843
26.77, 1.323, 0.7460
26.78, 1.322, -0.7039
26.79, 1.321, -0.6520
26.80, 1.320, -3.212
26.81, 1.319, -3.466
26.82, 1.318, -3.763
26.83, 1.317, -2.116
26.84, 1.316, -0.7413
26.85, 1.315, 0.5273
26.86, 1.314, 0.7903
26.87, 1.313, 2.273
26.88, 1.312, 1.764
26.89, 1.311, 1.079
26.90, 1.310, 0.5215
26.91, 1.309, 0.1642
26.92, 1.308, 0.4863
26.93, 1.307, 0.6096
26.94, 1.306, -0.6585
26.95, 1.305, -0.8316
26.96, 1.304, -1.600
26.97, 1.303, -0.5239
26.98, 1.302, -1.736
26.99, 1.301, -1.406
27.00, 1.300, -1.655
27.01, 1.299, -0.1372
27.02, 1.298, 1.828
27.03, 1.297, 1.422
27.04, 1.296, 0.2263
27.05, 1.295, 0.7516
27.06, 1.294, 0.08095
27.07, 1.293, 0.8636
27.08, 1.292, 0.3621
27.09, 1.291, -0.08923
27.10, 1.290, -1.914
27.11, 1.289, -1.318
27.12, 1.288, -2.636
27.13, 1.287, -1.007
27.14, 1.286, -0.2748
27.15, 1.285, 0.5200
27.16, 1.284, 0.3819
27.17, 1.283, 2.103
27.18, 1.282, 0.6934
27.19, 1.281, 1.455
27.20, 1.280, -1.929
27.21, 1.279, -0.6768
27.22, 1.278, -0.4422
27.23, 1.277, -2.764
27.24, 1.276, -1.426
27.25, 1.275, -3.568
27.26, 1.274, -3.705
27.27, 1.273, -3.279
27.28, 1.272, -2.243
27.29, 1.271, -0.7221
27.30, 1.270, 0.4304
27.31, 1.269, 0.2167
27.32, 1.268, -0.2151
27.33, 1.267, -0.01861
27.34, 1.266, -0.1769
27.35, 1.265, -1.378
27.36, 1.264, -0.3701
27.37, 1.263, -0.1831
27.38, 1.262, -1.837
27.39, 1.261, -1.907
27.40, 1.260, -2.059
27.41, 1.259, -1.175
27.42, 1.258, -0.5371
27.43, 1.257, 0.9474
27.44, 1.256, -0.6246
27.45, 1.255, 1.438
27.46, 1.254, 0.2792
27.47, 1.253, 1.843
27.48, 1.252, 0.6259
27.49, 1.251, 0.5910
27.50, 1.250, -1.150
27.51, 1.249, 0.1323
27.52, 1.248, -2.017
27.53, 1.247, -2.157
27.54, 1.246, -0.7818
27.55, 1.245, 0.6302
27.56, 1.244, 0.4596
27.57, 1.243, 1.309
27.58, 1.242, -0.2030
27.59, 1.241, -1.031
27.60, 1.240, 1.121
27.61, 1.239, -0.2484
27.62, 1.238, -1.912
27.63, 1.237, -3.056
27.64, 1.236, -3.270
27.65, 1.235, -2.631
27.66, 1.234, -3.676
27.67, 1.233, 0.8225
27.68, 1.232, -0.1668
27.69, 1.231, 0.5013
27.70, 1.230, -1.746
27.71, 1.229, -0.8791
27.72, 1.228, -0.8975
27.73, 1.227, -0.7670
27.74, 1.226, -1.199
27.75, 1.225, -2.561
27.76, 1.224, -2.615
27.77, 1.223, -3.281
27.78, 1.222, -2.072
27.79, 1.221, 0.1070
27.80, 1.220, 0.3603
27.81, 1.219, -0.9082
27.82, 1.218, 1.375
27.83, 1.217, -1.144
27.84, 1.216, -0.1660
27.85, 1.215, 0.8951
27.86, 1.214, -0.4304
27.87, 1.213, -0.1031
27.88, 1.212, -1.066
27.89, 1.211, -1.715
27.90, 1.210, -2.156
27.91, 1.209, -2.083
27.92, 1.208, -3.098
27.93, 1.207, -1.038
27.94, 1.206, -0.9217
27.95, 1.205, 1.289
27.96, 1.204, 0.2152
27.97, 1.203, 0.8010
27.98, 1.202, 0.1227
27.99, 1.201, 0.5591
28.00, 1.200, 0.9677
28.01, 1.199, -1.080
28.02, 1.198, -0.5055
28.03, 1.197, -3.111
28.04, 1.196, -3.322
28.05, 1.195, -3.873
28.06, 1.194, -1.371
28.07, 1.193, -1.326
28.08, 1.192, 0.2048
28.09, 1.191, -0.03018
28.10, 1.190, -3.036
28.11, 1.189, -1.244
28.12, 1.188, -0.1462
28.13, 1.187, -0.7138
28.14, 1.186, -2.225
28.15, 1.185, -1.737
28.16, 1.184, -2.698
28.17, 1.183, -2.399
28.18, 1.182, -2.282
28.19, 1.181, -1.945
28.20, 1.180, -2.924
28.21, 1.179, -1.010
28.22, 1.178, -0.2055
28.23, 1.177, 0.7152
28.24, 1.176, -0.5131
28.25, 1.175, 1.266
28.26, 1.174, 0.7132
28.27, 1.173, -0.5553
28.28, 1.172, -0.4388
28.29, 1.171, -0.8707
28.30, 1.170, -1.795
28.31, 1.169, -2.106
28.32, 1.168, -2.297
28.33, 1.167, -2.646
28.34, 1.166, -1.746
28.35, 1.165, -1.230
28.36, 1.164, 0.1953
28.37, 1.163, 0.3990
28.38, 1.162, -0.4059
28.39, 1.161, -0.05805
28.40, 1.160, -0.9567
28.41, 1.159, -1.255
28.42, 1.158, -3.671
28.43, 1.157, -2.556
28.44, 1.156, -3.044
28.45, 1.155, -0.8640
28.46, 1.154, 0.1458
28.47, 1.153, 0.6652
28.48, 1.152, -1.555
28.49, 1.151, -1.205
28.50, 1.150, -3.311
28.51, 1.149, -0.5279
28.52, 1.148, -1.460
28.53, 1.147, -1.879
28.54, 1.146, -3.687
28.55, 1.145, -2.644
28.56, 1.144, -2.109
28.57, 1.143, -1.236
28.58, 1.142, 0.06122
28.59, 1.141, 0.5349
28.60, 1.140, -0.5335
28.61, 1.139, -0.3207
28.62, 1.138, -0.6045
28.63, 1.137, -1.014
28.64, 1.136, -1.190
28.65, 1.135, -2.292
28.66, 1.134, -2.601
28.67, 1.133, -2.593
28.68, 1.132, -2.288
28.69, 1.131, -2.767
28.70, 1.130, -0.7843
28.71, 1.129, 0.2439
28.72, 1.128, 0.3000
28.73, 1.127, -0.03304
28.74, 1.126, -0.8487
28.75, 1.125, -1.684
28.76, 1.124, 0.03055
28.77, 1.123, -0.5788
28.78, 1.122, -2.108
28.79, 1.121, -0.1735
28.80, 1.120, -3.088
28.81, 1.119, -1.753
28.82, 1.118, -4.533
28.83, 1.117, -3.018
28.84, 1.116, -1.457
28.85, 1.115, -0.8666
28.86, 1.114, -0.2435
28.87, 1.113, -0.7262
28.88, 1.112, -1.347
28.89, 1.111, -2.402
28.90, 1.110, -1.208
28.91, 1.109, -1.820
28.92, 1.108, -1.947
28.93, 1.107, -4.345
28.94, 1.106, -2.988
28.95, 1.105, -3.431
28.96, 1.104, -4.369
28.97, 1.103, -2.989
28.98, 1.102, 0.09734
28.99, 1.101, 0.7541
29.00, 1.100, -1.765
29.01, 1.099, -0.1566
29.02, 1.098, 0.4463
29.03, 1.097, -1.404
29.04, 1.096, -1.784
29.05, 1.095, -2.460
29.06, 1.094, -3.403
29.07, 1.093, -3.910
29.08, 1.092, -2.906
29.09, 1.091, -0.7567
29.10, 1.090, -1.267
29.11, 1.089, -0.06502
29.12, 1.088, -0.6688
29.13, 1.087, -1.198
29.14, 1.086, 0.1290
29.15, 1.085, -0.9758
29.16, 1.084, -0.9749
29.17, 1.083, -1.924
29.18, 1.082, -3.230
29.19, 1.081, -2.191
29.20, 1.080, -1.868
29.21, 1.079, -0.8951
29.22, 1.078, 0.4064
29.23, 1.077, -0.6680
29.24, 1.076, 0.1104
29.25, 1.075, -0.4439
29.26, 1.074, -0.5174
29.27, 1.073, -2.251
29.28, 1.072, -0.8847
29.29, 1.071, -2.944
29.30, 1.070, -4.133
29.31, 1.069, -3.927
29.32, 1.068, -4.226
29.33, 1.067, -2.559
29.34, 1.066, -2.639
29.35, 1.065, -3.261
29.36, 1.064, -0.6164
29.37, 1.063, -1.291
29.38, 1.062, -0.8868
29.39, 1.061, -1.374
29.40, 1.060, -1.225
29.41, 1.059, -2.337
29.42, 1.058, -2.530
29.43, 1.057, -3.516
29.44, 1.056, -3.424
29.45, 1.055, -3.507
29.46, 1.054, -2.550
29.47, 1.053, -2.189
29.48, 1.052, -2.416
29.49, 1.051, -0.7239
29.50, 1.050, 0.9318
29.51, 1.049, -1.249
29.52, 1.048, -0.8601
29.53, 1.047, -1.224
29.54, 1.046, -0.3466
29.55, 1.045, -0.4809
29.56, 1.044, -2.026
29.57, 1.043, -0.9669
29.58, 1.042, -2.932
29.59, 1.041, -3.016
29.60, 1.040, -2.571
29.61, 1.039, -0.8211
29.62, 1.038, -0.8853
29.63, 1.037, 0.3167
29.64, 1.036, -1.322
29.65, 1.035, -0.04407
29.66, 1.034, -0.9599
29.67, 1.033, -0.4596
29.68, 1.032, -1.416
29.69, 1.031, -0.8263
29.70, 1.030, -2.200
29.71, 1.029, -3.208
29.72, 1.028, -4.292
29.73, 1.027, -4.022
29.74, 1.026, -2.249
29.75, 1.025, -1.498
29.76, 1.024, -1.614
29.77, 1.023, -2.119
29.78, 1.022, -1.426
29.79, 1.021, -1.099
29.80, 1.020, -1.469
29.81, 1.019, -4.187
29.82, 1.018, -4.355
29.83, 1.017, -2.738
29.84, 1.016, -1.753
29.85, 1.015, 0.2890
29.86, 1.014, 0.4501
29.87, 1.013, -2.477
29.88, 1.012, -1.673
29.89, 1.011, -2.056
29.90, 1.010, -0.6899
29.91, 1.009, -1.703
29.92, 1.008, -2.097
29.93, 1.007, -2.755
29.94, 1.006, -2.735
29.95, 1.005, -1.991
29.96, 1.004, -0.5549
29.97, 1.003, -0.2552
29.98, 1.002, -0.3472
29.99, 1.001, 0.1833
30.00, 1.000, -0.2350
30.01, 0.9990, -0.9026
30.02, 0.9980, -1.630
30.03, 0.9970, -0.7085
30.04, 0.9960, -1.989
30.05, 0.9950, -3.280
30.06, 0.9940, -2.496
30.07, 0.9930, -2.698
30.08, 0.9920, -3.736
30.09, 0.9910, -1.698
30.10, 0.9900, -0.1229
30.11, 0.9890, 0.2532
30.12, 0.9880, -0.6505
30.13, 0.9870, -0.9950
30.14, 0.9860, -2.135
30.15, 0.9850, -1.482
30.16, 0.9840, -1.541
30.17, 0.9830, -3.562
30.18, 0.9820, -3.329
30.19, 0.9810, -4.109
30.20, 0.9800, -4.758
30.21, 0.9790, -3.629
30.22, 0.9780, -2.428
30.23, 0.9770, -1.691
30.24, 0.9760, -0.2321
30.25, 0.9750, -1.378
30.26, 0.9740, -1.341
30.27, 0.9730, -2.044
30.28, 0.9720, -1.453
30.29, 0.9710, -0.4154
30.30, 0.9700, -2.762
30.31, 0.9690, -2.626
30.32, 0.9680, -3.382
30.33, 0.9670, -2.422
30.34, 0.9660, -1.201
30.35, 0.9650, -0.06980
30.36, 0.9640, -0.002478
30.37, 0.9630, -1.355
30.38, 0.9620, -1.311
30.39, 0.9610, -1.366
30.40, 0.9600, -1.343
30.41, 0.9590, -0.4677
30.42, 0.9580, -0.2073
30.43, 0.9570, -2.892
30.44, 0.9560, -3.462
30.45, 0.9550, -3.308
30.46, 0.9540, -3.193
30.47, 0.9530, -2.199
30.48, 0.9520, 0.2282
30.49, 0.9510, -0.6355
30.50, 0.9500, -0.2998
30.51, 0.9490, -1.484
30.52, 0.9480, 0.06627
30.53, 0.9470, -1.470
30.54, 0.9460, -0.7185
30.55, 0.9450, -2.308
30.56, 0.9440, -3.167
30.57, 0.9430, -3.877
30.58, 0.9420, -4.286
30.59, 0.9410, -3.631
30.60, 0.9400, -3.165
30.61, 0.9390, -1.835
30.62, 0.9380, -0.1345
30.63, 0.9370, -2.818
30.64, 0.9360, -2.093
30.65, 0.9350, -1.005
30.66, 0.9340, -1.132
30.67, 0.9330, -3.210
30.68, 0.9320, -3.392
30.69, 0.9310, -3.564
30.70, 0.9300, -1.996
30.71, 0.9290, -0.6618
30.72, 0.9280, -0.8464
30.73, 0.9270, -0.2812
30.74, 0.9260, -1.277
30.75, 0.9250, -0.9376
30.76, 0.9240, -2.098
30.77, 0.9230, -1.774
30.78, 0.9220, -2.933
30.79, 0.9210, -3.908
30.80, 0.9200, -3.780
30.81, 0.9190, -1.487
30.82, 0.9180, 0.5637
30.83, 0.9170, -1.365
30.84, 0.9160, -1.145
30.85, 0.9150, -1.964
30.86, 0.9140, -0.7429
30.87, 0.9130, -1.391
30.88, 0.9120, -2.278
30.89, 0.9110, -2.982
30.90, 0.9100, -4.215
30.91, 0.9090, -2.917
30.92, 0.9080, -1.935
30.93, 0.9070, -1.941
30.94, 0.9060, 0.3630
30.95, 0.9050, -1.061
30.96, 0.9040, -1.612
30.97, 0.9030, -2.305
30.98, 0.9020, -1.450
30.99, 0.9010, -2.639
31.00, 0.9000, -2.526
31.01, 0.8990, -5.164
31.02, 0.8980, -4.423
31.03, 0.8970, -5.304
31.04, 0.8960, -3.690
31.05, 0.8950, -2.279
31.06, 0.8940, -0.9817
31.07, 0.8930, -2.012
31.08, 0.8920, -1.778
31.09, 0.8910, -1.615
31.10, 0.8900, -1.571
31.11, 0.8890, -2.450
31.12, 0.8880, -2.359
31.13, 0.8870, -2.906
31.14, 0.8860, -3.196
31.15, 0.8850, -4.017
31.16, 0.8840, -3.469
31.17, 0.8830, -2.409
31.18, 0.8820, -0.9274
31.19, 0.8810, 0.3137
31.20, 0.8800, -0.7750
31.21, 0.8790, -1.306
31.22, 0.8780, -2.334
31.23, 0.8770, -1.972
31.24, 0.8760, -2.231
31.25, 0.8750, -3.279
31.26, 0.8740, -2.906
31.27, 0.8730, -3.249
31.28, 0.8720, -3.494
31.29, 0.8710, -1.382
31.30, 0.8700, -1.461
31.31, 0.8690, -1.097
31.32, 0.8680, -0.1096
31.33, 0.8670, -1.176
31.34, 0.8660, -1.318
31.35, 0.8650, -1.715
31.36, 0.8640, -1.913
31.37, 0.8630, -1.824
31.38, 0.8620, -2.302
31.39, 0.8610, -3.703
31.40, 0.8600, -3.501
31.41, 0.8590, -3.068
31.42, 0.8580, -3.720
31.43, 0.8570, -2.807
31.44, 0.8560, -1.639
31.45, 0.8550, -2.802
31.46, 0.8540, -1.854
31.47, 0.8530, -3.149
31.48, 0.8520, -2.541
31.49, 0.8510, -1.834
31.50, 0.8500, -1.832
31.51, 0.8490, -1.713
31.52, 0.8480, -3.348
31.53, 0.8470, -2.503
31.54, 0.8460, -3.819
31.55, 0.8450, -2.881
31.56, 0.8440, -2.973
31.57, 0.8430, -2.420
31.58, 0.8420, -3.173
31.59, 0.8410, -0.8650
31.60, 0.8400, -2.165
31.61, 0.8390, 0.2374
31.62, 0.8380, -1.912
31.63, 0.8370, -1.957
31.64, 0.8360, -1.416
31.65, 0.8350, -1.173
31.66, 0.8340, -2.746
31.67, 0.8330, -1.222
31.68, 0.8320, -2.788
31.69, 0.8310, -3.358
31.70, 0.8300, -2.987
31.71, 0.8290, -2.802
31.72, 0.8280, -1.617
31.73, 0.8270, -2.980
31.74, 0.8260, -1.517
31.75, 0.8250, -1.101
31.76, 0.8240, -1.670
31.77, 0.8230, -0.8155
31.78, 0.8220, -1.203
31.79, 0.8210, -1.449
31.80, 0.8200, -3.600
31.81, 0.8190, -3.235
31.82, 0.8180, -4.579
31.83, 0.8170, -4.211
31.84, 0.8160, -4.910
31.85, 0.8150, -3.218
31.86, 0.8140, -3.032
31.87, 0.8130, -0.7014
31.88, 0.8120, -2.926
31.89, 0.8110, -3.273
31.90, 0.8100, -3.118
31.91, 0.8090, -2.945
31.92, 0.8080, -1.827
31.93, 0.8070, -2.760
31.94, 0.8060, -3.013
31.95, 0.8050, -3.946
31.96, 0.8040, -4.397
31.97, 0.8030, -3.471
31.98, 0.8020, -3.569
31.99, 0.8010, -3.200
32.00, 0.8000, -1.495
32.01, 0.7990, -2.168
32.02, 0.7980, -0.8966
32.03, 0.7970, -2.537
32.04, 0.7960, -2.094
32.05, 0.7950, -2.484
32.06, 0.7940, -1.476
32.07, 0.7930, -2.584
32.08, 0.7920, -3.209
32.09, 0.7910, -2.941
32.10, 0.7900, -3.974
32.11, 0.7890, -3.344
32.12, 0.7880, -3.509
32.13, 0.7870, -3.130
32.14, 0.7860, -4.345
32.15, 0.7850, -2.961
32.16, 0.7840, -2.586
32.17, 0.7830, -1.075
32.18, 0.7820, -1.365
32.19, 0.7810, -0.4692
32.20, 0.7800, -1.265
32.21, 0.7790, -1.071
32.22, 0.7780, -0.9692
32.23, 0.7770, -2.392
32.24, 0.7760, -2.018
32.25, 0.7750, -3.822
32.26, 0.7740, -3.831
32.27, 0.7730, -3.606
32.28, 0.7720, -4.364
32.29, 0.7710, -4.536
32.30, 0.7700, -5.237
32.31, 0.7690, -5.191
32.32, 0.7680, -3.671
32.33, 0.7670, -4.138
32.34, 0.7660, -2.608
32.35, 0.7650, -1.749
32.36, 0.7640, -1.066
32.37, 0.7630, -2.347
32.38, 0.7620, -1.555
32.39, 0.7610, -1.968
32.40, 0.7600, -2.315
32.41, 0.7590, -1.443
32.42, 0.7580, -3.413
32.43, 0.7570, -2.371
32.44, 0.7560, -3.562
32.45, 0.7550, -4.353
32.46, 0.7540, -4.439
32.47, 0.7530, -3.559
32.48, 0.7520, -3.193
32.49, 0.7510, -2.504
32.50, 0.7500, -2.148
32.51, 0.7490, -0.7648
32.52, 0.7480, -1.712
32.53, 0.7470, -2.509
32.54, 0.7460, -1.042
32.55, 0.7450, -2.218
32.56, 0.7440, -1.442
32.57, 0.7430, -3.110
32.58, 0.7420, -3.946
32.59, 0.7410, -3.710
32.60, 0.7400, -4.003
32.61, 0.7390, -3.460
32.62, 0.7380, -3.431
32.63, 0.7370, -2.979
32.64, 0.7360, -1.177
32.65, 0.7350, -1.688
32.66, 0.7340, -1.409
32.67, 0.7330, -2.541
32.68, 0.7320, -3.250
32.69, 0.7310, -3.272
32.70, 0.7300, -3.976
32.71, 0.7290, -2.000
32.72, 0.7280, -2.785
32.73, 0.7270, -4.133
32.74, 0.7260, -3.012
32.75, 0.7250, -4.636
32.76, 0.7240, -5.242
32.77, 0.7230, -4.878
32.78, 0.7220, -4.257
32.79, 0.7210, -3.236
32.80, 0.7200, -3.250
32.81, 0.7190, -0.5854
32.82, 0.7180, -1.334
32.83, 0.7170, -1.778
32.84, 0.7160, -1.913
32.85, 0.7150, -2.912
32.86, 0.7140, -2.009
32.87, 0.7130, -2.005
32.88, 0.7120, -2.176
32.89, 0.7110, -3.584
32.90, 0.7100, -3.787
32.91, 0.7090, -4.263
32.92, 0.7080, -4.653
32.93, 0.7070, -4.573
32.94, 0.7060, -4.354
32.95, 0.7050, -2.871
32.96, 0.7040, -2.632
32.97, 0.7030, -1.145
32.98, 0.7020, -1.912
32.99, 0.7010, -1.686
33.00, 0.7000, -1.548
33.01, 0.6990, -3.179
33.02, 0.6980, -1.733
33.03, 0.6970, -1.691
33.04, 0.6960, -3.215
33.05, 0.6950, -3.575
33.06, 0.6940, -3.329
33.07, 0.6930, -3.457
33.08, 0.6920, -4.243
33.09, 0.6910, -3.363
33.10, 0.6900, -5.097
33.11, 0.6890, -5.013
33.12, 0.6880, -4.868
33.13, 0.6870, -4.601
33.14, 0.6860, -4.263
33.15, 0.6850, -2.982
33.16, 0.6840, -2.218
33.17, 0.6830, -1.884
33.18, 0.6820, -3.389
33.19, 0.6810, -3.649
33.20, 0.6800, -3.202
33.21, 0.6790, -3.044
33.22, 0.6780, -2.448
33.23, 0.6770, -4.103
33.24, 0.6760, -3.642
33.25, 0.6750, -3.839
33.26, 0.6740, -3.753
33.27, 0.6730, -3.889
33.28, 0.6720, -4.095
33.29, 0.6710, -4.193
33.30, 0.6700, -3.799
33.31, 0.6690, -2.892
33.32, 0.6680, -2.635
33.33, 0.6670, -2.571
33.34, 0.6660, -1.593
33.35, 0.6650, -2.159
33.36, 0.6640, -2.744
33.37, 0.6630, -2.640
33.38, 0.6620, -2.753
33.39, 0.6610, -1.964
33.40, 0.6600, -1.854
33.41, 0.6590, -3.022
33.42, 0.6580, -2.801
33.43, 0.6570, -4.067
33.44, 0.6560, -4.189
33.45, 0.6550, -3.729
33.46, 0.6540, -3.401
33.47, 0.6530, -3.642
33.48, 0.6520, -4.623
33.49, 0.6510, -3.435
33.50, 0.6500, -3.164
33.51, 0.6490, -4.628
33.52, 0.6480, -2.930
33.53, 0.6470, -3.558
33.54, 0.6460, -5.013
33.55, 0.6450, -3.825
33.56, 0.6440, -3.906
33.57, 0.6430, -4.024
33.58, 0.6420, -3.656
33.59, 0.6410, -3.306
33.60, 0.6400, -3.197
33.61, 0.6390, -4.163
33.62, 0.6380, -3.838
33.63, 0.6370, -4.030
33.64, 0.6360, -5.317
33.65, 0.6350, -4.219
33.66, 0.6340, -5.402
33.67, 0.6330, -5.241
33.68, 0.6320, -4.564
33.69, 0.6310, -4.413
33.70, 0.6300, -4.419
33.71, 0.6290, -2.384
33.72, 0.6280, -2.726
33.73, 0.6270, -2.119
33.74, 0.6260, -1.996
33.75, 0.6250, -1.273
33.76, 0.6240, -3.561
33.77, 0.6230, -2.781
33.78, 0.6220, -2.795
33.79, 0.6210, -3.492
33.80, 0.6200, -3.672
33.81, 0.6190, -4.004
33.82, 0.6180, -3.952
33.83, 0.6170, -4.736
33.84, 0.6160, -5.228
33.85, 0.6150, -3.614
33.86, 0.6140, -3.127
33.87, 0.6130, -2.188
33.88, 0.6120, -2.266
33.89, 0.6110, -2.991
33.90, 0.6100, -1.729
33.91, 0.6090, -2.725
33.92, 0.6080, -3.135
33.93, 0.6070, -3.385
33.94, 0.6060, -3.859
33.95, 0.6050, -3.496
33.96, 0.6040, -5.794
33.97, 0.6030, -6.400
33.98, 0.6020, -6.107
33.99, 0.6010, -6.843
34.00, 0.6000, -6.267
34.01, 0.5990, -4.094
34.02, 0.5980, -3.717
34.03, 0.5970, -2.957
34.04, 0.5960, -3.050
34.05, 0.5950, -2.553
34.06, 0.5940, -3.141
34.07, 0.5930, -3.635
34.08, 0.5920, -3.256
34.09, 0.5910, -4.163
34.10, 0.5900, -2.693
34.11, 0.5890, -4.573
34.12, 0.5880, -5.349
34.13, 0.5870, -4.875
34.14, 0.5860, -4.639
34.15, 0.5850, -3.642
34.16, 0.5840, -2.402
34.17, 0.5830, -2.484
34.18, 0.5820, -3.369
34.19, 0.5810, -3.190
34.20, 0.5800, -3.325
34.21, 0.5790, -2.863
34.22, 0.5780, -3.471
34.23, 0.5770, -4.700
34.24, 0.5760, -4.956
34.25, 0.5750, -5.210
34.26, 0.5740, -4.630
34.27, 0.5730, -4.621
34.28, 0.5720, -2.679
34.29, 0.5710, -2.319
34.30, 0.5700, -1.815
34.31, 0.5690, -3.792
34.32, 0.5680, -3.970
34.33, 0.5670, -2.957
34.34, 0.5660, -2.609
34.35, 0.5650, -3.697
34.36, 0.5640, -4.608
34.37, 0.5630, -4.195
34.38, 0.5620, -5.217
34.39, 0.5610, -5.807
34.40, 0.5600, -6.309
34.41, 0.5590, -6.205
34.42, 0.5580, -6.501
34.43, 0.5570, -5.519
34.44, 0.5560, -4.393
34.45, 0.5550, -2.915
34.46, 0.5540, -4.275
34.47, 0.5530, -2.626
34.48, 0.5520, -4.528
34.49, 0.5510, -3.793
34.50, 0.5500, -3.325
34.51, 0.5490, -4.092
34.52, 0.5480, -2.569
34.53, 0.5470, -4.228
34.54, 0.5460, -3.991
34.55, 0.5450, -4.841
34.56, 0.5440, -5.276
34.57, 0.5430, -4.696
34.58, 0.5420, -3.980
34.59, 0.5410, -3.359
34.60, 0.5400, -2.676
34.61, 0.5390, -3.334
34.62, 0.5380, -2.907
34.63, 0.5370, -2.983
34.64, 0.5360, -3.305
34.65, 0.5350, -3.592
34.66, 0.5340, -3.339
34.67, 0.5330, -3.161
34.68, 0.5320, -4.875
34.69, 0.5310, -4.938
34.70, 0.5300, -5.503
34.71, 0.5290, -5.762
34.72, 0.5280, -4.956
34.73, 0.5270, -3.034
34.74, 0.5260, -3.290
34.75, 0.5250, -1.855
34.76, 0.5240, -4.188
34.77, 0.5230, -3.575
34.78, 0.5220, -5.751
34.79, 0.5210, -5.112
34.80, 0.5200, -5.162
34.81, 0.5190, -6.056
34.82, 0.5180, -6.540
34.83, 0.5170, -7.204
34.84, 0.5160, -6.265
34.85, 0.5150, -5.393
34.86, 0.5140, -4.345
34.87, 0.5130, -4.156
34.88, 0.5120, -3.167
34.89, 0.5110, -4.405
34.90, 0.5100, -3.518
34.91, 0.5090, -3.726
34.92, 0.5080, -3.320
34.93, 0.5070, -3.087
34.94, 0.5060, -4.876
34.95, 0.5050, -6.048
34.96, 0.5040, -5.938
34.97, 0.5030, -5.452
34.98, 0.5020, -4.169
34.99, 0.5010, -3.236
35.00, 0.5000, -3.079
35.01, 0.4990, -2.221
35.02, 0.4980, -3.514
35.03, 0.4970, -3.322
35.04, 0.4960, -3.648
35.05, 0.4950, -2.320
35.06, 0.4940, -3.087
35.07, 0.4930, -4.842
35.08, 0.4920, -4.568
35.09, 0.4910, -6.052
35.10, 0.4900, -5.831
35.11, 0.4890, -6.196
35.12, 0.4880, -3.951
35.13, 0.4870, -3.848
35.14, 0.4860, -3.943
35.15, 0.4850, -3.256
35.16, 0.4840, -2.774
35.17, 0.4830, -4.603
35.18, 0.4820, -4.156
35.19, 0.4810, -4.217
35.20, 0.4800, -5.095
35.21, 0.4790, -5.400
35.22, 0.4780, -7.200
35.23, 0.4770, -7.008
35.24, 0.4760, -6.684
35.25, 0.4750, -5.763
35.26, 0.4740, -4.375
35.27, 0.4730, -3.890
35.28, 0.4720, -4.045
35.29, 0.4710, -3.957
35.30, 0.4700, -4.833
35.31, 0.4690, -3.139
35.32, 0.4680, -4.544
35.33, 0.4670, -5.220
35.34, 0.4660, -5.241
35.35, 0.4650, -6.033
35.36, 0.4640, -6.484
35.37, 0.4630, -5.855
35.38, 0.4620, -6.120
35.39, 0.4610, -3.745
35.40, 0.4600, -3.033
35.41, 0.4590, -3.221
35.42, 0.4580, -4.360
35.43, 0.4570, -3.515
35.44, 0.4560, -4.044
35.45, 0.4550, -3.388
35.46, 0.4540, -4.346
35.47, 0.4530, -4.290
35.48, 0.4520, -4.708
35.49, 0.4510, -6.035
35.50, 0.4500, -6.028
35.51, 0.4490, -5.752
35.52, 0.4480, -6.327
35.53, 0.4470, -5.121
35.54, 0.4460, -5.024
35.55, 0.4450, -4.783
35.56, 0.4440, -3.702
35.57, 0.4430, -3.475
35.58, 0.4420, -3.359
35.59, 0.4410, -4.082
35.60, 0.4400, -3.004
35.61, 0.4390, -5.900
35.62, 0.4380, -4.312
35.63, 0.4370, -5.082
35.64, 0.4360, -5.821
35.65, 0.4350, -5.064
35.66, 0.4340, -5.423
35.67, 0.4330, -7.063
35.68, 0.4320, -6.547
35.69, 0.4310, -7.035
35.70, 0.4300, -7.335
35.71, 0.4290, -6.225
35.72, 0.4280, -5.759
35.73, 0.4270, -5.035
35.74, 0.4260, -4.375
35.75, 0.4250, -4.659
35.76, 0.4240, -2.519
35.77, 0.4230, -5.142
35.78, 0.4220, -3.930
35.79, 0.4210, -4.490
35.80, 0.4200, -4.597
35.81, 0.4190, -5.450
35.82, 0.4180, -3.994
35.83, 0.4170, -5.130
35.84, 0.4160, -5.336
35.85, 0.4150, -5.521
35.86, 0.4140, -5.563
35.87, 0.4130, -6.757
35.88, 0.4120, -6.530
35.89, 0.4110, -5.816
35.90, 0.4100, -5.714
35.91, 0.4090, -4.459
35.92, 0.4080, -4.471
35.93, 0.4070, -2.838
35.94, 0.4060, -3.015
35.95, 0.4050, -4.260
35.96, 0.4040, -5.054
35.97, 0.4030, -4.634
35.98, 0.4020, -4.265
35.99, 0.4010, -5.032
36.00, 0.4000, -4.493
36.01, 0.3990, -4.736
36.02, 0.3980, -5.395
36.03, 0.3970, -5.563
36.04, 0.3960, -6.618
36.05, 0.3950, -5.795
36.06, 0.3940, -7.228
36.07, 0.3930, -6.335
36.08, 0.3920, -6.865
36.09, 0.3910, -6.776
36.10, 0.3900, -6.270
36.11, 0.3890, -7.708
36.12, 0.3880, -6.875
36.13, 0.3870, -6.992
36.14, 0.3860, -6.370
36.15, 0.3850, -6.629
36.16, 0.3840, -5.357
36.17, 0.3830, -6.626
36.18, 0.3820, -5.493
36.19, 0.3810, -5.026
36.20, 0.3800, -4.509
36.21, 0.3790, -4.411
36.22, 0.3780, -4.378
36.23, 0.3770, -4.488
36.24, 0.3760, -4.312
36.25, 0.3750, -3.990
36.26, 0.3740, -4.583
36.27, 0.3730, -3.670
36.28, 0.3720, -4.551
36.29, 0.3710, -5.149
36.30, 0.3700, -4.674
36.31, 0.3690, -5.026
36.32, 0.3680, -4.924
36.33, 0.3670, -5.006
36.34, 0.3660, -5.871
36.35, 0.3650, -4.578
36.36, 0.3640, -4.477
36.37, 0.3630, -4.397
36.38, 0.3620, -5.760
36.39, 0.3610, -5.498
36.40, 0.3600, -5.514
36.41, 0.3590, -5.500
36.42, 0.3580, -5.314
36.43, 0.3570, -5.685
36.44, 0.3560, -5.896
36.45, 0.3550, -7.491
36.46, 0.3540, -8.161
36.47, 0.3530, -7.807
36.48, 0.3520, -7.351
36.49, 0.3510, -8.471
36.50, 0.3500, -8.435
36.51, 0.3490, -8.131
36.52, 0.3480, -7.962
36.53, 0.3470, -6.784
36.54, 0.3460, -7.539
36.55, 0.3450, -6.465
36.56, 0.3440, -6.974
36.57, 0.3430, -7.321
36.58, 0.3420, -6.620
36.59, 0.3410, -6.646
36.60, 0.3400, -6.275
36.61, 0.3390, -6.178
36.62, 0.3380, -4.900
36.63, 0.3370, -5.467
36.64, 0.3360, -4.087
36.65, 0.3350, -4.979
36.66, 0.3340, -3.878
36.67, 0.3330, -5.218
36.68, 0.3320, -3.798
36.69, 0.3310, -5.648
36.70, 0.3300, -4.971
36.71, 0.3290, -5.059
36.72, 0.3280, -4.599
36.73, 0.3270, -5.061
36.74, 0.3260, -5.569
36.75, 0.3250, -5.412
36.76, 0.3240, -5.494
36.77, 0.3230, -5.021
36.78, 0.3220, -4.953
36.79, 0.3210, -4.981
36.80, 0.3200, -5.143
36.81, 0.3190, -5.530
36.82, 0.3180, -5.592
36.83, 0.3170, -6.005
36.84, 0.3160, -5.767
36.85, 0.3150, -5.890
36.86, 0.3140, -6.618
36.87, 0.3130, -7.005
36.88, 0.3120, -8.195
36.89, 0.3110, -7.804
36.90, 0.3100, -7.992
36.91, 0.3090, -8.607
36.92, 0.3080, -7.644
36.93, 0.3070, -8.055
36.94, 0.3060, -8.531
36.95, 0.3050, -5.952
36.96, 0.3040, -6.368
36.97, 0.3030, -5.092
36.98, 0.3020, -5.891
36.99, 0.3010, -4.408
37.00, 0.3000, -5.242
37.01, 0.2990, -5.428
37.02, 0.2980, -5.063
37.03, 0.2970, -5.040
37.04, 0.2960, -4.925
37.05, 0.2950, -5.345
37.06, 0.2940, -5.989
37.07, 0.2930, -4.794
37.08, 0.2920, -6.510
37.09, 0.2910, -4.830
37.10, 0.2900, -6.098
37.11, 0.2890, -5.745
37.12, 0.2880, -6.143
37.13, 0.2870, -6.508
37.14, 0.2860, -6.636
37.15, 0.2850, -6.197
37.16, 0.2840, -6.683
37.17, 0.2830, -7.507
37.18, 0.2820, -6.941
37.19, 0.2810, -7.151
37.20, 0.2800, -7.352
37.21, 0.2790, -6.598
37.22, 0.2780, -7.241
37.23, 0.2770, -7.298
37.24, 0.2760, -5.135
37.25, 0.2750, -5.593
37.26, 0.2740, -5.258
37.27, 0.2730, -5.232
37.28, 0.2720, -4.960
37.29, 0.2710, -5.422
37.30, 0.2700, -6.549
37.31, 0.2690, -6.639
37.32, 0.2680, -7.511
37.33, 0.2670, -6.563
37.34, 0.2660, -7.418
37.35, 0.2650, -7.816
37.36, 0.2640, -7.767
37.37, 0.2630, -8.678
37.38, 0.2620, -8.249
37.39, 0.2610, -7.712
37.40, 0.2600, -8.392
37.41, 0.2590, -8.583
37.42, 0.2580, -7.343
37.43, 0.2570, -7.115
37.44, 0.2560, -6.914
37.45, 0.2550, -6.070
37.46, 0.2540, -4.624
37.47, 0.2530, -5.845
37.48, 0.2520, -4.988
37.49, 0.2510, -4.667
37.50, 0.2500, -5.153
37.51, 0.2490, -6.100
37.52, 0.2480, -5.687
37.53, 0.2470, -5.693
37.54, 0.2460, -5.442
37.55, 0.2450, -6.028
37.56, 0.2440, -5.600
37.57, 0.2430, -6.480
37.58, 0.2420, -6.475
37.59, 0.2410, -6.034
37.60, 0.2400, -7.842
37.61, 0.2390, -6.506
37.62, 0.2380, -7.540
37.63, 0.2370, -7.435
37.64, 0.2360, -7.807
37.65, 0.2350, -7.283
37.66, 0.2340, -6.858
37.67, 0.2330, -5.941
37.68, 0.2320, -5.766
37.69, 0.2310, -4.673
37.70, 0.2300, -5.478
37.71, 0.2290, -4.802
37.72, 0.2280, -6.600
37.73, 0.2270, -6.345
37.74, 0.2260, -7.168
37.75, 0.2250, -7.729
37.76, 0.2240, -7.517
37.77, 0.2230, -7.823
37.78, 0.2220, -7.957
37.79, 0.2210, -8.116
37.80, 0.2200, -7.736
37.81, 0.2190, -7.011
37.82, 0.2180, -6.159
37.83, 0.2170, -7.039
37.84, 0.2160, -7.133
37.85, 0.2150, -6.722
37.86, 0.2140, -6.110
37.87, 0.2130, -7.265
37.88, 0.2120, -6.939
37.89, 0.2110, -7.389
37.90, 0.2100, -7.003
37.91, 0.2090, -6.567
37.92, 0.2080, -8.580
37.93, 0.2070, -7.619
37.94, 0.2060, -7.926
37.95, 0.2050, -7.892
37.96, 0.2040, -7.669
37.97, 0.2030, -7.833
37.98, 0.2020, -7.810
37.99, 0.2010, -7.948
38.00, 0.2000, -7.788
38.01, 0.1990, -7.855
38.02, 0.1980, -7.760
38.03, 0.1970, -8.167
38.04, 0.1960, -8.055
38.05, 0.1950, -7.592
38.06, 0.1940, -7.997
38.07, 0.1930, -6.123
38.08, 0.1920, -6.019
38.09, 0.1910, -6.836
38.10, 0.1900, -6.192
38.11, 0.1890, -7.079
38.12, 0.1880, -5.307
38.13, 0.1870, -6.888
38.14, 0.1860, -6.858
38.15, 0.1850, -8.539
38.16, 0.1840, -8.651
38.17, 0.1830, -8.236
38.18, 0.1820, -8.059
38.19, 0.1810, -8.662
38.20, 0.1800, -7.645
38.21, 0.1790, -8.335
38.22, 0.1780, -7.691
38.23, 0.1770, -8.159
38.24, 0.1760, -7.935
38.25, 0.1750, -7.223
38.26, 0.1740, -7.556
38.27, 0.1730, -7.503
38.28, 0.1720, -6.880
38.29, 0.1710, -7.857
38.30, 0.1700, -8.111
38.31, 0.1690, -8.173
38.32, 0.1680, -8.433
38.33, 0.1670, -7.444
38.34, 0.1660, -8.635
38.35, 0.1650, -9.513
38.36, 0.1640, -7.468
38.37, 0.1630, -9.525
38.38, 0.1620, -8.859
38.39, 0.1610, -9.331
38.40, 0.1600, -8.742
38.41, 0.1590, -9.110
38.42, 0.1580, -9.273
38.43, 0.1570, -9.248
38.44, 0.1560, -8.494
38.45, 0.1550, -9.027
38.46, 0.1540, -7.976
38.47, 0.1530, -7.714
38.48, 0.1520, -7.988
38.49, 0.1510, -6.866
38.50, 0.1500, -7.080
38.51, 0.1490, -5.929
38.52, 0.1480, -6.849
38.53, 0.1470, -7.172
38.54, 0.1460, -7.201
38.55, 0.1450, -7.119
38.56, 0.1440, -7.465
38.57, 0.1430, -7.597
38.58, 0.1420, -9.400
38.59, 0.1410, -8.836
38.60, 0.1400, -9.619
38.61, 0.1390, -8.790
38.62, 0.1380, -9.540
38.63, 0.1370, -8.356
38.64, 0.1360, -8.744
38.65, 0.1350, -9.102
38.66, 0.1340, -7.188
38.67, 0.1330, -8.437
38.68, 0.1320, -8.585
38.69, 0.1310, -8.482
38.70, 0.1300, -9.387
38.71, 0.1290, -8.976
38.72, 0.1280, -8.646
38.73, 0.1270, -9.486
38.74, 0.1260, -9.986
38.75, 0.1250, -9.801
38.76, 0.1240, -9.411
38.77, 0.1230, -9.080
38.78, 0.1220, -9.605
38.79, 0.1210, -9.140
38.80, 0.1200, -9.648
38.81, 0.1190, -9.646
38.82, 0.1180, -9.650
38.83, 0.1170, -9.150
38.84, 0.1160, -9.633
38.85, 0.1150, -9.354
38.86, 0.1140, -9.562
38.87, 0.1130, -9.541
38.88, 0.1120, -9.568
38.89, 0.1110, -9.884
38.90, 0.1100, -9.276
38.91, 0.1090, -8.793
38.92, 0.1080, -8.605
38.93, 0.1070, -7.917
38.94, 0.1060, -7.013
38.95, 0.1050, -7.550
38.96, 0.1040, -7.199
38.97, 0.1030, -8.230
38.98, 0.1020, -7.948
38.99, 0.1010, -8.218
39.00, 0.1000, -10.02
39.01, 0.09900, -10.05
39.02, 0.09800, -8.854
39.03, 0.09700, -9.848
39.04, 0.09600, -9.894
39.05, 0.09500, -10.63
39.06, 0.09400, -9.132
39.07, 0.09300, -8.927
39.08, 0.09200, -9.131
39.09, 0.09100, -8.590
39.10, 0.09000, -8.217
39.11, 0.08900, -9.410
39.12, 0.08800, -8.542
39.13, 0.08700, -9.780
39.14, 0.08600, -10.38
39.15, 0.08500, -10.81
39.16, 0.08400, -10.17
39.17, 0.08300, -10.60
39.18, 0.08200, -9.839
39.19, 0.08100, -10.22
39.20, 0.08000, -10.01
39.21, 0.07900, -10.55
39.22, 0.07800, -9.349
39.23, 0.07700, -8.899
39.24, 0.07600, -7.911
39.25, 0.07500, -8.666
39.26, 0.07400, -8.669
39.27, 0.07300, -8.458
39.28, 0.07200, -8.787
39.29, 0.07100, -8.976
39.30, 0.07000, -9.638
39.31, 0.06900, -8.810
39.32, 0.06800, -9.854
39.33, 0.06700, -9.231
39.34, 0.06600, -9.341
39.35, 0.06500, -9.792
39.36, 0.06400, -8.908
39.37, 0.06300, -9.707
39.38, 0.06200, -9.517
39.39, 0.06100, -10.60
39.40, 0.06000, -10.28
39.41, 0.05900, -11.64
39.42, 0.05800, -12.02
39.43, 0.05700, -11.43
39.44, 0.05600, -10.18
39.45, 0.05500, -10.20
39.46, 0.05400, -9.647
39.47, 0.05300, -10.59
39.48, 0.05200, -10.65
39.49, 0.05100, -10.97
39.50, 0.05000, -10.61
39.51, 0.04900, -10.11
39.52, 0.04800, -9.741
39.53, 0.04700, -9.861
39.54, 0.04600, -10.39
39.55, 0.04500, -10.74
39.56, 0.04400, -10.17
39.57, 0.04300, -11.50
39.58, 0.04200, -11.79
39.59, 0.04100, -11.13
39.60, 0.04000, -11.67
39.61, 0.03900, -10.66
39.62, 0.03800, -10.33
39.63, 0.03700, -9.581
39.64, 0.03600, -9.579
39.65, 0.03500, -9.492
39.66, 0.03400, -9.303
39.67, 0.03300, -10.84
39.68, 0.03200, -10.32
39.69, 0.03100, -10.52
39.70, 0.03000, -10.90
39.71, 0.02900, -9.930
39.72, 0.02800, -10.84
39.73, 0.02700, -12.00
39.74, 0.02600, -11.11
39.75, 0.02500, -12.12
39.76, 0.02400, -11.45
39.77, 0.02300, -10.39
39.78, 0.02200, -11.46
39.79, 0.02100, -9.939
39.80, 0.02000, -9.363
39.81, 0.01900, -10.46
39.82, 0.01800, -10.36
39.83, 0.01700, -11.79
39.84, 0.01600, -11.17
39.85, 0.01500, -12.04
39.86, 0.01400, -12.39
39.87, 0.01300, -12.76
39.88, 0.01200, -11.46
39.89, 0.01100, -12.35
39.90, 0.01000, -13.09
39.91, 0.009000, -13.10
39.92, 0.008000, -13.41
39.93, 0.007000, -13.19
39.94, 0.006000, -13.09
39.95, 0.005000, -12.02
39.96, 0.004000, -11.46
39.97, 0.003000, -11.25
39.98, 0.002000, -11.29
39.99, 0.001000, -10.04
40.00, 0.000, -8.996
