0.01000, 0.001000, -331.6
0.02000, 0.002000, -191.8
0.03000, 0.003000, -136.6
0.04000, 0.004000, -102.6
0.05000, 0.005000, -85.01
0.06000, 0.006000, -73.16
0.07000, 0.007000, -62.09
0.08000, 0.008000, -54.48
0.09000, 0.009000, -51.90
0.1000, 0.01000, -46.65
0.1100, 0.01100, -42.91
0.1200, 0.01200, -40.39
0.1300, 0.01300, -33.42
0.1400, 0.01400, -33.49
0.1500, 0.01500, -32.95
0.1600, 0.01600, -31.60
0.1700, 0.01700, -29.30
0.1800, 0.01800, -27.38
0.1900, 0.01900, -27.57
0.2000, 0.02000, -23.28
0.2100, 0.02100, -25.21
0.2200, 0.02200, -22.62
0.2300, 0.02300, -22.54
0.2400, 0.02400, -21.00
0.2500, 0.02500, -20.55
0.2600, 0.02600, -22.35
0.2700, 0.02700, -16.42
0.2800, 0.02800, -20.48
0.2900, 0.02900, -16.71
0.3000, 0.03000, -18.80
0.3100, 0.03100, -14.93
0.3200, 0.03200, -17.54
0.3300, 0.03300, -15.06
0.3400, 0.03400, -15.73
0.3500, 0.03500, -16.29
0.3600, 0.03600, -13.69
0.3700, 0.03700, -15.23
0.3800, 0.03800, -12.42
0.3900, 0.03900, -14.41
0.4000, 0.04000, -13.52
0.4100, 0.04100, -16.34
0.4200, 0.04200, -13.31
0.4300, 0.04300, -14.04
0.4400, 0.04400, -13.82
0.4500, 0.04500, -13.60
0.4600, 0.04600, -13.42
0.4700, 0.04700, -12.46
0.4800, 0.04800, -13.88
0.4900, 0.04900, -12.92
0.5000, 0.05000, -11.07
0.5100, 0.05100, -10.29
0.5200, 0.05200, -12.49
0.5300, 0.05300, -11.10
0.5400, 0.05400, -10.83
0.5500, 0.05500, -11.71
0.5600, 0.05600, -11.24
0.5700, 0.05700, -10.94
0.5800, 0.05800, -10.58
0.5900, 0.05900, -12.34
0.6000, 0.06000, -8.154
0.6100, 0.06100, -10.48
0.6200, 0.06200, -10.54
0.6300, 0.06300, -11.36
0.6400, 0.06400, -8.751
0.6500, 0.06500, -9.231
0.6600, 0.06600, -10.85
0.6700, 0.06700, -8.705
0.6800, 0.06800, -9.012
0.6900, 0.06900, -7.033
0.7000, 0.07000, -10.85
0.7100, 0.07100, -8.837
0.7200, 0.07200, -8.772
0.7300, 0.07300, -7.868
0.7400, 0.07400, -8.820
0.7500, 0.07500, -8.208
0.7600, 0.07600, -8.684
0.7700, 0.07700, -8.834
0.7800, 0.07800, -11.23
0.7900, 0.07900, -12.38
0.8000, 0.08000, -7.620
0.8100, 0.08100, -10.81
0.8200, 0.08200, -8.163
0.8300, 0.08300, -9.052
0.8400, 0.08400, -7.324
0.8500, 0.08500, -7.806
0.8600, 0.08600, -7.879
0.8700, 0.08700, -7.763
0.8800, 0.08800, -9.008
0.8900, 0.08900, -7.231
0.9000, 0.09000, -9.828
0.9100, 0.09100, -7.889
0.9200, 0.09200, -8.382
0.9300, 0.09300, -7.231
0.9400, 0.09400, -7.951
0.9500, 0.09500, -6.956
0.9600, 0.09600, -7.457
0.9700, 0.09700, -7.640
0.9800, 0.09800, -7.987
0.9900, 0.09900, -8.673
1.000, 0.1000, -8.568
1.010, 0.1010, -10.19
1.020, 0.1020, -8.113
1.030, 0.1030, -8.156
1.040, 0.1040, -8.109
1.050, 0.1050, -8.249
1.060, 0.1060, -9.462
1.070, 0.1070, -7.670
1.080, 0.1080, -5.592
1.090, 0.1090, -6.310
1.100, 0.1100, -7.599
1.110, 0.1110, -3.489
1.120, 0.1120, -5.849
1.130, 0.1130, -2.508
1.140, 0.1140, -5.948
1.150, 0.1150, -4.421
1.160, 0.1160, -5.090
1.170, 0.1170, -7.020
1.180, 0.1180, -6.458
1.190, 0.1190, -6.841
1.200, 0.1200, -6.567
1.210, 0.1210, -9.197
1.220, 0.1220, -3.246
1.230, 0.1230, -8.785
1.240, 0.1240, -3.943
1.250, 0.1250, -3.903
1.260, 0.1260, -7.106
1.270, 0.1270, -5.814
1.280, 0.1280, -7.296
1.290, 0.1290, -4.726
1.300, 0.1300, -7.038
1.310, 0.1310, -4.555
1.320, 0.1320, -6.383
1.330, 0.1330, -4.597
1.340, 0.1340, -6.994
1.350, 0.1350, -3.594
1.360, 0.1360, -4.841
1.370, 0.1370, -5.748
1.380, 0.1380, -4.492
1.390, 0.1390, -6.542
1.400, 0.1400, -4.092
1.410, 0.1410, -4.977
1.420, 0.1420, -6.556
1.430, 0.1430, -4.600
1.440, 0.1440, -4.825
1.450, 0.1450, -4.843
1.460, 0.1460, -7.703
1.470, 0.1470, -5.743
1.480, 0.1480, -6.266
1.490, 0.1490, -4.951
1.500, 0.1500, -4.403
1.510, 0.1510, -4.673
1.520, 0.1520, -4.002
1.530, 0.1530, -3.751
1.540, 0.1540, -3.715
1.550, 0.1550, -4.232
1.560, 0.1560, -3.869
1.570, 0.1570, -5.747
1.580, 0.1580, -5.366
1.590, 0.1590, -4.994
1.600, 0.1600, -4.141
1.610, 0.1610, -7.324
1.620, 0.1620, -1.370
1.630, 0.1630, -4.657
1.640, 0.1640, -6.011
1.650, 0.1650, -6.047
1.660, 0.1660, -6.478
1.670, 0.1670, -5.857
1.680, 0.1680, -5.641
1.690, 0.1690, -5.864
1.700, 0.1700, -7.252
1.710, 0.1710, -1.290
1.720, 0.1720, -4.891
1.730, 0.1730, -4.512
1.740, 0.1740, -4.768
1.750, 0.1750, -4.156
1.760, 0.1760, -6.428
1.770, 0.1770, -6.582
1.780, 0.1780, -5.082
1.790, 0.1790, -6.796
1.800, 0.1800, -5.562
1.810, 0.1810, -4.825
1.820, 0.1820, -7.087
1.830, 0.1830, -4.607
1.840, 0.1840, -7.252
1.850, 0.1850, -3.887
1.860, 0.1860, -7.113
1.870, 0.1870, -3.756
1.880, 0.1880, -5.686
1.890, 0.1890, -6.567
1.900, 0.1900, -5.903
1.910, 0.1910, -6.251
1.920, 0.1920, -5.767
1.930, 0.1930, -5.325
1.940, 0.1940, -0.1947
1.950, 0.1950, -4.124
1.960, 0.1960, -1.726
1.970, 0.1970, -1.813
1.980, 0.1980, -2.038
1.990, 0.1990, -5.027
2.000, 0.2000, -4.880
2.010, 0.2010, -4.774
2.020, 0.2020, -3.028
2.030, 0.2030, -4.039
2.040, 0.2040, -5.155
2.050, 0.2050, -1.535
2.060, 0.2060, -2.707
2.070, 0.2070, -4.963
2.080, 0.2080, -3.196
2.090, 0.2090, -7.503
2.100, 0.2100, -5.102
2.110, 0.2110, -6.371
2.120, 0.2120, -6.171
2.130, 0.2130, -4.061
2.140, 0.2140, -7.328
2.150, 0.2150, -4.988
2.160, 0.2160, -7.525
2.170, 0.2170, -4.428
2.180, 0.2180, -6.929
2.190, 0.2190, -4.315
2.200, 0.2200, -4.983
2.210, 0.2210, -4.957
2.220, 0.2220, -6.679
2.230, 0.2230, -6.542
2.240, 0.2240, -4.044
2.250, 0.2250, -5.394
2.260, 0.2260, -4.694
2.270, 0.2270, -4.104
2.280, 0.2280, -4.851
2.290, 0.2290, -3.714
2.300, 0.2300, -4.748
2.310, 0.2310, -5.576
2.320, 0.2320, -6.333
2.330, 0.2330, -4.531
2.340, 0.2340, -4.529
2.350, 0.2350, -5.112
2.360, 0.2360, -3.179
2.370, 0.2370, -2.261
2.380, 0.2380, -0.4994
2.390, 0.2390, -1.827
2.400, 0.2400, -3.559
2.410, 0.2410, -3.343
2.420, 0.2420, -3.420
2.430, 0.2430, -4.044
2.440, 0.2440, -4.532
2.450, 0.2450, -4.099
2.460, 0.2460, -5.969
2.470, 0.2470, -4.198
2.480, 0.2480, -6.954
2.490, 0.2490, -4.334
2.500, 0.2500, -5.104
2.510, 0.2510, -4.220
2.520, 0.2520, -5.688
2.530, 0.2530, -4.371
2.540, 0.2540, -5.652
2.550, 0.2550, -6.706
2.560, 0.2560, -6.014
2.570, 0.2570, -6.195
2.580, 0.2580, -5.393
2.590, 0.2590, -5.934
2.600, 0.2600, -1.383
2.610, 0.2610, -6.943
2.620, 0.2620, -6.454
2.630, 0.2630, -5.327
2.640, 0.2640, -5.953
2.650, 0.2650, -1.431
2.660, 0.2660, -4.396
2.670, 0.2670, -3.887
2.680, 0.2680, -7.802
2.690, 0.2690, -3.557
2.700, 0.2700, -3.371
2.710, 0.2710, -1.938
2.720, 0.2720, -4.704
2.730, 0.2730, -5.581
2.740, 0.2740, -4.972
2.750, 0.2750, -5.038
2.760, 0.2760, -1.603
2.770, 0.2770, -4.931
2.780, 0.2780, -3.643
2.790, 0.2790, -3.910
2.800, 0.2800, -3.932
2.810, 0.2810, -2.056
2.820, 0.2820, -3.751
2.830, 0.2830, -3.495
2.840, 0.2840, -3.022
2.850, 0.2850, -2.536
2.860, 0.2860, -5.490
2.870, 0.2870, -4.049
2.880, 0.2880, -2.710
2.890, 0.2890, -7.286
2.900, 0.2900, -5.348
2.910, 0.2910, -5.648
2.920, 0.2920, -4.007
2.930, 0.2930, -6.092
2.940, 0.2940, -2.804
2.950, 0.2950, -4.606
2.960, 0.2960, -5.091
2.970, 0.2970, -3.180
2.980, 0.2980, -4.545
2.990, 0.2990, -4.475
3.000, 0.3000, -4.550
3.010, 0.3010, -5.303
3.020, 0.3020, -5.079
3.030, 0.3030, -4.971
3.040, 0.3040, -5.437
3.050, 0.3050, -2.846
3.060, 0.3060, -4.043
3.070, 0.3070, -2.138
3.080, 0.3080, -3.774
3.090, 0.3090, -5.778
3.100, 0.3100, -5.294
3.110, 0.3110, -7.783
3.120, 0.3120, -4.309
3.130, 0.3130, -5.192
3.140, 0.3140, -2.828
3.150, 0.3150, -5.964
3.160, 0.3160, -4.495
3.170, 0.3170, -5.330
3.180, 0.3180, -3.053
3.190, 0.3190, -5.276
3.200, 0.3200, -3.113
3.210, 0.3210, -1.434
3.220, 0.3220, -0.3833
3.230, 0.3230, -2.626
3.240, 0.3240, -3.163
3.250, 0.3250, -5.515
3.260, 0.3260, -2.392
3.270, 0.3270, -1.211
3.280, 0.3280, -4.419
3.290, 0.3290, -4.730
3.300, 0.3300, -4.721
3.310, 0.3310, -2.438
3.320, 0.3320, -5.299
3.330, 0.3330, -4.190
3.340, 0.3340, -4.076
3.350, 0.3350, -2.185
3.360, 0.3360, -5.455
3.370, 0.3370, -3.622
3.380, 0.3380, -6.037
3.390, 0.3390, -4.527
3.400, 0.3400, -6.801
3.410, 0.3410, -0.2936
3.420, 0.3420, -3.950
3.430, 0.3430, -4.275
3.440, 0.3440, -6.387
3.450, 0.3450, -2.735
3.460, 0.3460, -4.968
3.470, 0.3470, -1.903
3.480, 0.3480, -6.171
3.490, 0.3490, -3.530
3.500, 0.3500, -5.904
3.510, 0.3510, -3.870
3.520, 0.3520, -5.988
3.530, 0.3530, -4.939
3.540, 0.3540, -5.962
3.550, 0.3550, -7.410
3.560, 0.3560, -5.192
3.570, 0.3570, -0.8696
3.580, 0.3580, -3.603
3.590, 0.3590, -3.473
3.600, 0.3600, -7.312
3.610, 0.3610, -3.964
3.620, 0.3620, -1.799
3.630, 0.3630, -1.676
3.640, 0.3640, -1.997
3.650, 0.3650, -3.341
3.660, 0.3660, -0.9055
3.670, 0.3670, -2.624
3.680, 0.3680, -3.018
3.690, 0.3690, -4.797
3.700, 0.3700, -4.006
3.710, 0.3710, -5.146
3.720, 0.3720, -3.799
3.730, 0.3730, -4.306
3.740, 0.3740, -4.856
3.750, 0.3750, -2.660
3.760, 0.3760, -0.6000
3.770, 0.3770, -4.196
3.780, 0.3780, -5.496
3.790, 0.3790, -5.035
3.800, 0.3800, -3.181
3.810, 0.3810, -4.431
3.820, 0.3820, -6.516
3.830, 0.3830, -5.950
3.840, 0.3840, -4.377
3.850, 0.3850, -2.891
3.860, 0.3860, -4.627
3.870, 0.3870, -4.872
3.880, 0.3880, -4.689
3.890, 0.3890, -3.659
3.900, 0.3900, -4.541
3.910, 0.3910, -3.491
3.920, 0.3920, -4.734
3.930, 0.3930, -5.506
3.940, 0.3940, -4.392
3.950, 0.3950, -1.491
3.960, 0.3960, -3.730
3.970, 0.3970, -7.320
3.980, 0.3980, -2.123
3.990, 0.3990, -2.888
4.000, 0.4000, -3.111
4.010, 0.4010, -4.521
4.020, 0.4020, -4.439
4.030, 0.4030, -6.649
4.040, 0.4040, -0.5500
4.050, 0.4050, -2.828
4.060, 0.4060, -2.785
4.070, 0.4070, -6.326
4.080, 0.4080, -1.264
4.090, 0.4090, -4.516
4.100, 0.4100, -1.055
4.110, 0.4110, -5.038
4.120, 0.4120, -1.980
4.130, 0.4130, -3.163
4.140, 0.4140, -1.410
4.150, 0.4150, -3.946
4.160, 0.4160, -3.783
4.170, 0.4170, -4.459
4.180, 0.4180, -3.972
4.190, 0.4190, -3.178
4.200, 0.4200, -3.323
4.210, 0.4210, -4.010
4.220, 0.4220, -0.8873
4.230, 0.4230, -4.920
4.240, 0.4240, -3.679
4.250, 0.4250, -5.709
4.260, 0.4260, -6.893
4.270, 0.4270, -5.413
4.280, 0.4280, -6.031
4.290, 0.4290, -5.340
4.300, 0.4300, -6.596
4.310, 0.4310, -5.336
4.320, 0.4320, -4.641
4.330, 0.4330, -4.862
4.340, 0.4340, -5.645
4.350, 0.4350, -4.751
4.360, 0.4360, -4.788
4.370, 0.4370, -4.946
4.380, 0.4380, -2.004
4.390, 0.4390, -4.188
4.400, 0.4400, -5.386
4.410, 0.4410, -6.064
4.420, 0.4420, -3.929
4.430, 0.4430, -2.762
4.440, 0.4440, -3.793
4.450, 0.4450, -4.821
4.460, 0.4460, -3.379
4.470, 0.4470, -5.046
4.480, 0.4480, -4.343
4.490, 0.4490, -4.493
4.500, 0.4500, -2.589
4.510, 0.4510, -3.624
4.520, 0.4520, -2.833
4.530, 0.4530, -5.556
4.540, 0.4540, -2.465
4.550, 0.4550, -3.675
4.560, 0.4560, -0.8114
4.570, 0.4570, -4.126
4.580, 0.4580, -2.413
4.590, 0.4590, -4.733
4.600, 0.4600, -2.949
4.610, 0.4610, -2.758
4.620, 0.4620, -1.916
4.630, 0.4630, -4.733
4.640, 0.4640, -3.771
4.650, 0.4650, -4.991
4.660, 0.4660, -4.345
4.670, 0.4670, -5.082
4.680, 0.4680, -4.950
4.690, 0.4690, -4.305
4.700, 0.4700, -4.279
4.710, 0.4710, -5.081
4.720, 0.4720, -6.723
4.730, 0.4730, -4.600
4.740, 0.4740, -4.479
4.750, 0.4750, -1.742
4.760, 0.4760, -2.823
4.770, 0.4770, -4.117
4.780, 0.4780, -4.809
4.790, 0.4790, -3.144
4.800, 0.4800, -5.233
4.810, 0.4810, -3.446
4.820, 0.4820, -2.994
4.830, 0.4830, -3.601
4.840, 0.4840, -4.412
4.850, 0.4850, -3.159
4.860, 0.4860, -3.239
4.870, 0.4870, 1.512
4.880, 0.4880, -4.419
4.890, 0.4890, -0.7776
4.900, 0.4900, -1.783
4.910, 0.4910, -1.074
4.920, 0.4920, -7.047
4.930, 0.4930, -1.232
4.940, 0.4940, -2.575
4.950, 0.4950, -1.911
4.960, 0.4960, -2.693
4.970, 0.4970, -2.612
4.980, 0.4980, -2.486
4.990, 0.4990, -3.877
5.000, 0.5000, -4.321
5.010, 0.5010, -4.947
5.020, 0.5020, -5.570
5.030, 0.5030, -3.589
5.040, 0.5040, -2.741
5.050, 0.5050, -4.743
5.060, 0.5060, -1.456
5.070, 0.5070, -4.651
5.080, 0.5080, -3.798
5.090, 0.5090, -5.381
5.100, 0.5100, -4.386
5.110, 0.5110, -4.883
5.120, 0.5120, -4.148
5.130, 0.5130, -4.789
5.140, 0.5140, -3.503
5.150, 0.5150, -5.264
5.160, 0.5160, -2.410
5.170, 0.5170, -3.704
5.180, 0.5180, -4.149
5.190, 0.5190, -4.892
5.200, 0.5200, -0.7683
5.210, 0.5210, -4.304
5.220, 0.5220, -2.009
5.230, 0.5230, -2.343
5.240, 0.5240, -3.416
5.250, 0.5250, -4.761
5.260, 0.5260, -4.112
5.270, 0.5270, -3.312
5.280, 0.5280, -5.317
5.290, 0.5290, -3.508
5.300, 0.5300, -4.616
5.310, 0.5310, -3.680
5.320, 0.5320, -4.215
5.330, 0.5330, -2.663
5.340, 0.5340, -4.373
5.350, 0.5350, -1.209
5.360, 0.5360, -2.950
5.370, 0.5370, -1.836
5.380, 0.5380, -2.077
5.390, 0.5390, -4.538
5.400, 0.5400, -3.937
5.410, 0.5410, 0.6775
5.420, 0.5420, -3.409
5.430, 0.5430, -1.808
5.440, 0.5440, -4.338
5.450, 0.5450, -2.378
5.460, 0.5460, -6.464
5.470, 0.5470, -3.014
5.480, 0.5480, -3.055
5.490, 0.5490, -3.339
5.500, 0.5500, -4.790
5.510, 0.5510, -1.076
5.520, 0.5520, -2.891
5.530, 0.5530, -4.371
5.540, 0.5540, -5.257
5.550, 0.5550, -5.780
5.560, 0.5560, -0.9015
5.570, 0.5570, -4.057
5.580, 0.5580, -4.494
5.590, 0.5590, -4.426
5.600, 0.5600, -3.297
5.610, 0.5610, -5.321
5.620, 0.5620, 1.120
5.630, 0.5630, -3.646
5.640, 0.5640, -4.771
5.650, 0.5650, -3.520
5.660, 0.5660, -3.056
5.670, 0.5670, -3.797
5.680, 0.5680, -4.997
5.690, 0.5690, -6.210
5.700, 0.5700, -3.365
5.710, 0.5710, -4.506
5.720, 0.5720, -0.5862
5.730, 0.5730, -3.286
5.740, 0.5740, -3.593
5.750, 0.5750, -2.667
5.760, 0.5760, 1.024
5.770, 0.5770, -2.712
5.780, 0.5780, 0.5549
5.790, 0.5790, -3.783
5.800, 0.5800, -1.463
5.810, 0.5810, -2.198
5.820, 0.5820, -1.975
5.830, 0.5830, -5.004
5.840, 0.5840, -2.508
5.850, 0.5850, -7.784
5.860, 0.5860, -4.854
5.870, 0.5870, -2.355
5.880, 0.5880, -2.513
5.890, 0.5890, -3.885
5.900, 0.5900, -2.121
5.910, 0.5910, -5.783
5.920, 0.5920, -4.733
5.930, 0.5930, -3.899
5.940, 0.5940, -4.197
5.950, 0.5950, -3.705
5.960, 0.5960, -2.594
5.970, 0.5970, -4.477
5.980, 0.5980, -2.251
5.990, 0.5990, -4.695
6.000, 0.6000, -4.949
6.010, 0.6010, -4.087
6.020, 0.6020, -3.663
6.030, 0.6030, -2.067
6.040, 0.6040, -3.680
6.050, 0.6050, -5.513
6.060, 0.6060, -4.498
6.070, 0.6070, -3.884
6.080, 0.6080, -1.920
6.090, 0.6090, -2.086
6.100, 0.6100, -3.656
6.110, 0.6110, -1.721
6.120, 0.6120, -2.823
6.130, 0.6130, -2.964
6.140, 0.6140, -3.433
6.150, 0.6150, -1.900
6.160, 0.6160, -2.549
6.170, 0.6170, -0.2893
6.180, 0.6180, -2.493
6.190, 0.6190, -1.496
6.200, 0.6200, -1.624
6.210, 0.6210, -1.778
6.220, 0.6220, -3.362
6.230, 0.6230, -5.735
6.240, 0.6240, -2.779
6.250, 0.6250, -5.727
6.260, 0.6260, -4.968
6.270, 0.6270, -3.377
6.280, 0.6280, -3.900
6.290, 0.6290, -3.248
6.300, 0.6300, -3.057
6.310, 0.6310, -1.756
6.320, 0.6320, -1.735
6.330, 0.6330, -5.201
6.340, 0.6340, -3.943
6.350, 0.6350, -4.639
6.360, 0.6360, -2.301
6.370, 0.6370, -3.831
6.380, 0.6380, -1.324
6.390, 0.6390, -2.246
6.400, 0.6400, -2.712
6.410, 0.6410, -3.453
6.420, 0.6420, -2.108
6.430, 0.6430, -3.340
6.440, 0.6440, -5.702
6.450, 0.6450, -4.479
6.460, 0.6460, -4.704
6.470, 0.6470, -3.120
6.480, 0.6480, -4.081
6.490, 0.6490, -6.193
6.500, 0.6500, -3.999
6.510, 0.6510, -5.849
6.520, 0.6520, -2.923
6.530, 0.6530, -4.879
6.540, 0.6540, -4.900
6.550, 0.6550, -3.241
6.560, 0.6560, -1.382
6.570, 0.6570, -2.017
6.580, 0.6580, -2.325
6.590, 0.6590, -1.495
6.600, 0.6600, -3.582
6.610, 0.6610, -0.1122
6.620, 0.6620, -2.128
6.630, 0.6630, -2.523
6.640, 0.6640, -2.401
6.650, 0.6650, -3.885
6.660, 0.6660, -3.404
6.670, 0.6670, -0.5600
6.680, 0.6680, -2.990
6.690, 0.6690, -2.340
6.700, 0.6700, -3.353
6.710, 0.6710, -1.450
6.720, 0.6720, -4.138
6.730, 0.6730, -3.820
6.740, 0.6740, -3.009
6.750, 0.6750, -1.014
6.760, 0.6760, -2.301
6.770, 0.6770, -0.9724
6.780, 0.6780, -4.373
6.790, 0.6790, -4.798
6.800, 0.6800, -2.484
6.810, 0.6810, -5.112
6.820, 0.6820, -3.531
6.830, 0.6830, -2.311
6.840, 0.6840, -3.821
6.850, 0.6850, -3.383
6.860, 0.6860, -4.561
6.870, 0.6870, -4.523
6.880, 0.6880, -2.502
6.890, 0.6890, -3.643
6.900, 0.6900, -3.836
6.910, 0.6910, -5.509
6.920, 0.6920, -1.906
6.930, 0.6930, -4.597
6.940, 0.6940, -2.643
6.950, 0.6950, -1.816
6.960, 0.6960, -1.796
6.970, 0.6970, -1.291
6.980, 0.6980, -2.380
6.990, 0.6990, -2.888
7.000, 0.7000, -3.817
7.010, 0.7010, -0.9930
7.020, 0.7020, -5.145
7.030, 0.7030, -4.638
7.040, 0.7040, -3.571
7.050, 0.7050, -1.769
7.060, 0.7060, -1.394
7.070, 0.7070, 0.7837
7.080, 0.7080, -3.590
7.090, 0.7090, -2.414
7.100, 0.7100, -2.398
7.110, 0.7110, -3.905
7.120, 0.7120, -4.395
7.130, 0.7130, -3.828
7.140, 0.7140, -5.459
7.150, 0.7150, -4.781
7.160, 0.7160, -5.676
7.170, 0.7170, -3.529
7.180, 0.7180, -6.592
7.190, 0.7190, -3.473
7.200, 0.7200, -1.415
7.210, 0.7210, -1.079
7.220, 0.7220, -5.355
7.230, 0.7230, -4.240
7.240, 0.7240, -2.937
7.250, 0.7250, -3.124
7.260, 0.7260, -2.381
7.270, 0.7270, -5.036
7.280, 0.7280, -4.269
7.290, 0.7290, -4.986
7.300, 0.7300, -3.257
7.310, 0.7310, -4.799
7.320, 0.7320, -1.413
7.330, 0.7330, -4.895
7.340, 0.7340, -2.366
7.350, 0.7350, -3.645
7.360, 0.7360, -1.123
7.370, 0.7370, -4.967
7.380, 0.7380, -3.188
7.390, 0.7390, -3.595
7.400, 0.7400, -2.885
7.410, 0.7410, -0.4428
7.420, 0.7420, -4.823
7.430, 0.7430, -1.540
7.440, 0.7440, -2.553
7.450, 0.7450, -2.272
7.460, 0.7460, -2.794
7.470, 0.7470, -1.329
7.480, 0.7480, -0.8859
7.490, 0.7490, -1.627
7.500, 0.7500, -3.312
7.510, 0.7510, -2.636
7.520, 0.7520, -1.220
7.530, 0.7530, -1.669
7.540, 0.7540, -5.040
7.550, 0.7550, -1.524
7.560, 0.7560, -3.073
7.570, 0.7570, -1.399
7.580, 0.7580, -2.108
7.590, 0.7590, -3.564
7.600, 0.7600, -5.076
7.610, 0.7610, -4.043
7.620, 0.7620, -2.472
7.630, 0.7630, -4.205
7.640, 0.7640, -1.677
7.650, 0.7650, -4.843
7.660, 0.7660, -2.849
7.670, 0.7670, -3.815
7.680, 0.7680, -0.4894
7.690, 0.7690, -3.349
7.700, 0.7700, -2.848
7.710, 0.7710, -3.089
7.720, 0.7720, -3.097
7.730, 0.7730, -2.393
7.740, 0.7740, -5.409
7.750, 0.7750, -1.666
7.760, 0.7760, -3.175
7.770, 0.7770, -0.7578
7.780, 0.7780, -3.728
7.790, 0.7790, -4.101
7.800, 0.7800, -1.795
7.810, 0.7810, -2.410
7.820, 0.7820, -1.799
7.830, 0.7830, -3.091
7.840, 0.7840, 0.5027
7.850, 0.7850, -5.255
7.860, 0.7860, -0.2215
7.870, 0.7870, 0.8363
7.880, 0.7880, -1.950
7.890, 0.7890, -4.112
7.900, 0.7900, -1.153
7.910, 0.7910, -3.932
7.920, 0.7920, -1.684
7.930, 0.7930, -4.195
7.940, 0.7940, -2.299
7.950, 0.7950, -0.9411
7.960, 0.7960, -2.926
7.970, 0.7970, -2.390
7.980, 0.7980, -5.551
7.990, 0.7990, -1.586
8.000, 0.8000, -0.8706
8.010, 0.8010, -3.161
8.020, 0.8020, -4.458
8.030, 0.8030, -4.145
8.040, 0.8040, -3.014
8.050, 0.8050, -3.320
8.060, 0.8060, -3.606
8.070, 0.8070, -2.706
8.080, 0.8080, -2.866
8.090, 0.8090, -2.792
8.100, 0.8100, -1.410
8.110, 0.8110, -6.308
8.120, 0.8120, -3.515
8.130, 0.8130, -0.8628
8.140, 0.8140, -3.752
8.150, 0.8150, -4.279
8.160, 0.8160, -5.446
8.170, 0.8170, -2.207
8.180, 0.8180, -3.216
8.190, 0.8190, -2.732
8.200, 0.8200, -4.860
8.210, 0.8210, -1.470
8.220, 0.8220, 0.1722
8.230, 0.8230, -5.218
8.240, 0.8240, -1.758
8.250, 0.8250, -3.072
8.260, 0.8260, 0.1089
8.270, 0.8270, -0.7154
8.280, 0.8280, 0.3724
8.290, 0.8290, -3.179
8.300, 0.8300, -1.542
8.310, 0.8310, -2.370
8.320, 0.8320, -1.508
8.330, 0.8330, -1.651
8.340, 0.8340, -2.020
8.350, 0.8350, -3.696
8.360, 0.8360, -2.250
8.370, 0.8370, -3.414
8.380, 0.8380, -3.351
8.390, 0.8390, -1.891
8.400, 0.8400, -1.764
8.410, 0.8410, -2.841
8.420, 0.8420, -5.252
8.430, 0.8430, -0.4482
8.440, 0.8440, -2.942
8.450, 0.8450, -0.9886
8.460, 0.8460, -3.904
8.470, 0.8470, -3.857
8.480, 0.8480, -2.629
8.490, 0.8490, -1.975
8.500, 0.8500, -4.206
8.510, 0.8510, -3.443
8.520, 0.8520, -3.682
8.530, 0.8530, -1.139
8.540, 0.8540, -0.4954
8.550, 0.8550, -4.369
8.560, 0.8560, -3.002
8.570, 0.8570, -6.289
8.580, 0.8580, -3.536
8.590, 0.8590, -3.944
8.600, 0.8600, -2.075
8.610, 0.8610, -5.165
8.620, 0.8620, -2.464
8.630, 0.8630, -4.665
8.640, 0.8640, -1.845
8.650, 0.8650, -2.824
8.660, 0.8660, -2.920
8.670, 0.8670, -1.368
8.680, 0.8680, -1.472
8.690, 0.8690, -0.2567
8.700, 0.8700, -2.533
8.710, 0.8710, 0.5497
8.720, 0.8720, -3.701
8.730, 0.8730, -0.9959
8.740, 0.8740, -2.958
8.750, 0.8750, -0.4899
8.760, 0.8760, -2.886
8.770, 0.8770, -2.222
8.780, 0.8780, -2.639
8.790, 0.8790, -2.417
8.800, 0.8800, -0.06545
8.810, 0.8810, -4.020
8.820, 0.8820, -2.460
8.830, 0.8830, -3.398
8.840, 0.8840, -3.128
8.850, 0.8850, -3.092
8.860, 0.8860, -4.233
8.870, 0.8870, -2.888
8.880, 0.8880, -5.032
8.890, 0.8890, -3.823
8.900, 0.8900, -3.315
8.910, 0.8910, -5.143
8.920, 0.8920, -2.827
8.930, 0.8930, -0.7146
8.940, 0.8940, -5.033
8.950, 0.8950, -2.406
8.960, 0.8960, -3.615
8.970, 0.8970, -3.089
8.980, 0.8980, -3.171
8.990, 0.8990, -5.413
9.000, 0.9000, -0.7390
9.010, 0.9010, -4.517
9.020, 0.9020, -2.417
9.030, 0.9030, -4.778
9.040, 0.9040, -2.242
9.050, 0.9050, -2.994
9.060, 0.9060, -3.573
9.070, 0.9070, 1.567
9.080, 0.9080, -3.565
9.090, 0.9090, -3.128
9.100, 0.9100, -1.281
9.110, 0.9110, -0.6235
9.120, 0.9120, -2.616
9.130, 0.9130, -0.5379
9.140, 0.9140, -1.391
9.150, 0.9150, -1.505
9.160, 0.9160, -1.830
9.170, 0.9170, -1.002
9.180, 0.9180, -1.789
9.190, 0.9190, -4.323
9.200, 0.9200, -2.453
9.210, 0.9210, -1.743
9.220, 0.9220, -1.156
9.230, 0.9230, -3.374
9.240, 0.9240, -1.509
9.250, 0.9250, -3.656
9.260, 0.9260, 0.9394
9.270, 0.9270, -1.788
9.280, 0.9280, -0.4342
9.290, 0.9290, -1.992
9.300, 0.9300, -2.145
9.310, 0.9310, -2.080
9.320, 0.9320, -3.489
9.330, 0.9330, -1.715
9.340, 0.9340, -5.791
9.350, 0.9350, -1.433
9.360, 0.9360, -4.181
9.370, 0.9370, -3.089
9.380, 0.9380, -2.144
9.390, 0.9390, -4.368
9.400, 0.9400, -1.230
9.410, 0.9410, -4.402
9.420, 0.9420, -2.340
9.430, 0.9430, -5.549
9.440, 0.9440, -0.5912
9.450, 0.9450, -4.229
9.460, 0.9460, -0.6637
9.470, 0.9470, -3.002
9.480, 0.9480, -1.980
9.490, 0.9490, -0.6695
9.500, 0.9500, -3.135
9.510, 0.9510, -2.869
9.520, 0.9520, -1.783
9.530, 0.9530, -0.6637
9.540, 0.9540, -3.804
9.550, 0.9550, 3.966
9.560, 0.9560, -1.857
9.570, 0.9570, 1.955
9.580, 0.9580, -2.817
9.590, 0.9590, -2.239
9.600, 0.9600, -3.294
9.610, 0.9610, -0.3538
9.620, 0.9620, -1.982
9.630, 0.9630, -3.216
9.640, 0.9640, -1.924
9.650, 0.9650, -2.819
9.660, 0.9660, -2.012
9.670, 0.9670, -5.101
9.680, 0.9680, -0.4329
9.690, 0.9690, -4.617
9.700, 0.9700, -0.4674
9.710, 0.9710, -2.968
9.720, 0.9720, -2.838
9.730, 0.9730, -2.815
9.740, 0.9740, -4.676
9.750, 0.9750, -2.279
9.760, 0.9760, -4.529
9.770, 0.9770, -4.724
9.780, 0.9780, -2.989
9.790, 0.9790, -3.967
9.800, 0.9800, -1.109
9.810, 0.9810, -3.364
9.820, 0.9820, -1.777
9.830, 0.9830, -4.943
9.840, 0.9840, -2.023
9.850, 0.9850, -2.608
9.860, 0.9860, -0.1321
9.870, 0.9870, -1.425
9.880, 0.9880, -4.327
9.890, 0.9890, -3.620
9.900, 0.9900, -3.545
9.910, 0.9910, -3.370
9.920, 0.9920, -2.243
9.930, 0.9930, -1.749
9.940, 0.9940, -2.776
9.950, 0.9950, 1.852
9.960, 0.9960, 0.2218
9.970, 0.9970, 0.8954
9.980, 0.9980, -1.591
9.990, 0.9990, -0.04664
10.00, 1.000, 0.6004
10.01, 1.001, -2.641
10.02, 1.002, -1.927
10.03, 1.003, -4.858
10.04, 1.004, 1.725
10.05, 1.005, -3.976
10.06, 1.006, -0.8814
10.07, 1.007, -1.595
10.08, 1.008, -2.900
10.09, 1.009, -2.452
10.10, 1.010, -2.152
10.11, 1.011, -1.075
10.12, 1.012, -4.553
10.13, 1.013, 0.1873
10.14, 1.014, -1.822
10.15, 1.015, 0.8950
10.16, 1.016, -3.330
10.17, 1.017, -0.8851
10.18, 1.018, -2.519
10.19, 1.019, -2.076
10.20, 1.020, -0.1784
10.21, 1.021, -1.753
10.22, 1.022, 0.02982
10.23, 1.023, -1.043
10.24, 1.024, -2.733
10.25, 1.025, -2.237
10.26, 1.026, -0.8288
10.27, 1.027, -2.458
10.28, 1.028, -3.076
10.29, 1.029, -2.388
10.30, 1.030, 0.1223
10.31, 1.031, -1.519
10.32, 1.032, -0.3976
10.33, 1.033, -3.232
10.34, 1.034, -4.380
10.35, 1.035, 1.333
10.36, 1.036, -2.824
10.37, 1.037, 2.013
10.38, 1.038, -0.3134
10.39, 1.039, 0.08125
10.40, 1.040, 0.3313
10.41, 1.041, -1.161
10.42, 1.042, -2.641
10.43, 1.043, -1.615
10.44, 1.044, 2.098
10.45, 1.045, -2.870
10.46, 1.046, 1.961
10.47, 1.047, -1.485
10.48, 1.048, 0.6440
10.49, 1.049, -2.379
10.50, 1.050, -1.767
10.51, 1.051, 0.01459
10.52, 1.052, -2.999
10.53, 1.053, -1.808
10.54, 1.054, -0.3689
10.55, 1.055, 0.6499
10.56, 1.056, -2.187
10.57, 1.057, -1.738
10.58, 1.058, -0.01893
10.59, 1.059, -3.452
10.60, 1.060, -2.507
10.61, 1.061, -2.431
10.62, 1.062, -0.3080
10.63, 1.063, -3.053
10.64, 1.064, -2.751
10.65, 1.065, -1.636
10.66, 1.066, -3.363
10.67, 1.067, -0.3817
10.68, 1.068, -1.841
10.69, 1.069, 0.9101
10.70, 1.070, -2.346
10.71, 1.071, -1.292
10.72, 1.072, -1.031
10.73, 1.073, -3.281
10.74, 1.074, -0.2331
10.75, 1.075, -1.721
10.76, 1.076, -0.6568
10.77, 1.077, -0.5379
10.78, 1.078, 0.2205
10.79, 1.079, -0.4626
10.80, 1.080, 0.5144
10.81, 1.081, 0.3155
10.82, 1.082, -0.6852
10.83, 1.083, 2.239
10.84, 1.084, -2.787
10.85, 1.085, -0.2148
10.86, 1.086, -1.039
10.87, 1.087, -0.8990
10.88, 1.088, 0.2254
10.89, 1.089, 0.02464
10.90, 1.090, -1.802
10.91, 1.091, 0.01438
10.92, 1.092, 0.1227
10.93, 1.093, -1.916
10.94, 1.094, -0.07315
10.95, 1.095, -2.752
10.96, 1.096, -0.1686
10.97, 1.097, -1.211
10.98, 1.098, -2.206
10.99, 1.099, -1.615
11.00, 1.100, 0.4064
11.01, 1.101, -0.2173
11.02, 1.102, -1.108
11.03, 1.103, 1.005
11.04, 1.104, -2.042
11.05, 1.105, 2.194
11.06, 1.106, -4.149
11.07, 1.107, -0.2374
11.08, 1.108, -2.454
11.09, 1.109, 2.223
11.10, 1.110, -1.654
11.11, 1.111, 0.2234
11.12, 1.112, -4.219
11.13, 1.113, -1.855
11.14, 1.114, -2.295
11.15, 1.115, -0.08887
11.16, 1.116, 0.7559
11.17, 1.117, -0.9961
11.18, 1.118, -0.4105
11.19, 1.119, 0.8306
11.20, 1.120, 2.764
11.21, 1.121, 1.608
11.22, 1.122, -0.7892
11.23, 1.123, 2.817
11.24, 1.124, -1.086
11.25, 1.125, 0.1861
11.26, 1.126, -0.6315
11.27, 1.127, 0.7159
11.28, 1.128, 0.2626
11.29, 1.129, 2.767
11.30, 1.130, -0.1305
11.31, 1.131, 1.283
11.32, 1.132, 1.364
11.33, 1.133, -0.4673
11.34, 1.134, 0.5161
11.35, 1.135, -0.1860
11.36, 1.136, 0.8849
11.37, 1.137, 0.4618
11.38, 1.138, -0.2899
11.39, 1.139, -1.387
11.40, 1.140, -0.6229
11.41, 1.141, -0.2780
11.42, 1.142, -1.491
11.43, 1.143, 1.261
11.44, 1.144, -1.744
11.45, 1.145, 2.527
11.46, 1.146, 0.1496
11.47, 1.147, -1.717
11.48, 1.148, -0.3088
11.49, 1.149, 0.7007
11.50, 1.150, -1.426
11.51, 1.151, 0.4168
11.52, 1.152, 0.5555
11.53, 1.153, -1.432
11.54, 1.154, 1.162
11.55, 1.155, 0.5473
11.56, 1.156, 3.101
11.57, 1.157, 0.07494
11.58, 1.158, 0.5849
11.59, 1.159, 0.8924
11.60, 1.160, 2.646
11.61, 1.161, 0.3958
11.62, 1.162, 1.733
11.63, 1.163, 4.525
11.64, 1.164, -0.2736
11.65, 1.165, 1.834
11.66, 1.166, 1.760
11.67, 1.167, 2.396
11.68, 1.168, -0.07875
11.69, 1.169, 3.803
11.70, 1.170, 1.489
11.71, 1.171, 3.025
11.72, 1.172, 1.784
11.73, 1.173, 1.489
11.74, 1.174, -0.1244
11.75, 1.175, 4.562
11.76, 1.176, 1.098
11.77, 1.177, 2.648
11.78, 1.178, 0.7426
11.79, 1.179, 3.194
11.80, 1.180, 2.176
11.81, 1.181, 3.060
11.82, 1.182, 2.328
11.83, 1.183, 0.9071
11.84, 1.184, 1.796
11.85, 1.185, 1.162
11.86, 1.186, 1.314
11.87, 1.187, 2.964
11.88, 1.188, 2.337
11.89, 1.189, 0.1401
11.90, 1.190, 3.035
11.91, 1.191, 0.8858
11.92, 1.192, 4.714
11.93, 1.193, 1.964
11.94, 1.194, 5.101
11.95, 1.195, 1.705
11.96, 1.196, 4.040
11.97, 1.197, 1.647
11.98, 1.198, 3.250
11.99, 1.199, 3.278
12.00, 1.200, 6.353
12.01, 1.201, 4.101
12.02, 1.202, 4.281
12.03, 1.203, 5.610
12.04, 1.204, 1.815
12.05, 1.205, 5.945
12.06, 1.206, 4.533
12.07, 1.207, 6.134
12.08, 1.208, 2.310
12.09, 1.209, 6.292
12.10, 1.210, 4.288
12.11, 1.211, 5.649
12.12, 1.212, 2.909
12.13, 1.213, 6.524
12.14, 1.214, 6.373
12.15, 1.215, 6.710
12.16, 1.216, 5.346
12.17, 1.217, 9.509
12.18, 1.218, 3.843
12.19, 1.219, 5.914
12.20, 1.220, 4.791
12.21, 1.221, 4.406
12.22, 1.222, 6.350
12.23, 1.223, 7.581
12.24, 1.224, 5.123
12.25, 1.225, 6.969
12.26, 1.226, 3.941
12.27, 1.227, 6.936
12.28, 1.228, 6.413
12.29, 1.229, 2.584
12.30, 1.230, 7.525
12.31, 1.231, 6.362
12.32, 1.232, 8.106
12.33, 1.233, 5.889
12.34, 1.234, 7.946
12.35, 1.235, 7.899
12.36, 1.236, 6.734
12.37, 1.237, 7.704
12.38, 1.238, 6.258
12.39, 1.239, 7.989
12.40, 1.240, 8.768
12.41, 1.241, 10.43
12.42, 1.242, 9.938
12.43, 1.243, 11.14
12.44, 1.244, 7.097
12.45, 1.245, 11.60
12.46, 1.246, 10.69
12.47, 1.247, 12.32
12.48, 1.248, 10.62
12.49, 1.249, 12.29
12.50, 1.250, 12.29
12.51, 1.251, 7.929
12.52, 1.252, 11.78
12.53, 1.253, 11.95
12.54, 1.254, 14.24
12.55, 1.255, 11.13
12.56, 1.256, 12.29
12.57, 1.257, 12.63
12.58, 1.258, 11.38
12.59, 1.259, 13.66
12.60, 1.260, 14.71
12.61, 1.261, 12.43
12.62, 1.262, 14.13
12.63, 1.263, 15.11
12.64, 1.264, 13.12
12.65, 1.265, 13.22
12.66, 1.266, 11.88
12.67, 1.267, 17.03
12.68, 1.268, 14.97
12.69, 1.269, 15.70
12.70, 1.270, 19.08
12.71, 1.271, 13.21
12.72, 1.272, 19.40
12.73, 1.273, 17.61
12.74, 1.274, 18.56
12.75, 1.275, 17.60
12.76, 1.276, 18.87
12.77, 1.277, 19.43
12.78, 1.278, 20.13
12.79, 1.279, 19.00
12.80, 1.280, 22.93
12.81, 1.281, 20.96
12.82, 1.282, 22.16
12.83, 1.283, 20.84
12.84, 1.284, 23.34
12.85, 1.285, 24.26
12.86, 1.286, 25.09
12.87, 1.287, 24.70
12.88, 1.288, 25.98
12.89, 1.289, 27.71
12.90, 1.290, 24.86
12.91, 1.291, 29.54
12.92, 1.292, 29.32
12.93, 1.293, 30.82
12.94, 1.294, 28.10
12.95, 1.295, 31.39
12.96, 1.296, 31.76
12.97, 1.297, 32.27
12.98, 1.298, 31.84
12.99, 1.299, 32.29
13.00, 1.300, 33.68
13.01, 1.301, 35.06
13.02, 1.302, 37.52
13.03, 1.303, 34.18
13.04, 1.304, 38.50
13.05, 1.305, 35.30
13.06, 1.306, 38.80
13.07, 1.307, 38.18
13.08, 1.308, 41.87
13.09, 1.309, 40.03
13.10, 1.310, 41.23
13.11, 1.311, 43.58
13.12, 1.312, 41.09
13.13, 1.313, 46.40
13.14, 1.314, 43.50
13.15, 1.315, 45.76
13.16, 1.316, 44.78
13.17, 1.317, 50.60
13.18, 1.318, 45.70
13.19, 1.319, 50.14
13.20, 1.320, 49.08
13.21, 1.321, 51.63
13.22, 1.322, 51.88
13.23, 1.323, 53.70
13.24, 1.324, 56.04
13.25, 1.325, 52.81
13.26, 1.326, 58.65
13.27, 1.327, 56.51
13.28, 1.328, 59.09
13.29, 1.329, 61.72
13.30, 1.330, 64.00
13.31, 1.331, 62.81
13.32, 1.332, 65.45
13.33, 1.333, 66.24
13.34, 1.334, 69.62
13.35, 1.335, 69.77
13.36, 1.336, 71.46
13.37, 1.337, 70.76
13.38, 1.338, 74.87
13.39, 1.339, 74.11
13.40, 1.340, 73.81
13.41, 1.341, 81.39
13.42, 1.342, 76.15
13.43, 1.343, 81.93
13.44, 1.344, 81.66
13.45, 1.345, 82.68
13.46, 1.346, 83.26
13.47, 1.347, 84.13
13.48, 1.348, 83.50
13.49, 1.349, 89.00
13.50, 1.350, 85.12
13.51, 1.351, 89.79
13.52, 1.352, 89.52
13.53, 1.353, 92.33
13.54, 1.354, 93.37
13.55, 1.355, 95.15
13.56, 1.356, 96.61
13.57, 1.357, 99.53
13.58, 1.358, 95.82
13.59, 1.359, 104.6
13.60, 1.360, 99.33
13.61, 1.361, 105.3
13.62, 1.362, 101.5
13.63, 1.363, 108.5
13.64, 1.364, 108.2
13.65, 1.365, 107.3
13.66, 1.366, 104.8
13.67, 1.367, 111.6
13.68, 1.368, 113.5
13.69, 1.369, 112.2
13.70, 1.370, 116.2
13.71, 1.371, 114.9
13.72, 1.372, 117.2
13.73, 1.373, 119.1
13.74, 1.374, 121.3
13.75, 1.375, 125.0
13.76, 1.376, 121.7
13.77, 1.377, 121.8
13.78, 1.378, 125.6
13.79, 1.379, 128.9
13.80, 1.380, 129.6
13.81, 1.381, 130.2
13.82, 1.382, 133.4
13.83, 1.383, 129.2
13.84, 1.384, 134.1
13.85, 1.385, 133.8
13.86, 1.386, 135.6
13.87, 1.387, 133.4
13.88, 1.388, 133.9
13.89, 1.389, 137.6
13.90, 1.390, 141.3
13.91, 1.391, 136.5
13.92, 1.392, 140.2
13.93, 1.393, 140.4
13.94, 1.394, 141.8
13.95, 1.395, 138.4
13.96, 1.396, 140.7
13.97, 1.397, 141.8
13.98, 1.398, 143.8
13.99, 1.399, 144.2
14.00, 1.400, 143.4
14.01, 1.401, 145.4
14.02, 1.402, 146.3
14.03, 1.403, 145.7
14.04, 1.404, 148.4
14.05, 1.405, 146.2
14.06, 1.406, 149.2
14.07, 1.407, 146.2
14.08, 1.408, 145.4
14.09, 1.409, 146.6
14.10, 1.410, 145.1
14.11, 1.411, 148.9
14.12, 1.412, 146.5
14.13, 1.413, 147.7
14.14, 1.414, 146.6
14.15, 1.415, 149.2
14.16, 1.416, 148.6
14.17, 1.417, 150.2
14.18, 1.418, 146.3
14.19, 1.419, 148.2
14.20, 1.420, 148.5
14.21, 1.421, 145.8
14.22, 1.422, 147.2
14.23, 1.423, 143.1
14.24, 1.424, 142.4
14.25, 1.425, 145.3
14.26, 1.426, 139.2
14.27, 1.427, 140.6
14.28, 1.428, 141.6
14.29, 1.429, 139.7
14.30, 1.430, 137.3
14.31, 1.431, 138.1
14.32, 1.432, 137.4
14.33, 1.433, 135.2
14.34, 1.434, 135.7
14.35, 1.435, 132.6
14.36, 1.436, 132.2
14.37, 1.437, 131.7
14.38, 1.438, 131.0
14.39, 1.439, 124.8
14.40, 1.440, 126.4
14.41, 1.441, 124.7
14.42, 1.442, 125.4
14.43, 1.443, 121.0
14.44, 1.444, 122.4
14.45, 1.445, 118.2
14.46, 1.446, 122.3
14.47, 1.447, 115.8
14.48, 1.448, 117.2
14.49, 1.449, 115.7
14.50, 1.450, 114.8
14.51, 1.451, 111.7
14.52, 1.452, 111.6
14.53, 1.453, 110.8
14.54, 1.454, 110.3
14.55, 1.455, 108.3
14.56, 1.456, 109.9
14.57, 1.457, 108.1
14.58, 1.458, 106.6
14.59, 1.459, 106.3
14.60, 1.460, 106.6
14.61, 1.461, 106.4
14.62, 1.462, 103.3
14.63, 1.463, 102.4
14.64, 1.464, 101.6
14.65, 1.465, 103.1
14.66, 1.466, 98.03
14.67, 1.467, 100.6
14.68, 1.468, 98.37
14.69, 1.469, 102.7
14.70, 1.470, 95.41
14.71, 1.471, 97.05
14.72, 1.472, 95.98
14.73, 1.473, 95.76
14.74, 1.474, 92.76
14.75, 1.475, 95.28
14.76, 1.476, 94.70
14.77, 1.477, 93.72
14.78, 1.478, 90.78
14.79, 1.479, 91.93
14.80, 1.480, 90.07
14.81, 1.481, 91.41
14.82, 1.482, 89.42
14.83, 1.483, 92.63
14.84, 1.484, 87.15
14.85, 1.485, 89.75
14.86, 1.486, 87.13
14.87, 1.487, 89.46
14.88, 1.488, 86.64
14.89, 1.489, 85.90
14.90, 1.490, 87.54
14.91, 1.491, 85.70
14.92, 1.492, 85.04
14.93, 1.493, 86.66
14.94, 1.494, 83.08
14.95, 1.495, 85.22
14.96, 1.496, 83.38
14.97, 1.497, 83.84
14.98, 1.498, 82.71
14.99, 1.499, 86.59
15.00, 1.500, 83.65
15.01, 1.501, 80.15
15.02, 1.502, 80.71
15.03, 1.503, 85.42
15.04, 1.504, 82.61
15.05, 1.505, 82.31
15.06, 1.506, 84.08
15.07, 1.507, 83.10
15.08, 1.508, 81.88
15.09, 1.509, 81.08
15.10, 1.510, 77.85
15.11, 1.511, 82.05
15.12, 1.512, 79.84
15.13, 1.513, 80.73
15.14, 1.514, 80.10
15.15, 1.515, 79.10
15.16, 1.516, 79.21
15.17, 1.517, 79.52
15.18, 1.518, 78.13
15.19, 1.519, 78.61
15.20, 1.520, 78.36
15.21, 1.521, 78.32
15.22, 1.522, 74.77
15.23, 1.523, 78.13
15.24, 1.524, 77.99
15.25, 1.525, 78.84
15.26, 1.526, 77.45
15.27, 1.527, 78.16
15.28, 1.528, 77.32
15.29, 1.529, 76.48
15.30, 1.530, 75.18
15.31, 1.531, 78.57
15.32, 1.532, 76.49
15.33, 1.533, 75.36
15.34, 1.534, 76.15
15.35, 1.535, 76.27
15.36, 1.536, 74.90
15.37, 1.537, 73.30
15.38, 1.538, 75.56
15.39, 1.539, 76.78
15.40, 1.540, 75.16
15.41, 1.541, 79.03
15.42, 1.542, 76.83
15.43, 1.543, 76.41
15.44, 1.544, 77.94
15.45, 1.545, 77.88
15.46, 1.546, 75.53
15.47, 1.547, 75.51
15.48, 1.548, 74.64
15.49, 1.549, 77.26
15.50, 1.550, 75.61
15.51, 1.551, 73.00
15.52, 1.552, 75.88
15.53, 1.553, 73.05
15.54, 1.554, 76.42
15.55, 1.555, 73.45
15.56, 1.556, 76.54
15.57, 1.557, 75.37
15.58, 1.558, 74.98
15.59, 1.559, 74.17
15.60, 1.560, 74.48
15.61, 1.561, 72.91
15.62, 1.562, 73.65
15.63, 1.563, 73.35
15.64, 1.564, 70.67
15.65, 1.565, 74.40
15.66, 1.566, 72.33
15.67, 1.567, 73.23
15.68, 1.568, 74.58
15.69, 1.569, 72.76
15.70, 1.570, 72.24
15.71, 1.571, 72.38
15.72, 1.572, 71.62
15.73, 1.573, 75.24
15.74, 1.574, 70.14
15.75, 1.575, 73.86
15.76, 1.576, 69.75
15.77, 1.577, 74.24
15.78, 1.578, 73.67
15.79, 1.579, 74.16
15.80, 1.580, 73.19
15.81, 1.581, 73.56
15.82, 1.582, 71.26
15.83, 1.583, 75.80
15.84, 1.584, 72.09
15.85, 1.585, 72.97
15.86, 1.586, 76.01
15.87, 1.587, 75.79
15.88, 1.588, 72.04
15.89, 1.589, 75.07
15.90, 1.590, 74.55
15.91, 1.591, 77.99
15.92, 1.592, 74.42
15.93, 1.593, 74.39
15.94, 1.594, 74.90
15.95, 1.595, 74.46
15.96, 1.596, 73.17
15.97, 1.597, 75.18
15.98, 1.598, 72.12
15.99, 1.599, 75.93
16.00, 1.600, 73.48
16.01, 1.601, 72.31
16.02, 1.602, 72.58
16.03, 1.603, 73.70
16.04, 1.604, 73.22
16.05, 1.605, 74.17
16.06, 1.606, 73.10
16.07, 1.607, 74.06
16.08, 1.608, 74.80
16.09, 1.609, 72.59
16.10, 1.610, 74.33
16.11, 1.611, 71.99
16.12, 1.612, 74.22
16.13, 1.613, 72.57
16.14, 1.614, 73.25
16.15, 1.615, 74.72
16.16, 1.616, 74.03
16.17, 1.617, 71.34
16.18, 1.618, 75.00
16.19, 1.619, 72.12
16.20, 1.620, 75.43
16.21, 1.621, 73.87
16.22, 1.622, 74.22
16.23, 1.623, 74.77
16.24, 1.624, 75.86
16.25, 1.625, 74.30
16.26, 1.626, 74.08
16.27, 1.627, 76.00
16.28, 1.628, 76.52
16.29, 1.629, 73.64
16.30, 1.630, 74.16
16.31, 1.631, 75.43
16.32, 1.632, 76.06
16.33, 1.633, 74.29
16.34, 1.634, 75.70
16.35, 1.635, 75.93
16.36, 1.636, 74.51
16.37, 1.637, 74.35
16.38, 1.638, 74.92
16.39, 1.639, 76.87
16.40, 1.640, 74.16
16.41, 1.641, 73.55
16.42, 1.642, 75.74
16.43, 1.643, 74.76
16.44, 1.644, 76.08
16.45, 1.645, 75.32
16.46, 1.646, 76.60
16.47, 1.647, 76.49
16.48, 1.648, 78.29
16.49, 1.649, 75.07
16.50, 1.650, 79.15
16.51, 1.651, 75.63
16.52, 1.652, 78.05
16.53, 1.653, 74.97
16.54, 1.654, 76.14
16.55, 1.655, 77.33
16.56, 1.656, 78.79
16.57, 1.657, 76.66
16.58, 1.658, 77.34
16.59, 1.659, 76.93
16.60, 1.660, 79.08
16.61, 1.661, 78.42
16.62, 1.662, 77.65
16.63, 1.663, 77.29
16.64, 1.664, 78.64
16.65, 1.665, 76.87
16.66, 1.666, 81.33
16.67, 1.667, 79.97
16.68, 1.668, 82.02
16.69, 1.669, 79.99
16.70, 1.670, 81.27
16.71, 1.671, 79.81
16.72, 1.672, 82.31
16.73, 1.673, 80.43
16.74, 1.674, 83.30
16.75, 1.675, 78.67
16.76, 1.676, 84.61
16.77, 1.677, 78.59
16.78, 1.678, 82.94
16.79, 1.679, 81.53
16.80, 1.680, 83.24
16.81, 1.681, 80.09
16.82, 1.682, 84.46
16.83, 1.683, 82.21
16.84, 1.684, 83.41
16.85, 1.685, 80.12
16.86, 1.686, 86.01
16.87, 1.687, 82.96
16.88, 1.688, 86.20
16.89, 1.689, 81.34
16.90, 1.690, 84.61
16.91, 1.691, 83.85
16.92, 1.692, 87.25
16.93, 1.693, 82.33
16.94, 1.694, 85.83
16.95, 1.695, 84.08
16.96, 1.696, 84.60
16.97, 1.697, 83.55
16.98, 1.698, 85.65
16.99, 1.699, 84.86
17.00, 1.700, 86.17
17.01, 1.701, 85.59
17.02, 1.702, 85.83
17.03, 1.703, 85.09
17.04, 1.704, 84.52
17.05, 1.705, 86.05
17.06, 1.706, 87.90
17.07, 1.707, 85.95
17.08, 1.708, 88.66
17.09, 1.709, 86.57
17.10, 1.710, 88.43
17.11, 1.711, 90.72
17.12, 1.712, 86.55
17.13, 1.713, 88.97
17.14, 1.714, 90.81
17.15, 1.715, 92.41
17.16, 1.716, 89.19
17.17, 1.717, 90.58
17.18, 1.718, 91.66
17.19, 1.719, 90.96
17.20, 1.720, 89.15
17.21, 1.721, 91.00
17.22, 1.722, 89.72
17.23, 1.723, 93.23
17.24, 1.724, 91.95
17.25, 1.725, 92.85
17.26, 1.726, 94.23
17.27, 1.727, 93.29
17.28, 1.728, 94.39
17.29, 1.729, 96.01
17.30, 1.730, 94.59
17.31, 1.731, 95.74
17.32, 1.732, 93.19
17.33, 1.733, 94.39
17.34, 1.734, 96.91
17.35, 1.735, 96.71
17.36, 1.736, 95.74
17.37, 1.737, 95.96
17.38, 1.738, 97.16
17.39, 1.739, 96.19
17.40, 1.740, 99.12
17.41, 1.741, 96.67
17.42, 1.742, 99.18
17.43, 1.743, 98.56
17.44, 1.744, 99.99
17.45, 1.745, 98.78
17.46, 1.746, 100.7
17.47, 1.747, 97.02
17.48, 1.748, 101.4
17.49, 1.749, 98.56
17.50, 1.750, 101.4
17.51, 1.751, 98.85
17.52, 1.752, 102.3
17.53, 1.753, 103.1
17.54, 1.754, 102.2
17.55, 1.755, 101.8
17.56, 1.756, 106.6
17.57, 1.757, 104.7
17.58, 1.758, 105.4
17.59, 1.759, 102.1
17.60, 1.760, 107.1
17.61, 1.761, 104.3
17.62, 1.762, 108.6
17.63, 1.763, 106.0
17.64, 1.764, 109.1
17.65, 1.765, 107.8
17.66, 1.766, 109.0
17.67, 1.767, 111.3
17.68, 1.768, 111.6
17.69, 1.769, 108.0
17.70, 1.770, 111.8
17.71, 1.771, 111.5
17.72, 1.772, 114.6
17.73, 1.773, 112.0
17.74, 1.774, 114.2
17.75, 1.775, 111.6
17.76, 1.776, 113.6
17.77, 1.777, 112.6
17.78, 1.778, 115.7
17.79, 1.779, 116.2
17.80, 1.780, 113.7
17.81, 1.781, 116.1
17.82, 1.782, 119.2
17.83, 1.783, 116.8
17.84, 1.784, 120.2
17.85, 1.785, 116.8
17.86, 1.786, 118.6
17.87, 1.787, 119.1
17.88, 1.788, 120.8
17.89, 1.789, 125.6
17.90, 1.790, 122.8
17.91, 1.791, 119.9
17.92, 1.792, 124.4
17.93, 1.793, 127.6
17.94, 1.794, 126.0
17.95, 1.795, 126.3
17.96, 1.796, 127.7
17.97, 1.797, 129.0
17.98, 1.798, 127.9
17.99, 1.799, 128.6
18.00, 1.800, 131.8
18.01, 1.801, 131.0
18.02, 1.802, 132.6
18.03, 1.803, 131.4
18.04, 1.804, 131.1
18.05, 1.805, 133.5
18.06, 1.806, 134.9
18.07, 1.807, 136.7
18.08, 1.808, 136.4
18.09, 1.809, 135.9
18.10, 1.810, 138.7
18.11, 1.811, 139.9
18.12, 1.812, 138.3
18.13, 1.813, 137.9
18.14, 1.814, 137.4
18.15, 1.815, 141.3
18.16, 1.816, 141.4
18.17, 1.817, 144.8
18.18, 1.818, 141.1
18.19, 1.819, 143.4
18.20, 1.820, 145.5
18.21, 1.821, 145.2
18.22, 1.822, 148.0
18.23, 1.823, 147.8
18.24, 1.824, 145.6
18.25, 1.825, 152.2
18.26, 1.826, 149.5
18.27, 1.827, 153.6
18.28, 1.828, 148.7
18.29, 1.829, 154.1
18.30, 1.830, 151.9
18.31, 1.831, 154.3
18.32, 1.832, 153.8
18.33, 1.833, 153.5
18.34, 1.834, 157.8
18.35, 1.835, 157.8
18.36, 1.836, 158.3
18.37, 1.837, 160.3
18.38, 1.838, 162.6
18.39, 1.839, 161.1
18.40, 1.840, 162.2
18.41, 1.841, 165.0
18.42, 1.842, 165.1
18.43, 1.843, 167.0
18.44, 1.844, 169.1
18.45, 1.845, 167.8
18.46, 1.846, 167.3
18.47, 1.847, 170.0
18.48, 1.848, 174.2
18.49, 1.849, 172.8
18.50, 1.850, 172.8
18.51, 1.851, 174.8
18.52, 1.852, 177.4
18.53, 1.853, 175.9
18.54, 1.854, 178.7
18.55, 1.855, 180.7
18.56, 1.856, 183.0
18.57, 1.857, 180.4
18.58, 1.858, 182.6
18.59, 1.859, 183.3
18.60, 1.860, 186.5
18.61, 1.861, 184.3
18.62, 1.862, 188.6
18.63, 1.863, 186.9
18.64, 1.864, 191.0
18.65, 1.865, 188.5
18.66, 1.866, 192.6
18.67, 1.867, 195.9
18.68, 1.868, 192.3
18.69, 1.869, 197.0
18.70, 1.870, 198.2
18.71, 1.871, 199.2
18.72, 1.872, 197.4
18.73, 1.873, 202.1
18.74, 1.874, 201.5
18.75, 1.875, 202.6
18.76, 1.876, 203.9
18.77, 1.877, 206.5
18.78, 1.878, 206.0
18.79, 1.879, 209.3
18.80, 1.880, 209.6
18.81, 1.881, 211.7
18.82, 1.882, 210.7
18.83, 1.883, 216.6
18.84, 1.884, 214.4
18.85, 1.885, 217.8
18.86, 1.886, 215.7
18.87, 1.887, 220.9
18.88, 1.888, 219.7
18.89, 1.889, 222.1
18.90, 1.890, 224.1
18.91, 1.891, 225.2
18.92, 1.892, 224.1
18.93, 1.893, 224.9
18.94, 1.894, 230.7
18.95, 1.895, 231.3
18.96, 1.896, 231.8
18.97, 1.897, 230.0
18.98, 1.898, 234.7
18.99, 1.899, 235.8
19.00, 1.900, 234.8
19.01, 1.901, 239.9
19.02, 1.902, 242.6
19.03, 1.903, 240.8
19.04, 1.904, 243.4
19.05, 1.905, 243.7
19.06, 1.906, 249.2
19.07, 1.907, 247.1
19.08, 1.908, 247.8
19.09, 1.909, 249.6
19.10, 1.910, 252.5
19.11, 1.911, 254.7
19.12, 1.912, 257.7
19.13, 1.913, 256.0
19.14, 1.914, 261.7
19.15, 1.915, 260.1
19.16, 1.916, 262.8
19.17, 1.917, 262.5
19.18, 1.918, 267.1
19.19, 1.919, 267.0
19.20, 1.920, 272.4
19.21, 1.921, 272.3
19.22, 1.922, 276.4
19.23, 1.923, 273.0
19.24, 1.924, 275.6
19.25, 1.925, 280.4
19.26, 1.926, 283.0
19.27, 1.927, 282.0
19.28, 1.928, 280.7
19.29, 1.929, 287.5
19.30, 1.930, 286.9
19.31, 1.931, 287.7
19.32, 1.932, 290.6
19.33, 1.933, 291.3
19.34, 1.934, 295.4
19.35, 1.935, 294.6
19.36, 1.936, 294.9
19.37, 1.937, 301.4
19.38, 1.938, 301.2
19.39, 1.939, 301.3
19.40, 1.940, 301.8
19.41, 1.941, 304.9
19.42, 1.942, 308.0
19.43, 1.943, 308.3
19.44, 1.944, 310.5
19.45, 1.945, 313.7
19.46, 1.946, 313.1
19.47, 1.947, 318.0
19.48, 1.948, 316.4
19.49, 1.949, 317.2
19.50, 1.950, 321.6
19.51, 1.951, 322.5
19.52, 1.952, 325.6
19.53, 1.953, 326.9
19.54, 1.954, 328.8
19.55, 1.955, 327.7
19.56, 1.956, 334.0
19.57, 1.957, 332.5
19.58, 1.958, 338.7
19.59, 1.959, 336.0
19.60, 1.960, 343.5
19.61, 1.961, 340.8
19.62, 1.962, 345.0
19.63, 1.963, 346.5
19.64, 1.964, 351.1
19.65, 1.965, 348.5
19.66, 1.966, 353.9
19.67, 1.967, 353.8
19.68, 1.968, 360.2
19.69, 1.969, 360.9
19.70, 1.970, 361.2
19.71, 1.971, 361.4
19.72, 1.972, 366.9
19.73, 1.973, 367.2
19.74, 1.974, 369.4
19.75, 1.975, 369.8
19.76, 1.976, 373.5
19.77, 1.977, 375.8
19.78, 1.978, 380.3
19.79, 1.979, 378.0
19.80, 1.980, 381.1
19.81, 1.981, 380.7
19.82, 1.982, 380.8
19.83, 1.983, 382.6
19.84, 1.984, 382.4
19.85, 1.985, 381.8
19.86, 1.986, 379.6
19.87, 1.987, 379.1
19.88, 1.988, 378.9
19.89, 1.989, 377.9
19.90, 1.990, 377.5
19.91, 1.991, 376.9
19.92, 1.992, 375.8
19.93, 1.993, 375.9
19.94, 1.994, 376.3
19.95, 1.995, 375.2
19.96, 1.996, 373.7
19.97, 1.997, 373.1
19.98, 1.998, 372.1
19.99, 1.999, 372.1
20.00, 2.000, 370.4
20.01, 1.999, 370.2
20.02, 1.998, 369.7
20.03, 1.997, 369.5
20.04, 1.996, 368.6
20.05, 1.995, 368.0
20.06, 1.994, 367.2
20.07, 1.993, 366.1
20.08, 1.992, 367.1
20.09, 1.991, 365.5
20.10, 1.990, 365.1
20.11, 1.989, 365.4
20.12, 1.988, 363.9
20.13, 1.987, 363.9
20.14, 1.986, 363.9
20.15, 1.985, 362.3
20.16, 1.984, 361.1
20.17, 1.983, 360.6
20.18, 1.982, 361.5
20.19, 1.981, 356.7
20.20, 1.980, 356.1
20.21, 1.979, 353.2
20.22, 1.978, 351.4
20.23, 1.977, 345.5
20.24, 1.976, 345.4
20.25, 1.975, 340.7
20.26, 1.974, 338.4
20.27, 1.973, 335.2
20.28, 1.972, 332.8
20.29, 1.971, 327.6
20.30, 1.970, 327.9
20.31, 1.969, 323.1
20.32, 1.968, 322.8
20.33, 1.967, 319.4
20.34, 1.966, 314.3
20.35, 1.965, 313.5
20.36, 1.964, 312.8
20.37, 1.963, 308.2
20.38, 1.962, 304.9
20.39, 1.961, 303.4
20.40, 1.960, 298.2
20.41, 1.959, 297.0
20.42, 1.958, 294.2
20.43, 1.957, 288.3
20.44, 1.956, 287.5
20.45, 1.955, 283.9
20.46, 1.954, 281.7
20.47, 1.953, 283.1
20.48, 1.952, 275.9
20.49, 1.951, 276.3
20.50, 1.950, 272.5
20.51, 1.949, 270.1
20.52, 1.948, 267.4
20.53, 1.947, 264.5
20.54, 1.946, 263.4
20.55, 1.945, 261.4
20.56, 1.944, 257.1
20.57, 1.943, 252.3
20.58, 1.942, 255.6
20.59, 1.941, 248.5
20.60, 1.940, 246.4
20.61, 1.939, 246.2
20.62, 1.938, 244.7
20.63, 1.937, 239.8
20.64, 1.936, 242.6
20.65, 1.935, 237.7
20.66, 1.934, 236.7
20.67, 1.933, 233.6
20.68, 1.932, 231.4
20.69, 1.931, 227.1
20.70, 1.930, 228.8
20.71, 1.929, 224.9
20.72, 1.928, 223.5
20.73, 1.927, 219.0
20.74, 1.926, 221.2
20.75, 1.925, 216.8
20.76, 1.924, 217.0
20.77, 1.923, 210.9
20.78, 1.922, 211.4
20.79, 1.921, 209.5
20.80, 1.920, 210.4
20.81, 1.919, 203.9
20.82, 1.918, 204.0
20.83, 1.917, 202.8
20.84, 1.916, 199.7
20.85, 1.915, 196.8
20.86, 1.914, 195.7
20.87, 1.913, 193.1
20.88, 1.912, 190.6
20.89, 1.911, 191.3
20.90, 1.910, 188.1
20.91, 1.909, 185.1
20.92, 1.908, 184.5
20.93, 1.907, 182.5
20.94, 1.906, 179.5
20.95, 1.905, 178.2
20.96, 1.904, 176.1
20.97, 1.903, 174.0
20.98, 1.902, 171.8
20.99, 1.901, 172.9
21.00, 1.900, 170.7
21.01, 1.899, 167.7
21.02, 1.898, 167.9
21.03, 1.897, 166.2
21.04, 1.896, 166.0
21.05, 1.895, 162.9
21.06, 1.894, 161.5
21.07, 1.893, 160.7
21.08, 1.892, 157.6
21.09, 1.891, 156.7
21.10, 1.890, 155.0
21.11, 1.889, 155.0
21.12, 1.888, 153.1
21.13, 1.887, 151.1
21.14, 1.886, 150.5
21.15, 1.885, 149.9
21.16, 1.884, 145.1
21.17, 1.883, 146.2
21.18, 1.882, 143.4
21.19, 1.881, 144.2
21.20, 1.880, 141.2
21.21, 1.879, 140.9
21.22, 1.878, 138.5
21.23, 1.877, 138.5
21.24, 1.876, 136.0
21.25, 1.875, 137.4
21.26, 1.874, 134.3
21.27, 1.873, 135.5
21.28, 1.872, 130.6
21.29, 1.871, 132.0
21.30, 1.870, 129.4
21.31, 1.869, 128.5
21.32, 1.868, 125.9
21.33, 1.867, 126.7
21.34, 1.866, 122.3
21.35, 1.865, 123.7
21.36, 1.864, 121.2
21.37, 1.863, 120.3
21.38, 1.862, 120.2
21.39, 1.861, 119.8
21.40, 1.860, 117.1
21.41, 1.859, 117.1
21.42, 1.858, 114.5
21.43, 1.857, 113.8
21.44, 1.856, 112.4
21.45, 1.855, 113.8
21.46, 1.854, 108.9
21.47, 1.853, 111.1
21.48, 1.852, 106.7
21.49, 1.851, 111.1
21.50, 1.850, 107.5
21.51, 1.849, 108.1
21.52, 1.848, 105.6
21.53, 1.847, 105.3
21.54, 1.846, 104.8
21.55, 1.845, 103.1
21.56, 1.844, 101.0
21.57, 1.843, 101.1
21.58, 1.842, 99.90
21.59, 1.841, 99.81
21.60, 1.840, 96.73
21.61, 1.839, 98.28
21.62, 1.838, 94.57
21.63, 1.837, 97.97
21.64, 1.836, 92.88
21.65, 1.835, 94.27
21.66, 1.834, 90.80
21.67, 1.833, 91.79
21.68, 1.832, 91.82
21.69, 1.831, 90.25
21.70, 1.830, 87.27
21.71, 1.829, 89.43
21.72, 1.828, 87.06
21.73, 1.827, 88.23
21.74, 1.826, 84.49
21.75, 1.825, 85.39
21.76, 1.824, 81.94
21.77, 1.823, 82.91
21.78, 1.822, 81.91
21.79, 1.821, 81.49
21.80, 1.820, 79.58
21.81, 1.819, 81.11
21.82, 1.818, 79.42
21.83, 1.817, 80.76
21.84, 1.816, 76.27
21.85, 1.815, 77.79
21.86, 1.814, 74.24
21.87, 1.813, 78.58
21.88, 1.812, 75.19
21.89, 1.811, 76.82
21.90, 1.810, 73.68
21.91, 1.809, 74.32
21.92, 1.808, 73.41
21.93, 1.807, 73.50
21.94, 1.806, 71.86
21.95, 1.805, 73.51
21.96, 1.804, 73.03
21.97, 1.803, 71.63
21.98, 1.802, 70.30
21.99, 1.801, 70.00
22.00, 1.800, 69.53
22.01, 1.799, 68.81
22.02, 1.798, 70.83
22.03, 1.797, 67.41
22.04, 1.796, 69.41
22.05, 1.795, 66.97
22.06, 1.794, 67.57
22.07, 1.793, 66.01
22.08, 1.792, 67.43
22.09, 1.791, 64.20
22.10, 1.790, 65.56
22.11, 1.789, 62.02
22.12, 1.788, 64.25
22.13, 1.787, 61.14
22.14, 1.786, 62.79
22.15, 1.785, 59.82
22.16, 1.784, 61.23
22.17, 1.783, 58.00
22.18, 1.782, 59.01
22.19, 1.781, 56.10
22.20, 1.780, 58.81
22.21, 1.779, 58.59
22.22, 1.778, 59.17
22.23, 1.777, 56.10
22.24, 1.776, 59.39
22.25, 1.775, 55.00
22.26, 1.774, 57.21
22.27, 1.773, 53.74
22.28, 1.772, 55.57
22.29, 1.771, 54.05
22.30, 1.770, 56.18
22.31, 1.769, 54.70
22.32, 1.768, 53.66
22.33, 1.767, 52.43
22.34, 1.766, 54.00
22.35, 1.765, 53.60
22.36, 1.764, 53.38
22.37, 1.763, 51.92
22.38, 1.762, 51.77
22.39, 1.761, 50.19
22.40, 1.760, 52.74
22.41, 1.759, 50.28
22.42, 1.758, 50.25
22.43, 1.757, 51.00
22.44, 1.756, 50.05
22.45, 1.755, 50.14
22.46, 1.754, 48.72
22.47, 1.753, 50.46
22.48, 1.752, 47.53
22.49, 1.751, 48.28
22.50, 1.750, 45.24
22.51, 1.749, 50.22
22.52, 1.748, 45.79
22.53, 1.747, 49.32
22.54, 1.746, 45.41
22.55, 1.745, 47.14
22.56, 1.744, 42.82
22.57, 1.743, 45.48
22.58, 1.742, 44.13
22.59, 1.741, 43.80
22.60, 1.740, 42.13
22.61, 1.739, 45.90
22.62, 1.738, 43.73
22.63, 1.737, 45.72
22.64, 1.736, 42.47
22.65, 1.735, 44.05
22.66, 1.734, 42.48
22.67, 1.733, 42.59
22.68, 1.732, 40.91
22.69, 1.731, 43.79
22.70, 1.730, 42.34
22.71, 1.729, 42.81
22.72, 1.728, 40.14
22.73, 1.727, 42.27
22.74, 1.726, 41.80
22.75, 1.725, 42.49
22.76, 1.724, 39.49
22.77, 1.723, 41.20
22.78, 1.722, 40.31
22.79, 1.721, 40.14
22.80, 1.720, 38.01
22.81, 1.719, 41.59
22.82, 1.718, 37.60
22.83, 1.717, 39.48
22.84, 1.716, 39.27
22.85, 1.715, 40.05
22.86, 1.714, 38.32
22.87, 1.713, 39.43
22.88, 1.712, 38.13
22.89, 1.711, 38.83
22.90, 1.710, 36.13
22.91, 1.709, 38.91
22.92, 1.708, 37.02
22.93, 1.707, 38.24
22.94, 1.706, 35.71
22.95, 1.705, 38.65
22.96, 1.704, 35.68
22.97, 1.703, 35.94
22.98, 1.702, 36.41
22.99, 1.701, 36.34
23.00, 1.700, 34.07
23.01, 1.699, 35.23
23.02, 1.698, 34.54
23.03, 1.697, 35.48
23.04, 1.696, 32.35
23.05, 1.695, 32.20
23.06, 1.694, 33.04
23.07, 1.693, 36.34
23.08, 1.692, 34.52
23.09, 1.691, 35.34
23.10, 1.690, 33.13
23.11, 1.689, 34.36
23.12, 1.688, 32.34
23.13, 1.687, 35.00
23.14, 1.686, 31.90
23.15, 1.685, 36.17
23.16, 1.684, 31.64
23.17, 1.683, 34.56
23.18, 1.682, 32.83
23.19, 1.681, 32.69
23.20, 1.680, 29.77
23.21, 1.679, 32.77
23.22, 1.678, 32.92
23.23, 1.677, 33.30
23.24, 1.676, 31.60
23.25, 1.675, 33.02
23.26, 1.674, 32.26
23.27, 1.673, 31.89
23.28, 1.672, 32.60
23.29, 1.671, 33.39
23.30, 1.670, 32.17
23.31, 1.669, 32.04
23.32, 1.668, 31.44
23.33, 1.667, 31.08
23.34, 1.666, 33.22
23.35, 1.665, 30.33
23.36, 1.664, 33.84
23.37, 1.663, 31.04
23.38, 1.662, 33.06
23.39, 1.661, 30.14
23.40, 1.660, 30.82
23.41, 1.659, 27.73
23.42, 1.658, 30.36
23.43, 1.657, 27.39
23.44, 1.656, 31.16
23.45, 1.655, 27.31
23.46, 1.654, 30.64
23.47, 1.653, 30.77
23.48, 1.652, 32.52
23.49, 1.651, 27.57
23.50, 1.650, 30.31
23.51, 1.649, 27.58
23.52, 1.648, 27.87
23.53, 1.647, 29.84
23.54, 1.646, 29.16
23.55, 1.645, 26.90
23.56, 1.644, 30.33
23.57, 1.643, 29.42
23.58, 1.642, 30.60
23.59, 1.641, 25.83
23.60, 1.640, 28.15
23.61, 1.639, 26.55
23.62, 1.638, 27.53
23.63, 1.637, 27.07
23.64, 1.636, 26.44
23.65, 1.635, 27.60
23.66, 1.634, 28.28
23.67, 1.633, 29.99
23.68, 1.632, 26.57
23.69, 1.631, 31.08
23.70, 1.630, 27.41
23.71, 1.629, 28.54
23.72, 1.628, 28.32
23.73, 1.627, 29.17
23.74, 1.626, 28.02
23.75, 1.625, 27.69
23.76, 1.624, 26.44
23.77, 1.623, 26.23
23.78, 1.622, 25.16
23.79, 1.621, 28.57
23.80, 1.620, 26.11
23.81, 1.619, 26.72
23.82, 1.618, 25.85
23.83, 1.617, 27.75
23.84, 1.616, 23.74
23.85, 1.615, 25.18
23.86, 1.614, 27.25
23.87, 1.613, 26.68
23.88, 1.612, 24.89
23.89, 1.611, 27.18
23.90, 1.610, 25.75
23.91, 1.609, 26.49
23.92, 1.608, 25.19
23.93, 1.607, 25.20
23.94, 1.606, 26.37
23.95, 1.605, 24.88
23.96, 1.604, 26.79
23.97, 1.603, 24.93
23.98, 1.602, 27.14
23.99, 1.601, 24.86
24.00, 1.600, 25.18
24.01, 1.599, 24.09
24.02, 1.598, 25.95
24.03, 1.597, 24.65
24.04, 1.596, 27.89
24.05, 1.595, 25.89
24.06, 1.594, 27.92
24.07, 1.593, 23.83
24.08, 1.592, 23.54
24.09, 1.591, 25.43
24.10, 1.590, 26.17
24.11, 1.589, 25.70
24.12, 1.588, 24.16
24.13, 1.587, 27.08
24.14, 1.586, 23.78
24.15, 1.585, 24.93
24.16, 1.584, 25.11
24.17, 1.583, 25.27
24.18, 1.582, 22.14
24.19, 1.581, 26.99
24.20, 1.580, 22.96
24.21, 1.579, 26.41
24.22, 1.578, 21.85
24.23, 1.577, 22.80
24.24, 1.576, 23.93
24.25, 1.575, 24.43
24.26, 1.574, 24.02
24.27, 1.573, 22.32
24.28, 1.572, 25.35
24.29, 1.571, 23.87
24.30, 1.570, 23.68
24.31, 1.569, 21.78
24.32, 1.568, 23.52
24.33, 1.567, 24.03
24.34, 1.566, 22.56
24.35, 1.565, 23.11
24.36, 1.564, 23.09
24.37, 1.563, 23.86
24.38, 1.562, 22.74
24.39, 1.561, 25.14
24.40, 1.560, 23.93
24.41, 1.559, 21.35
24.42, 1.558, 22.79
24.43, 1.557, 22.52
24.44, 1.556, 24.63
24.45, 1.555, 23.39
24.46, 1.554, 21.35
24.47, 1.553, 23.01
24.48, 1.552, 22.90
24.49, 1.551, 24.79
24.50, 1.550, 20.49
24.51, 1.549, 22.37
24.52, 1.548, 23.60
24.53, 1.547, 23.90
24.54, 1.546, 20.09
24.55, 1.545, 22.27
24.56, 1.544, 23.31
24.57, 1.543, 24.71
24.58, 1.542, 21.39
24.59, 1.541, 23.60
24.60, 1.540, 24.69
24.61, 1.539, 21.43
24.62, 1.538, 19.80
24.63, 1.537, 21.85
24.64, 1.536, 24.35
24.65, 1.535, 24.26
24.66, 1.534, 19.71
24.67, 1.533, 20.52
24.68, 1.532, 23.04
24.69, 1.531, 21.77
24.70, 1.530, 18.99
24.71, 1.529, 20.00
24.72, 1.528, 19.57
24.73, 1.527, 20.14
24.74, 1.526, 21.44
24.75, 1.525, 21.24
24.76, 1.524, 21.12
24.77, 1.523, 21.62
24.78, 1.522, 20.94
24.79, 1.521, 21.45
24.80, 1.520, 20.30
24.81, 1.519, 23.52
24.82, 1.518, 20.14
24.83, 1.517, 22.36
24.84, 1.516, 20.73
24.85, 1.515, 22.23
24.86, 1.514, 18.93
24.87, 1.513, 22.88
24.88, 1.512, 19.01
24.89, 1.511, 20.37
24.90, 1.510, 18.83
24.91, 1.509, 22.90
24.92, 1.508, 20.24
24.93, 1.507, 22.46
24.94, 1.506, 21.53
24.95, 1.505, 22.21
24.96, 1.504, 20.39
24.97, 1.503, 21.96
24.98, 1.502, 20.83
24.99, 1.501, 21.14
25.00, 1.500, 20.88
25.01, 1.499, 23.17
25.02, 1.498, 20.55
25.03, 1.497, 21.76
25.04, 1.496, 22.96
25.05, 1.495, 20.17
25.06, 1.494, 21.38
25.07, 1.493, 19.81
25.08, 1.492, 20.39
25.09, 1.491, 19.01
25.10, 1.490, 20.34
25.11, 1.489, 17.66
25.12, 1.488, 19.84
25.13, 1.487, 18.54
25.14, 1.486, 19.74
25.15, 1.485, 19.57
25.16, 1.484, 20.94
25.17, 1.483, 17.35
25.18, 1.482, 21.42
25.19, 1.481, 17.40
25.20, 1.480, 20.42
25.21, 1.479, 18.39
25.22, 1.478, 21.30
25.23, 1.477, 19.15
25.24, 1.476, 19.50
25.25, 1.475, 20.01
25.26, 1.474, 19.05
25.27, 1.473, 19.26
25.28, 1.472, 19.85
25.29, 1.471, 18.37
25.30, 1.470, 22.12
25.31, 1.469, 19.21
25.32, 1.468, 19.48
25.33, 1.467, 19.07
25.34, 1.466, 20.59
25.35, 1.465, 18.56
25.36, 1.464, 19.65
25.37, 1.463, 19.10
25.38, 1.462, 18.23
25.39, 1.461, 18.46
25.40, 1.460, 19.70
25.41, 1.459, 17.92
25.42, 1.458, 19.24
25.43, 1.457, 18.39
25.44, 1.456, 19.51
25.45, 1.455, 18.16
25.46, 1.454, 19.90
25.47, 1.453, 19.63
25.48, 1.452, 17.42
25.49, 1.451, 17.90
25.50, 1.450, 19.63
25.51, 1.449, 16.85
25.52, 1.448, 17.97
25.53, 1.447, 16.78
25.54, 1.446, 17.82
25.55, 1.445, 16.03
25.56, 1.444, 18.39
25.57, 1.443, 16.81
25.58, 1.442, 17.00
25.59, 1.441, 17.37
25.60, 1.440, 18.58
25.61, 1.439, 17.28
25.62, 1.438, 18.03
25.63, 1.437, 17.21
25.64, 1.436, 18.21
25.65, 1.435, 15.77
25.66, 1.434, 16.30
25.67, 1.433, 17.55
25.68, 1.432, 16.55
25.69, 1.431, 17.32
25.70, 1.430, 15.95
25.71, 1.429, 16.27
25.72, 1.428, 17.56
25.73, 1.427, 14.76
25.74, 1.426, 16.75
25.75, 1.425, 15.74
25.76, 1.424, 14.96
25.77, 1.423, 15.46
25.78, 1.422, 17.09
25.79, 1.421, 14.35
25.80, 1.420, 15.98
25.81, 1.419, 14.48
25.82, 1.418, 13.21
25.83, 1.417, 14.33
25.84, 1.416, 15.13
25.85, 1.415, 15.72
25.86, 1.414, 12.04
25.87, 1.413, 13.07
25.88, 1.412, 14.10
25.89, 1.411, 15.10
25.90, 1.410, 12.60
25.91, 1.409, 15.18
25.92, 1.408, 11.91
25.93, 1.407, 11.97
25.94, 1.406, 13.33
25.95, 1.405, 13.65
25.96, 1.404, 11.90
25.97, 1.403, 13.83
25.98, 1.402, 10.63
25.99, 1.401, 14.29
26.00, 1.400, 9.652
26.01, 1.399, 12.21
26.02, 1.398, 10.12
26.03, 1.397, 14.33
26.04, 1.396, 12.64
26.05, 1.395, 13.67
26.06, 1.394, 10.59
26.07, 1.393, 12.79
26.08, 1.392, 11.42
26.09, 1.391, 11.39
26.10, 1.390, 9.363
26.11, 1.389, 11.34
26.12, 1.388, 8.118
26.13, 1.387, 11.24
26.14, 1.386, 10.90
26.15, 1.385, 12.83
26.16, 1.384, 10.83
26.17, 1.383, 12.47
26.18, 1.382, 10.16
26.19, 1.381, 10.14
26.20, 1.380, 7.535
26.21, 1.379, 11.77
26.22, 1.378, 10.07
26.23, 1.377, 10.71
26.24, 1.376, 8.559
26.25, 1.375, 11.55
26.26, 1.374, 8.078
26.27, 1.373, 12.58
26.28, 1.372, 9.162
26.29, 1.371, 10.25
26.30, 1.370, 9.417
26.31, 1.369, 11.08
26.32, 1.368, 6.325
26.33, 1.367, 9.341
26.34, 1.366, 7.639
26.35, 1.365, 8.834
26.36, 1.364, 5.196
26.37, 1.363, 6.988
26.38, 1.362, 5.230
26.39, 1.361, 6.667
26.40, 1.360, 4.620
26.41, 1.359, 6.601
26.42, 1.358, 6.819
26.43, 1.357, 6.045
26.44, 1.356, 3.411
26.45, 1.355, 6.425
26.46, 1.354, 5.575
26.47, 1.353, 6.917
26.48, 1.352, 4.895
26.49, 1.351, 7.558
26.50, 1.350, 7.079
26.51, 1.349, 7.725
26.52, 1.348, 2.788
26.53, 1.347, 8.464
26.54, 1.346, 4.557
26.55, 1.345, 6.301
26.56, 1.344, 2.869
26.57, 1.343, 4.385
26.58, 1.342, 4.754
26.59, 1.341, 5.137
26.60, 1.340, 4.686
26.61, 1.339, 7.091
26.62, 1.338, 2.282
26.63, 1.337, 8.359
26.64, 1.336, 4.053
26.65, 1.335, 3.808
26.66, 1.334, 2.500
26.67, 1.333, 4.664
26.68, 1.332, 2.374
26.69, 1.331, 3.564
26.70, 1.330, 4.222
26.71, 1.329, 2.107
26.72, 1.328, 0.5802
26.73, 1.327, 2.979
26.74, 1.326, 3.283
26.75, 1.325, 4.900
26.76, 1.324, -0.8599
26.77, 1.323, 1.465
26.78, 1.322, 0.6315
26.79, 1.321, -0.01047
26.80, 1.320, -0.2086
26.81, 1.319, -2.119
26.82, 1.318, -1.262
26.83, 1.317, 0.7716
26.84, 1.316, 0.3164
26.85, 1.315, -0.8615
26.86, 1.314, 1.371
26.87, 1.313, 0.3972
26.88, 1.312, 0.06890
26.89, 1.311, 2.477
26.90, 1.310, 1.220
26.91, 1.309, -0.5969
26.92, 1.308, 2.471
26.93, 1.307, -2.503
26.94, 1.306, -0.4523
26.95, 1.305, 1.023
26.96, 1.304, 0.6451
26.97, 1.303, 0.5392
26.98, 1.302, 1.275
26.99, 1.301, -1.761
27.00, 1.300, -0.2633
27.01, 1.299, 3.249
27.02, 1.298, 1.580
27.03, 1.297, -2.153
27.04, 1.296, 1.229
27.05, 1.295, -2.799
27.06, 1.294, -0.4948
27.07, 1.293, -2.114
27.08, 1.292, 0.4540
27.09, 1.291, -3.778
27.10, 1.290, 1.334
27.11, 1.289, -1.091
27.12, 1.288, 0.03452
27.13, 1.287, -2.774
27.14, 1.286, -1.641
27.15, 1.285, -1.134
27.16, 1.284, -0.7582
27.17, 1.283, -2.987
27.18, 1.282, 0.6131
27.19, 1.281, -2.446
27.20, 1.280, -1.570
27.21, 1.279, -6.049
27.22, 1.278, 0.2390
27.23, 1.277, -5.771
27.24, 1.276, -4.324
27.25, 1.275, -5.875
27.26, 1.274, -3.034
27.27, 1.273, -2.024
27.28, 1.272, -3.002
27.29, 1.271, -6.058
27.30, 1.270, -0.7764
27.31, 1.269, -3.122
27.32, 1.268, -3.213
27.33, 1.267, -1.608
27.34, 1.266, -1.588
27.35, 1.265, -2.625
27.36, 1.264, -2.229
27.37, 1.263, -5.180
27.38, 1.262, -3.099
27.39, 1.261, -4.295
27.40, 1.260, -4.047
27.41, 1.259, -2.637
27.42, 1.258, -4.316
27.43, 1.257, -4.564
27.44, 1.256, -5.946
27.45, 1.255, -4.139
27.46, 1.254, -1.375
27.47, 1.253, -4.354
27.48, 1.252, -4.763
27.49, 1.251, -2.990
27.50, 1.250, -3.516
27.51, 1.249, -3.585
27.52, 1.248, -6.096
27.53, 1.247, -5.756
27.54, 1.246, -3.385
27.55, 1.245, -3.741
27.56, 1.244, -1.662
27.57, 1.243, -3.759
27.58, 1.242, -1.996
27.59, 1.241, -5.193
27.60, 1.240, -2.849
27.61, 1.239, -6.077
27.62, 1.238, -4.266
27.63, 1.237, -6.309
27.64, 1.236, -4.296
27.65, 1.235, -5.122
27.66, 1.234, -4.114
27.67, 1.233, -7.426
27.68, 1.232, -3.789
27.69, 1.231, -5.091
27.70, 1.230, -3.978
27.71, 1.229, -4.599
27.72, 1.228, -3.740
27.73, 1.227, -6.461
27.74, 1.226, -4.922
27.75, 1.225, -6.994
27.76, 1.224, -3.725
27.77, 1.223, -5.295
27.78, 1.222, -2.733
27.79, 1.221, -4.260
27.80, 1.220, -2.955
27.81, 1.219, -4.914
27.82, 1.218, -2.514
27.83, 1.217, -6.628
27.84, 1.216, -3.518
27.85, 1.215, -6.697
27.86, 1.214, -2.680
27.87, 1.213, -3.859
27.88, 1.212, -2.932
27.89, 1.211, -6.084
27.90, 1.210, -1.846
27.91, 1.209, -5.123
27.92, 1.208, -3.973
27.93, 1.207, -5.762
27.94, 1.206, -2.631
27.95, 1.205, -5.646
27.96, 1.204, -2.775
27.97, 1.203, -5.372
27.98, 1.202, -3.593
27.99, 1.201, -5.299
28.00, 1.200, -3.888
28.01, 1.199, -6.284
28.02, 1.198, -4.591
28.03, 1.197, -4.554
28.04, 1.196, -3.487
28.05, 1.195, -6.060
28.06, 1.194, -5.737
28.07, 1.193, -6.535
28.08, 1.192, -7.663
28.09, 1.191, -6.565
28.10, 1.190, -5.698
28.11, 1.189, -6.417
28.12, 1.188, -7.447
28.13, 1.187, -4.319
28.14, 1.186, -6.832
28.15, 1.185, -4.114
28.16, 1.184, -6.946
28.17, 1.183, -3.088
28.18, 1.182, -5.646
28.19, 1.181, -5.171
28.20, 1.180, -5.824
28.21, 1.179, -4.434
28.22, 1.178, -6.446
28.23, 1.177, -5.605
28.24, 1.176, -6.957
28.25, 1.175, -3.555
28.26, 1.174, -5.868
28.27, 1.173, -6.228
28.28, 1.172, -7.540
28.29, 1.171, -3.635
28.30, 1.170, -6.822
28.31, 1.169, -4.706
28.32, 1.168, -2.772
28.33, 1.167, -2.462
28.34, 1.166, -6.943
28.35, 1.165, -3.478
28.36, 1.164, -6.060
28.37, 1.163, -4.336
28.38, 1.162, -5.225
28.39, 1.161, -5.169
28.40, 1.160, -7.509
28.41, 1.159, -5.254
28.42, 1.158, -4.655
28.43, 1.157, -5.721
28.44, 1.156, -6.119
28.45, 1.155, -5.382
28.46, 1.154, -8.967
28.47, 1.153, -5.268
28.48, 1.152, -8.367
28.49, 1.151, -4.770
28.50, 1.150, -7.170
28.51, 1.149, -4.953
28.52, 1.148, -6.599
28.53, 1.147, -7.680
28.54, 1.146, -6.337
28.55, 1.145, -5.507
28.56, 1.144, -7.650
28.57, 1.143, -4.548
28.58, 1.142, -6.585
28.59, 1.141, -1.760
28.60, 1.140, -7.453
28.61, 1.139, -6.092
28.62, 1.138, -7.688
28.63, 1.137, -2.492
28.64, 1.136, -7.201
28.65, 1.135, -5.020
28.66, 1.134, -4.843
28.67, 1.133, -3.695
28.68, 1.132, -7.338
28.69, 1.131, -3.398
28.70, 1.130, -5.649
28.71, 1.129, -4.628
28.72, 1.128, -7.264
28.73, 1.127, -4.233
28.74, 1.126, -4.954
28.75, 1.125, -4.554
28.76, 1.124, -6.757
28.77, 1.123, -4.916
28.78, 1.122, -5.473
28.79, 1.121, -3.851
28.80, 1.120, -6.943
28.81, 1.119, -3.441
28.82, 1.118, -4.553
28.83, 1.117, -5.192
28.84, 1.116, -7.473
28.85, 1.115, -6.209
28.86, 1.114, -4.550
28.87, 1.113, -6.175
28.88, 1.112, -7.398
28.89, 1.111, -6.564
28.90, 1.110, -5.580
28.91, 1.109, -5.595
28.92, 1.108, -7.371
28.93, 1.107, -5.918
28.94, 1.106, -6.072
28.95, 1.105, -5.021
28.96, 1.104, -8.489
28.97, 1.103, -4.680
28.98, 1.102, -5.463
28.99, 1.101, -5.666
29.00, 1.100, -7.139
29.01, 1.099, -5.443
29.02, 1.098, -5.189
29.03, 1.097, -6.656
29.04, 1.096, -7.822
29.05, 1.095, -4.467
29.06, 1.094, -6.661
29.07, 1.093, -4.718
29.08, 1.092, -6.319
29.09, 1.091, -5.965
29.10, 1.090, -6.254
29.11, 1.089, -5.591
29.12, 1.088, -8.535
29.13, 1.087, -5.137
29.14, 1.086, -5.438
29.15, 1.085, -4.787
29.16, 1.084, -8.213
29.17, 1.083, -5.642
29.18, 1.082, -4.785
29.19, 1.081, -5.283
29.20, 1.080, -7.556
29.21, 1.079, -3.362
29.22, 1.078, -4.792
29.23, 1.077, -4.203
29.24, 1.076, -5.885
29.25, 1.075, -2.792
29.26, 1.074, -3.873
29.27, 1.073, -4.496
29.28, 1.072, -6.263
29.29, 1.071, -5.996
29.30, 1.070, -5.045
29.31, 1.069, -7.328
29.32, 1.068, -9.052
29.33, 1.067, -6.375
29.34, 1.066, -5.752
29.35, 1.065, -6.347
29.36, 1.064, -7.996
29.37, 1.063, -7.035
29.38, 1.062, -5.082
29.39, 1.061, -6.879
29.40, 1.060, -8.337
29.41, 1.059, -4.269
29.42, 1.058, -6.856
29.43, 1.057, -6.620
29.44, 1.056, -5.120
29.45, 1.055, -6.774
29.46, 1.054, -6.668
29.47, 1.053, -4.488
29.48, 1.052, -6.265
29.49, 1.051, -4.891
29.50, 1.050, -4.415
29.51, 1.049, -5.559
29.52, 1.048, -6.722
29.53, 1.047, -6.125
29.54, 1.046, -5.578
29.55, 1.045, -6.080
29.56, 1.044, -3.222
29.57, 1.043, -3.759
29.58, 1.042, -4.321
29.59, 1.041, -5.796
29.60, 1.040, -5.513
29.61, 1.039, -4.502
29.62, 1.038, -6.780
29.63, 1.037, -5.840
29.64, 1.036, -5.924
29.65, 1.035, -6.565
29.66, 1.034, -2.481
29.67, 1.033, -5.403
29.68, 1.032, -3.660
29.69, 1.031, -7.516
29.70, 1.030, -5.190
29.71, 1.029, -3.791
29.72, 1.028, -4.565
29.73, 1.027, -8.571
29.74, 1.026, -6.051
29.75, 1.025, -6.933
29.76, 1.024, -7.027
29.77, 1.023, -8.602
29.78, 1.022, -7.961
29.79, 1.021, -6.706
29.80, 1.020, -4.937
29.81, 1.019, -9.536
29.82, 1.018, -6.162
29.83, 1.017, -5.916
29.84, 1.016, -4.893
29.85, 1.015, -7.713
29.86, 1.014, -5.366
29.87, 1.013, -6.119
29.88, 1.012, -7.182
29.89, 1.011, -5.784
29.90, 1.010, -6.163
29.91, 1.009, -4.096
29.92, 1.008, -6.426
29.93, 1.007, -5.198
29.94, 1.006, -6.249
29.95, 1.005, -3.117
29.96, 1.004, -7.531
29.97, 1.003, -6.194
29.98, 1.002, -5.515
29.99, 1.001, -4.591
30.00, 1.000, -7.540
30.01, 0.9990, -4.821
30.02, 0.9980, -5.770
30.03, 0.9970, -4.105
30.04, 0.9960, -5.529
30.05, 0.9950, -4.369
30.06, 0.9940, -3.958
30.07, 0.9930, -4.323
30.08, 0.9920, -5.779
30.09, 0.9910, -3.684
30.10, 0.9900, -7.481
30.11, 0.9890, -4.421
30.12, 0.9880, -8.100
30.13, 0.9870, -5.463
30.14, 0.9860, -7.830
30.15, 0.9850, -5.994
30.16, 0.9840, -9.272
30.17, 0.9830, -6.512
30.18, 0.9820, -7.312
30.19, 0.9810, -7.108
30.20, 0.9800, -9.791
30.21, 0.9790, -4.827
30.22, 0.9780, -6.534
30.23, 0.9770, -6.564
30.24, 0.9760, -7.323
30.25, 0.9750, -5.460
30.26, 0.9740, -6.699
30.27, 0.9730, -6.912
30.28, 0.9720, -6.633
30.29, 0.9710, -4.943
30.30, 0.9700, -5.174
30.31, 0.9690, -6.026
30.32, 0.9680, -7.002
30.33, 0.9670, -3.972
30.34, 0.9660, -5.988
30.35, 0.9650, -5.049
30.36, 0.9640, -4.386
30.37, 0.9630, -6.267
30.38, 0.9620, -3.556
30.39, 0.9610, -6.326
30.40, 0.9600, -4.814
30.41, 0.9590, -6.205
30.42, 0.9580, -5.817
30.43, 0.9570, -4.969
30.44, 0.9560, -4.226
30.45, 0.9550, -7.283
30.46, 0.9540, -5.537
30.47, 0.9530, -6.403
30.48, 0.9520, -6.539
30.49, 0.9510, -8.398
30.50, 0.9500, -5.654
30.51, 0.9490, -5.777
30.52, 0.9480, -6.303
30.53, 0.9470, -6.746
30.54, 0.9460, -5.495
30.55, 0.9450, -5.711
30.56, 0.9440, -6.709
30.57, 0.9430, -7.085
30.58, 0.9420, -7.801
30.59, 0.9410, -7.300
30.60, 0.9400, -7.173
30.61, 0.9390, -7.614
30.62, 0.9380, -7.476
30.63, 0.9370, -5.865
30.64, 0.9360, -9.013
30.65, 0.9350, -5.975
30.66, 0.9340, -6.062
30.67, 0.9330, -6.313
30.68, 0.9320, -8.089
30.69, 0.9310, -6.124
30.70, 0.9300, -7.184
30.71, 0.9290, -4.414
30.72, 0.9280, -8.068
30.73, 0.9270, -6.111
30.74, 0.9260, -8.403
30.75, 0.9250, -4.828
30.76, 0.9240, -6.701
30.77, 0.9230, -6.141
30.78, 0.9220, -7.157
30.79, 0.9210, -5.545
30.80, 0.9200, -6.888
30.81, 0.9190, -5.375
30.82, 0.9180, -5.860
30.83, 0.9170, -6.377
30.84, 0.9160, -5.858
30.85, 0.9150, -6.742
30.86, 0.9140, -6.641
30.87, 0.9130, -6.679
30.88, 0.9120, -6.945
30.89, 0.9110, -7.157
30.90, 0.9100, -4.273
30.91, 0.9090, -7.236
30.92, 0.9080, -4.257
30.93, 0.9070, -6.524
30.94, 0.9060, -2.913
30.95, 0.9050, -7.769
30.96, 0.9040, -6.304
30.97, 0.9030, -6.841
30.98, 0.9020, -6.276
30.99, 0.9010, -6.405
31.00, 0.9000, -6.340
31.01, 0.8990, -8.279
31.02, 0.8980, -5.772
31.03, 0.8970, -6.256
31.04, 0.8960, -6.170
31.05, 0.8950, -9.467
31.06, 0.8940, -7.273
31.07, 0.8930, -5.918
31.08, 0.8920, -7.558
31.09, 0.8910, -5.081
31.10, 0.8900, -5.932
31.11, 0.8890, -5.000
31.12, 0.8880, -6.998
31.13, 0.8870, -5.203
31.14, 0.8860, -9.553
31.15, 0.8850, -6.554
31.16, 0.8840, -7.143
31.17, 0.8830, -6.054
31.18, 0.8820, -7.061
31.19, 0.8810, -3.419
31.20, 0.8800, -6.140
31.21, 0.8790, -3.605
31.22, 0.8780, -7.402
31.23, 0.8770, -6.358
31.24, 0.8760, -6.438
31.25, 0.8750, -5.047
31.26, 0.8740, -3.404
31.27, 0.8730, -8.449
31.28, 0.8720, -5.949
31.29, 0.8710, -6.980
31.30, 0.8700, -5.008
31.31, 0.8690, -6.658
31.32, 0.8680, -6.569
31.33, 0.8670, -6.689
31.34, 0.8660, -4.776
31.35, 0.8650, -6.119
31.36, 0.8640, -7.634
31.37, 0.8630, -4.926
31.38, 0.8620, -4.169
31.39, 0.8610, -7.388
31.40, 0.8600, -6.974
31.41, 0.8590, -5.141
31.42, 0.8580, -7.584
31.43, 0.8570, -9.092
31.44, 0.8560, -7.172
31.45, 0.8550, -6.937
31.46, 0.8540, -9.530
31.47, 0.8530, -7.194
31.48, 0.8520, -7.314
31.49, 0.8510, -7.153
31.50, 0.8500, -6.016
31.51, 0.8490, -5.994
31.52, 0.8480, -7.951
31.53, 0.8470, -6.148
31.54, 0.8460, -6.467
31.55, 0.8450, -4.651
31.56, 0.8440, -6.426
31.57, 0.8430, -6.825
31.58, 0.8420, -6.533
31.59, 0.8410, -7.433
31.60, 0.8400, -3.461
31.61, 0.8390, -7.803
31.62, 0.8380, -4.715
31.63, 0.8370, -7.282
31.64, 0.8360, -6.001
31.65, 0.8350, -9.034
31.66, 0.8340, -4.635
31.67, 0.8330, -5.919
31.68, 0.8320, -7.086
31.69, 0.8310, -7.917
31.70, 0.8300, -6.690
31.71, 0.8290, -6.977
31.72, 0.8280, -6.312
31.73, 0.8270, -6.355
31.74, 0.8260, -6.474
31.75, 0.8250, -5.141
31.76, 0.8240, -3.522
31.77, 0.8230, -5.955
31.78, 0.8220, -6.927
31.79, 0.8210, -5.892
31.80, 0.8200, -7.495
31.81, 0.8190, -3.993
31.82, 0.8180, -8.193
31.83, 0.8170, -7.908
31.84, 0.8160, -8.003
31.85, 0.8150, -8.189
31.86, 0.8140, -8.523
31.87, 0.8130, -3.504
31.88, 0.8120, -7.530
31.89, 0.8110, -8.236
31.90, 0.8100, -6.631
31.91, 0.8090, -6.517
31.92, 0.8080, -5.066
31.93, 0.8070, -8.113
31.94, 0.8060, -5.099
31.95, 0.8050, -7.498
31.96, 0.8040, -5.384
31.97, 0.8030, -7.288
31.98, 0.8020, -6.230
31.99, 0.8010, -5.510
32.00, 0.8000, -7.752
32.01, 0.7990, -7.170
32.02, 0.7980, -5.331
32.03, 0.7970, -7.288
32.04, 0.7960, -7.076
32.05, 0.7950, -7.352
32.06, 0.7940, -4.962
32.07, 0.7930, -6.523
32.08, 0.7920, -6.747
32.09, 0.7910, -6.456
32.10, 0.7900, -5.740
32.11, 0.7890, -5.681
32.12, 0.7880, -10.17
32.13, 0.7870, -4.550
32.14, 0.7860, -6.521
32.15, 0.7850, -6.218
32.16, 0.7840, -7.136
32.17, 0.7830, -5.399
32.18, 0.7820, -8.780
32.19, 0.7810, -6.158
32.20, 0.7800, -7.659
32.21, 0.7790, -5.336
32.22, 0.7780, -9.245
32.23, 0.7770, -5.806
32.24, 0.7760, -7.828
32.25, 0.7750, -7.127
32.26, 0.7740, -8.540
32.27, 0.7730, -5.370
32.28, 0.7720, -9.415
32.29, 0.7710, -7.736
32.30, 0.7700, -7.932
32.31, 0.7690, -7.418
32.32, 0.7680, -7.307
32.33, 0.7670, -7.797
32.34, 0.7660, -5.569
32.35, 0.7650, -9.139
32.36, 0.7640, -4.947
32.37, 0.7630, -8.360
32.38, 0.7620, -4.892
32.39, 0.7610, -8.148
32.40, 0.7600, -6.798
32.41, 0.7590, -8.314
32.42, 0.7580, -6.027
32.43, 0.7570, -9.368
32.44, 0.7560, -6.165
32.45, 0.7550, -8.177
32.46, 0.7540, -5.529
32.47, 0.7530, -6.974
32.48, 0.7520, -6.745
32.49, 0.7510, -9.297
32.50, 0.7500, -6.628
32.51, 0.7490, -6.589
32.52, 0.7480, -4.691
32.53, 0.7470, -9.562
32.54, 0.7460, -5.090
32.55, 0.7450, -7.300
32.56, 0.7440, -6.884
32.57, 0.7430, -8.009
32.58, 0.7420, -4.806
32.59, 0.7410, -6.926
32.60, 0.7400, -7.051
32.61, 0.7390, -6.248
32.62, 0.7380, -6.193
32.63, 0.7370, -5.854
32.64, 0.7360, -6.474
32.65, 0.7350, -7.393
32.66, 0.7340, -7.469
32.67, 0.7330, -6.546
32.68, 0.7320, -9.117
32.69, 0.7310, -8.914
32.70, 0.7300, -7.889
32.71, 0.7290, -6.544
32.72, 0.7280, -7.977
32.73, 0.7270, -6.158
32.74, 0.7260, -7.905
32.75, 0.7250, -8.613
32.76, 0.7240, -7.936
32.77, 0.7230, -7.866
32.78, 0.7220, -7.268
32.79, 0.7210, -6.733
32.80, 0.7200, -9.460
32.81, 0.7190, -6.128
32.82, 0.7180, -7.030
32.83, 0.7170, -6.962
32.84, 0.7160, -8.108
32.85, 0.7150, -6.989
32.86, 0.7140, -6.723
32.87, 0.7130, -6.141
32.88, 0.7120, -6.264
32.89, 0.7110, -6.203
32.90, 0.7100, -8.013
32.91, 0.7090, -7.794
32.92, 0.7080, -6.920
32.93, 0.7070, -8.445
32.94, 0.7060, -5.822
32.95, 0.7050, -6.211
32.96, 0.7040, -6.631
32.97, 0.7030, -7.879
32.98, 0.7020, -6.462
32.99, 0.7010, -8.884
33.00, 0.7000, -5.413
33.01, 0.6990, -5.771
33.02, 0.6980, -6.072
33.03, 0.6970, -8.332
33.04, 0.6960, -5.953
33.05, 0.6950, -8.525
33.06, 0.6940, -5.472
33.07, 0.6930, -7.398
33.08, 0.6920, -8.830
33.09, 0.6910, -7.450
33.10, 0.6900, -7.573
33.11, 0.6890, -9.203
33.12, 0.6880, -5.467
33.13, 0.6870, -8.834
33.14, 0.6860, -8.106
33.15, 0.6850, -10.72
33.16, 0.6840, -8.154
33.17, 0.6830, -8.496
33.18, 0.6820, -6.471
33.19, 0.6810, -9.148
33.20, 0.6800, -8.697
33.21, 0.6790, -6.871
33.22, 0.6780, -8.642
33.23, 0.6770, -8.157
33.24, 0.6760, -7.358
33.25, 0.6750, -8.128
33.26, 0.6740, -5.836
33.27, 0.6730, -7.620
33.28, 0.6720, -6.553
33.29, 0.6710, -7.892
33.30, 0.6700, -4.509
33.31, 0.6690, -6.284
33.32, 0.6680, -6.653
33.33, 0.6670, -8.779
33.34, 0.6660, -7.839
33.35, 0.6650, -6.902
33.36, 0.6640, -6.549
33.37, 0.6630, -9.354
33.38, 0.6620, -6.818
33.39, 0.6610, -7.501
33.40, 0.6600, -7.017
33.41, 0.6590, -7.691
33.42, 0.6580, -8.913
33.43, 0.6570, -8.343
33.44, 0.6560, -7.541
33.45, 0.6550, -6.678
33.46, 0.6540, -6.975
33.47, 0.6530, -5.354
33.48, 0.6520, -7.391
33.49, 0.6510, -7.442
33.50, 0.6500, -9.625
33.51, 0.6490, -6.810
33.52, 0.6480, -9.601
33.53, 0.6470, -6.400
33.54, 0.6460, -10.66
33.55, 0.6450, -6.000
33.56, 0.6440, -8.919
33.57, 0.6430, -7.409
33.58, 0.6420, -10.00
33.59, 0.6410, -6.773
33.60, 0.6400, -7.059
33.61, 0.6390, -6.956
33.62, 0.6380, -7.238
33.63, 0.6370, -7.504
33.64, 0.6360, -7.132
33.65, 0.6350, -6.811
33.66, 0.6340, -7.283
33.67, 0.6330, -6.757
33.68, 0.6320, -9.676
33.69, 0.6310, -8.128
33.70, 0.6300, -9.675
33.71, 0.6290, -5.773
33.72, 0.6280, -8.182
33.73, 0.6270, -8.018
33.74, 0.6260, -9.642
33.75, 0.6250, -4.772
33.76, 0.6240, -8.165
33.77, 0.6230, -7.401
33.78, 0.6220, -8.112
33.79, 0.6210, -6.666
33.80, 0.6200, -7.415
33.81, 0.6190, -7.537
33.82, 0.6180, -9.051
33.83, 0.6170, -6.976
33.84, 0.6160, -3.802
33.85, 0.6150, -7.296
33.86, 0.6140, -8.904
33.87, 0.6130, -5.193
33.88, 0.6120, -8.014
33.89, 0.6110, -8.039
33.90, 0.6100, -8.563
33.91, 0.6090, -7.318
33.92, 0.6080, -7.472
33.93, 0.6070, -7.586
33.94, 0.6060, -12.30
33.95, 0.6050, -9.269
33.96, 0.6040, -8.537
33.97, 0.6030, -9.986
33.98, 0.6020, -8.555
33.99, 0.6010, -9.710
34.00, 0.6000, -7.321
34.01, 0.5990, -6.274
34.02, 0.5980, -8.026
34.03, 0.5970, -7.292
34.04, 0.5960, -9.024
34.05, 0.5950, -9.098
34.06, 0.5940, -4.255
34.07, 0.5930, -8.315
34.08, 0.5920, -6.752
34.09, 0.5910, -8.858
34.10, 0.5900, -7.042
34.11, 0.5890, -9.170
34.12, 0.5880, -6.192
34.13, 0.5870, -10.62
34.14, 0.5860, -7.133
34.15, 0.5850, -7.576
34.16, 0.5840, -7.274
34.17, 0.5830, -8.684
34.18, 0.5820, -8.174
34.19, 0.5810, -8.412
34.20, 0.5800, -5.301
34.21, 0.5790, -8.138
34.22, 0.5780, -8.146
34.23, 0.5770, -7.814
34.24, 0.5760, -9.042
34.25, 0.5750, -8.908
34.26, 0.5740, -9.402
34.27, 0.5730, -8.071
34.28, 0.5720, -7.307
34.29, 0.5710, -6.230
34.30, 0.5700, -7.350
34.31, 0.5690, -7.017
34.32, 0.5680, -10.67
34.33, 0.5670, -6.162
34.34, 0.5660, -10.01
34.35, 0.5650, -9.250
34.36, 0.5640, -11.14
34.37, 0.5630, -8.742
34.38, 0.5620, -9.307
34.39, 0.5610, -8.808
34.40, 0.5600, -10.09
34.41, 0.5590, -9.160
34.42, 0.5580, -9.762
34.43, 0.5570, -8.667
34.44, 0.5560, -8.663
34.45, 0.5550, -7.770
34.46, 0.5540, -7.486
34.47, 0.5530, -7.979
34.48, 0.5520, -5.919
34.49, 0.5510, -8.747
34.50, 0.5500, -8.706
34.51, 0.5490, -10.01
34.52, 0.5480, -6.499
34.53, 0.5470, -9.125
34.54, 0.5460, -7.612
34.55, 0.5450, -9.505
34.56, 0.5440, -8.979
34.57, 0.5430, -9.051
34.58, 0.5420, -10.65
34.59, 0.5410, -9.525
34.60, 0.5400, -7.275
34.61, 0.5390, -11.05
34.62, 0.5380, -7.861
34.63, 0.5370, -6.300
34.64, 0.5360, -7.606
34.65, 0.5350, -7.883
34.66, 0.5340, -7.834
34.67, 0.5330, -7.405
34.68, 0.5320, -9.329
34.69, 0.5310, -7.714
34.70, 0.5300, -7.815
34.71, 0.5290, -7.813
34.72, 0.5280, -8.325
34.73, 0.5270, -6.921
34.74, 0.5260, -8.275
34.75, 0.5250, -8.166
34.76, 0.5240, -8.756
34.77, 0.5230, -8.397
34.78, 0.5220, -9.551
34.79, 0.5210, -11.36
34.80, 0.5200, -9.811
34.81, 0.5190, -8.439
34.82, 0.5180, -11.83
34.83, 0.5170, -8.454
34.84, 0.5160, -11.10
34.85, 0.5150, -7.548
34.86, 0.5140, -9.623
34.87, 0.5130, -6.925
34.88, 0.5120, -11.17
34.89, 0.5110, -8.799
34.90, 0.5100, -9.955
34.91, 0.5090, -9.327
34.92, 0.5080, -10.83
34.93, 0.5070, -7.860
34.94, 0.5060, -8.947
34.95, 0.5050, -7.221
34.96, 0.5040, -9.254
34.97, 0.5030, -8.591
34.98, 0.5020, -9.012
34.99, 0.5010, -6.241
35.00, 0.5000, -10.10
35.01, 0.4990, -5.301
35.02, 0.4980, -8.896
35.03, 0.4970, -6.877
35.04, 0.4960, -9.437
35.05, 0.4950, -8.831
35.06, 0.4940, -8.916
35.07, 0.4930, -7.765
35.08, 0.4920, -10.05
35.09, 0.4910, -8.425
35.10, 0.4900, -8.383
35.11, 0.4890, -8.297
35.12, 0.4880, -8.348
35.13, 0.4870, -8.049
35.14, 0.4860, -8.737
35.15, 0.4850, -8.143
35.16, 0.4840, -8.482
35.17, 0.4830, -8.828
35.18, 0.4820, -10.41
35.19, 0.4810, -9.542
35.20, 0.4800, -8.383
35.21, 0.4790, -10.15
35.22, 0.4780, -9.593
35.23, 0.4770, -9.517
35.24, 0.4760, -8.099
35.25, 0.4750, -9.658
35.26, 0.4740, -8.794
35.27, 0.4730, -10.90
35.28, 0.4720, -7.187
35.29, 0.4710, -9.799
35.30, 0.4700, -7.424
35.31, 0.4690, -9.972
35.32, 0.4680, -8.042
35.33, 0.4670, -10.22
35.34, 0.4660, -7.419
35.35, 0.4650, -9.184
35.36, 0.4640, -6.906
35.37, 0.4630, -10.79
35.38, 0.4620, -8.693
35.39, 0.4610, -9.940
35.40, 0.4600, -7.955
35.41, 0.4590, -8.276
35.42, 0.4580, -9.130
35.43, 0.4570, -7.605
35.44, 0.4560, -9.491
35.45, 0.4550, -10.83
35.46, 0.4540, -9.214
35.47, 0.4530, -8.961
35.48, 0.4520, -8.951
35.49, 0.4510, -8.166
35.50, 0.4500, -8.760
35.51, 0.4490, -8.592
35.52, 0.4480, -8.856
35.53, 0.4470, -9.323
35.54, 0.4460, -9.120
35.55, 0.4450, -8.108
35.56, 0.4440, -8.927
35.57, 0.4430, -9.393
35.58, 0.4420, -9.515
35.59, 0.4410, -7.934
35.60, 0.4400, -10.54
35.61, 0.4390, -8.207
35.62, 0.4380, -11.14
35.63, 0.4370, -9.463
35.64, 0.4360, -11.36
35.65, 0.4350, -10.17
35.66, 0.4340, -10.50
35.67, 0.4330, -9.119
35.68, 0.4320, -9.207
35.69, 0.4310, -7.338
35.70, 0.4300, -10.82
35.71, 0.4290, -9.334
35.72, 0.4280, -9.244
35.73, 0.4270, -6.915
35.74, 0.4260, -9.384
35.75, 0.4250, -9.092
35.76, 0.4240, -8.791
35.77, 0.4230, -8.494
35.78, 0.4220, -10.86
35.79, 0.4210, -10.26
35.80, 0.4200, -8.085
35.81, 0.4190, -9.723
35.82, 0.4180, -8.685
35.83, 0.4170, -10.51
35.84, 0.4160, -9.374
35.85, 0.4150, -9.556
35.86, 0.4140, -8.858
35.87, 0.4130, -9.193
35.88, 0.4120, -8.848
35.89, 0.4110, -8.339
35.90, 0.4100, -10.62
35.91, 0.4090, -9.745
35.92, 0.4080, -9.285
35.93, 0.4070, -7.188
35.94, 0.4060, -9.988
35.95, 0.4050, -8.975
35.96, 0.4040, -9.852
35.97, 0.4030, -8.734
35.98, 0.4020, -9.167
35.99, 0.4010, -8.450
36.00, 0.4000, -10.66
36.01, 0.3990, -9.300
36.02, 0.3980, -10.29
36.03, 0.3970, -9.469
36.04, 0.3960, -10.42
36.05, 0.3950, -8.220
36.06, 0.3940, -9.841
36.07, 0.3930, -10.59
36.08, 0.3920, -8.011
36.09, 0.3910, -9.087
36.10, 0.3900, -8.259
36.11, 0.3890, -9.627
36.12, 0.3880, -8.220
36.13, 0.3870, -8.853
36.14, 0.3860, -10.93
36.15, 0.3850, -8.801
36.16, 0.3840, -10.53
36.17, 0.3830, -9.060
36.18, 0.3820, -10.91
36.19, 0.3810, -9.701
36.20, 0.3800, -11.24
36.21, 0.3790, -10.34
36.22, 0.3780, -10.03
36.23, 0.3770, -10.34
36.24, 0.3760, -9.398
36.25, 0.3750, -9.401
36.26, 0.3740, -8.727
36.27, 0.3730, -10.06
36.28, 0.3720, -9.445
36.29, 0.3710, -10.68
36.30, 0.3700, -9.991
36.31, 0.3690, -10.72
36.32, 0.3680, -12.05
36.33, 0.3670, -7.571
36.34, 0.3660, -6.127
36.35, 0.3650, -11.86
36.36, 0.3640, -9.473
36.37, 0.3630, -8.372
36.38, 0.3620, -9.523
36.39, 0.3610, -9.204
36.40, 0.3600, -9.830
36.41, 0.3590, -7.424
36.42, 0.3580, -11.07
36.43, 0.3570, -7.371
36.44, 0.3560, -11.01
36.45, 0.3550, -8.629
36.46, 0.3540, -13.19
36.47, 0.3530, -9.274
36.48, 0.3520, -11.19
36.49, 0.3510, -10.39
36.50, 0.3500, -9.860
36.51, 0.3490, -9.926
36.52, 0.3480, -12.04
36.53, 0.3470, -10.48
36.54, 0.3460, -10.40
36.55, 0.3450, -8.997
36.56, 0.3440, -11.29
36.57, 0.3430, -10.97
36.58, 0.3420, -11.38
36.59, 0.3410, -10.56
36.60, 0.3400, -10.58
36.61, 0.3390, -9.475
36.62, 0.3380, -11.41
36.63, 0.3370, -10.06
36.64, 0.3360, -11.67
36.65, 0.3350, -8.842
36.66, 0.3340, -8.378
36.67, 0.3330, -10.86
36.68, 0.3320, -9.908
36.69, 0.3310, -9.129
36.70, 0.3300, -8.689
36.71, 0.3290, -10.53
36.72, 0.3280, -8.269
36.73, 0.3270, -9.936
36.74, 0.3260, -8.894
36.75, 0.3250, -10.52
36.76, 0.3240, -9.081
36.77, 0.3230, -9.423
36.78, 0.3220, -10.31
36.79, 0.3210, -11.21
36.80, 0.3200, -9.467
36.81, 0.3190, -9.998
36.82, 0.3180, -9.982
36.83, 0.3170, -9.371
36.84, 0.3160, -11.28
36.85, 0.3150, -11.13
36.86, 0.3140, -11.10
36.87, 0.3130, -11.05
36.88, 0.3120, -9.329
36.89, 0.3110, -11.02
36.90, 0.3100, -12.28
36.91, 0.3090, -10.65
36.92, 0.3080, -11.22
36.93, 0.3070, -10.29
36.94, 0.3060, -12.28
36.95, 0.3050, -10.55
36.96, 0.3040, -12.06
36.97, 0.3030, -11.09
36.98, 0.3020, -12.97
36.99, 0.3010, -9.617
37.00, 0.3000, -9.828
37.01, 0.2990, -9.982
37.02, 0.2980, -11.59
37.03, 0.2970, -11.29
37.04, 0.2960, -11.66
37.05, 0.2950, -10.69
37.06, 0.2940, -9.799
37.07, 0.2930, -10.69
37.08, 0.2920, -11.08
37.09, 0.2910, -11.06
37.10, 0.2900, -7.602
37.11, 0.2890, -9.151
37.12, 0.2880, -7.862
37.13, 0.2870, -9.640
37.14, 0.2860, -10.30
37.15, 0.2850, -11.65
37.16, 0.2840, -10.14
37.17, 0.2830, -10.61
37.18, 0.2820, -9.364
37.19, 0.2810, -8.917
37.20, 0.2800, -11.09
37.21, 0.2790, -11.19
37.22, 0.2780, -7.561
37.23, 0.2770, -12.63
37.24, 0.2760, -9.900
37.25, 0.2750, -12.53
37.26, 0.2740, -9.988
37.27, 0.2730, -10.84
37.28, 0.2720, -10.02
37.29, 0.2710, -12.35
37.30, 0.2700, -11.54
37.31, 0.2690, -11.89
37.32, 0.2680, -10.13
37.33, 0.2670, -13.93
37.34, 0.2660, -11.43
37.35, 0.2650, -13.18
37.36, 0.2640, -12.25
37.37, 0.2630, -11.09
37.38, 0.2620, -11.89
37.39, 0.2610, -11.57
37.40, 0.2600, -10.79
37.41, 0.2590, -9.902
37.42, 0.2580, -10.01
37.43, 0.2570, -11.64
37.44, 0.2560, -11.93
37.45, 0.2550, -10.54
37.46, 0.2540, -11.85
37.47, 0.2530, -10.61
37.48, 0.2520, -10.13
37.49, 0.2510, -10.15
37.50, 0.2500, -11.42
37.51, 0.2490, -10.62
37.52, 0.2480, -10.99
37.53, 0.2470, -8.852
37.54, 0.2460, -11.67
37.55, 0.2450, -10.46
37.56, 0.2440, -9.659
37.57, 0.2430, -10.75
37.58, 0.2420, -9.951
37.59, 0.2410, -10.99
37.60, 0.2400, -10.82
37.61, 0.2390, -11.25
37.62, 0.2380, -9.604
37.63, 0.2370, -9.524
37.64, 0.2360, -11.93
37.65, 0.2350, -11.13
37.66, 0.2340, -9.908
37.67, 0.2330, -10.40
37.68, 0.2320, -8.504
37.69, 0.2310, -11.45
37.70, 0.2300, -11.04
37.71, 0.2290, -11.94
37.72, 0.2280, -10.13
37.73, 0.2270, -11.60
37.74, 0.2260, -12.15
37.75, 0.2250, -13.05
37.76, 0.2240, -12.84
37.77, 0.2230, -13.61
37.78, 0.2220, -11.84
37.79, 0.2210, -11.56
37.80, 0.2200, -12.64
37.81, 0.2190, -12.22
37.82, 0.2180, -12.29
37.83, 0.2170, -10.11
37.84, 0.2160, -12.18
37.85, 0.2150, -10.07
37.86, 0.2140, -12.59
37.87, 0.2130, -11.02
37.88, 0.2120, -11.64
37.89, 0.2110, -9.493
37.90, 0.2100, -10.82
37.91, 0.2090, -10.89
37.92, 0.2080, -12.77
37.93, 0.2070, -10.75
37.94, 0.2060, -12.44
37.95, 0.2050, -12.38
37.96, 0.2040, -12.85
37.97, 0.2030, -10.55
37.98, 0.2020, -12.83
37.99, 0.2010, -11.80
38.00, 0.2000, -11.82
38.01, 0.1990, -9.015
38.02, 0.1980, -10.36
38.03, 0.1970, -12.73
38.04, 0.1960, -11.67
38.05, 0.1950, -11.40
38.06, 0.1940, -11.49
38.07, 0.1930, -12.91
38.08, 0.1920, -9.387
38.09, 0.1910, -12.48
38.10, 0.1900, -11.58
38.11, 0.1890, -13.52
38.12, 0.1880, -10.45
38.13, 0.1870, -13.01
38.14, 0.1860, -11.77
38.15, 0.1850, -13.00
38.16, 0.1840, -12.33
38.17, 0.1830, -14.07
38.18, 0.1820, -12.78
38.19, 0.1810, -14.59
38.20, 0.1800, -11.50
38.21, 0.1790, -13.35
38.22, 0.1780, -9.866
38.23, 0.1770, -13.32
38.24, 0.1760, -11.87
38.25, 0.1750, -11.96
38.26, 0.1740, -12.78
38.27, 0.1730, -12.56
38.28, 0.1720, -11.83
38.29, 0.1710, -12.11
38.30, 0.1700, -12.44
38.31, 0.1690, -11.48
38.32, 0.1680, -12.48
38.33, 0.1670, -13.46
38.34, 0.1660, -12.51
38.35, 0.1650, -12.72
38.36, 0.1640, -12.64
38.37, 0.1630, -13.21
38.38, 0.1620, -11.76
38.39, 0.1610, -13.37
38.40, 0.1600, -11.95
38.41, 0.1590, -13.69
38.42, 0.1580, -11.00
38.43, 0.1570, -12.91
38.44, 0.1560, -11.69
38.45, 0.1550, -10.95
38.46, 0.1540, -11.20
38.47, 0.1530, -13.48
38.48, 0.1520, -11.37
38.49, 0.1510, -11.82
38.50, 0.1500, -11.69
38.51, 0.1490, -13.80
38.52, 0.1480, -10.28
38.53, 0.1470, -12.17
38.54, 0.1460, -13.30
38.55, 0.1450, -13.17
38.56, 0.1440, -13.93
38.57, 0.1430, -14.15
38.58, 0.1420, -13.52
38.59, 0.1410, -12.82
38.60, 0.1400, -15.25
38.61, 0.1390, -14.94
38.62, 0.1380, -12.03
38.63, 0.1370, -13.98
38.64, 0.1360, -13.57
38.65, 0.1350, -13.53
38.66, 0.1340, -12.14
38.67, 0.1330, -14.73
38.68, 0.1320, -12.77
38.69, 0.1310, -14.12
38.70, 0.1300, -11.68
38.71, 0.1290, -13.57
38.72, 0.1280, -13.37
38.73, 0.1270, -11.61
38.74, 0.1260, -13.52
38.75, 0.1250, -13.52
38.76, 0.1240, -13.61
38.77, 0.1230, -12.05
38.78, 0.1220, -12.28
38.79, 0.1210, -11.49
38.80, 0.1200, -12.25
38.81, 0.1190, -13.17
38.82, 0.1180, -13.37
38.83, 0.1170, -13.02
38.84, 0.1160, -12.78
38.85, 0.1150, -11.83
38.86, 0.1140, -13.65
38.87, 0.1130, -13.61
38.88, 0.1120, -12.19
38.89, 0.1110, -12.97
38.90, 0.1100, -13.42
38.91, 0.1090, -12.77
38.92, 0.1080, -11.59
38.93, 0.1070, -14.72
38.94, 0.1060, -15.51
38.95, 0.1050, -11.92
38.96, 0.1040, -13.55
38.97, 0.1030, -14.43
38.98, 0.1020, -12.92
38.99, 0.1010, -14.14
39.00, 0.1000, -16.10
39.01, 0.09900, -14.23
39.02, 0.09800, -16.22
39.03, 0.09700, -12.80
39.04, 0.09600, -15.42
39.05, 0.09500, -14.05
39.06, 0.09400, -14.09
39.07, 0.09300, -14.80
39.08, 0.09200, -15.32
39.09, 0.09100, -13.71
39.10, 0.09000, -13.24
39.11, 0.08900, -14.68
39.12, 0.08800, -16.53
39.13, 0.08700, -13.25
39.14, 0.08600, -15.67
39.15, 0.08500, -13.17
39.16, 0.08400, -13.17
39.17, 0.08300, -13.20
39.18, 0.08200, -14.89
39.19, 0.08100, -12.60
39.20, 0.08000, -12.50
39.21, 0.07900, -12.88
39.22, 0.07800, -14.95
39.23, 0.07700, -11.06
39.24, 0.07600, -14.28
39.25, 0.07500, -12.98
39.26, 0.07400, -15.21
39.27, 0.07300, -15.05
39.28, 0.07200, -12.19
39.29, 0.07100, -14.01
39.30, 0.07000, -13.60
39.31, 0.06900, -15.20
39.32, 0.06800, -14.91
39.33, 0.06700, -14.58
39.34, 0.06600, -14.27
39.35, 0.06500, -14.92
39.36, 0.06400, -13.37
39.37, 0.06300, -17.07
39.38, 0.06200, -15.43
39.39, 0.06100, -14.04
39.40, 0.06000, -16.48
39.41, 0.05900, -16.28
39.42, 0.05800, -16.03
39.43, 0.05700, -16.24
39.44, 0.05600, -16.82
39.45, 0.05500, -14.63
39.46, 0.05400, -15.97
39.47, 0.05300, -17.85
39.48, 0.05200, -15.67
39.49, 0.05100, -15.50
39.50, 0.05000, -15.31
39.51, 0.04900, -15.38
39.52, 0.04800, -15.57
39.53, 0.04700, -15.75
39.54, 0.04600, -13.66
39.55, 0.04500, -14.18
39.56, 0.04400, -15.28
39.57, 0.04300, -14.11
39.58, 0.04200, -15.61
39.59, 0.04100, -14.66
39.60, 0.04000, -15.29
39.61, 0.03900, -14.41
39.62, 0.03800, -14.72
39.63, 0.03700, -17.38
39.64, 0.03600, -15.77
39.65, 0.03500, -17.89
39.66, 0.03400, -15.91
39.67, 0.03300, -17.07
39.68, 0.03200, -13.69
39.69, 0.03100, -16.64
39.70, 0.03000, -14.87
39.71, 0.02900, -15.64
39.72, 0.02800, -16.56
39.73, 0.02700, -16.09
39.74, 0.02600, -16.23
39.75, 0.02500, -16.23
39.76, 0.02400, -14.41
39.77, 0.02300, -16.48
39.78, 0.02200, -16.91
39.79, 0.02100, -14.15
39.80, 0.02000, -16.62
39.81, 0.01900, -18.30
39.82, 0.01800, -17.78
39.83, 0.01700, -17.28
39.84, 0.01600, -16.69
39.85, 0.01500, -19.07
39.86, 0.01400, -16.81
39.87, 0.01300, -17.51
39.88, 0.01200, -17.85
39.89, 0.01100, -17.07
39.90, 0.01000, -16.43
39.91, 0.009000, -15.29
39.92, 0.008000, -17.30
39.93, 0.007000, -16.33
39.94, 0.006000, -17.73
39.95, 0.005000, -17.40
39.96, 0.004000, -17.14
39.97, 0.003000, -15.06
39.98, 0.002000, -16.96
39.99, 0.001000, -16.44
40.00, 0.000, -16.09
